     ACCEPTANCE:
      0.47525
      0.47059
      0.47573
      0.48077
      0.47619
       0.4717
      0.46729
      0.46296
      0.45872
      0.45455
      0.45045
      0.45536
      0.46018
      0.45614
      0.45217
      0.44828
      0.44444
      0.44068
      0.43697
      0.43333
      0.43802
      0.43443
      0.43089
      0.42742
        0.424
      0.42063
      0.41732
      0.41406
      0.41085
      0.40769
      0.41221
      0.40909
      0.40602
      0.40299
          0.4
      0.39706
      0.40146
       0.4058
      0.41007
      0.40714
      0.40426
      0.40141
       0.3986
      0.39583
       0.3931
      0.39041
      0.39456
      0.39189
      0.39597
      0.39333
      0.39073
      0.39474
      0.39216
      0.38961
      0.39355
      0.39103
      0.38854
      0.38608
      0.38365
      0.38125
      0.38509
      0.38272
       0.3865
      0.38415
      0.38182
      0.37952
      0.38323
      0.38095
       0.3787
      0.38235
      0.38012
      0.37791
      0.37572
      0.37356
      0.37143
      0.36932
      0.37288
      0.37079
      0.36872
      0.36667
      0.36464
      0.36264
      0.36066
      0.36413
      0.36216
      0.36022
      0.36364
      0.36702
      0.36508
      0.36842
      0.36649
      0.36458
      0.36269
      0.36082
      0.35897
      0.35714
      0.36041
      0.35859
      0.35678
        0.355
      0.35323
      0.35149
      0.35468
      0.35784
      0.36098
      0.36408
      0.36715
      0.37019
      0.36842
      0.36667
      0.36493
      0.36792
       0.3662
      0.36449
      0.36279
      0.36574
      0.36406
      0.36697
      0.36986
      0.36818
      0.37104
      0.37387
       0.3722
      0.37054
      0.36889
      0.36726
      0.37004
      0.36842
      0.37118
      0.37391
      0.37229
      0.37069
       0.3691
      0.37179
      0.37447
      0.37712
      0.37975
      0.38235
      0.38494
      0.38333
      0.38174
       0.3843
      0.38683
      0.38525
      0.38367
      0.38211
      0.38057
      0.37903
      0.38153
         0.38
      0.37849
      0.38095
       0.3834
      0.38583
      0.38824
      0.39062
      0.38911
      0.39147
      0.38996
      0.38846
       0.3908
      0.39313
      0.39163
      0.39015
      0.38868
      0.38722
      0.38577
      0.38806
      0.38662
      0.38519
      0.38376
      0.38235
      0.38095
      0.38321
      0.38545
      0.38406
      0.38267
      0.38489
      0.38351
      0.38214
      0.38434
      0.38298
      0.38163
      0.38028
      0.37895
      0.37762
      0.37631
        0.375
       0.3737
      0.37586
      0.37457
      0.37329
      0.37201
      0.37075
      0.37288
        0.375
       0.3771
      0.37919
      0.37793
      0.37667
      0.37542
      0.37748
      0.37624
        0.375
      0.37705
      0.37582
      0.37459
      0.37338
      0.37217
      0.37097
      0.36977
      0.36859
      0.37061
      0.36943
      0.37143
      0.37342
      0.37224
      0.37107
      0.36991
      0.36875
       0.3676
      0.36646
      0.36533
       0.3642
      0.36308
      0.36503
      0.36391
       0.3628
      0.36474
      0.36364
      0.36556
      0.36747
      0.36637
      0.36527
      0.36716
      0.36607
      0.36499
      0.36391
      0.36283
      0.36176
       0.3607
      0.35965
      0.36152
      0.36047
      0.35942
      0.35838
      0.35735
      0.35632
       0.3553
      0.35429
      0.35328
      0.35511
      0.35411
      0.35311
      0.35211
      0.35112
      0.35014
      0.34916
      0.35097
         0.35
      0.34903
      0.34807
      0.34986
       0.3489
      0.34795
      0.34699
      0.34605
      0.34511
      0.34417
      0.34324
      0.34232
       0.3414
      0.34048
      0.33957
      0.33867
      0.33777
      0.33687
      0.33862
      0.33773
      0.33684
      0.33596
       0.3377
      0.33943
      0.33854
      0.34026
      0.34197
      0.34367
      0.34278
      0.34447
      0.34359
      0.34271
      0.34439
      0.34606
      0.34518
       0.3443
      0.34343
      0.34257
      0.34171
      0.34336
        0.345
      0.34663
      0.34577
      0.34739
      0.34901
      0.34815
      0.34975
      0.34889
      0.35049
      0.34963
      0.34878
      0.34793
      0.34951
      0.35109
      0.35266
      0.35181
      0.35096
      0.35012
      0.34928
      0.34845
         0.35
      0.35154
      0.35071
      0.35225
      0.35142
      0.35294
      0.35211
      0.35363
       0.3528
      0.35431
      0.35349
      0.35499
      0.35648
      0.35566
      0.35714
      0.35632
       0.3578
      0.35698
      0.35845
      0.35763
      0.35682
      0.35601
       0.3552
       0.3544
      0.35586
      0.35506
      0.35426
       0.3557
      0.35714
      0.35857
      0.35778
       0.3592
      0.35841
      0.35762
      0.35903
      0.35824
      0.35746
      0.35667
       0.3559
      0.35512
      0.35435
      0.35575
      0.35498
      0.35637
       0.3556
      0.35699
      0.35837
       0.3576
      0.35897
      0.36034
       0.3617
      0.36306
      0.36229
      0.36152
      0.36076
         0.36
      0.35924
      0.35849
      0.35774
      0.35699
      0.35833
      0.35759
      0.35685
      0.35611
      0.35744
       0.3567
      0.35802
      0.35729
      0.35861
      0.35787
      0.35714
      0.35845
      0.35976
      0.35903
       0.3583
      0.35758
      0.35887
      0.36016
      0.36145
      0.36072
         0.36
      0.35928
      0.35857
      0.35785
      0.35714
      0.35644
      0.35573
        0.357
       0.3563
      0.35756
      0.35882
      0.35812
      0.35742
      0.35867
      0.35798
      0.35728
      0.35853
      0.35977
      0.35907
      0.35838
      0.35769
      0.35701
      0.35632
      0.35564
      0.35496
      0.35619
      0.35741
      0.35863
      0.35795
      0.35728
       0.3566
      0.35782
      0.35714
      0.35835
      0.35768
      0.35701
      0.35634
      0.35568
      0.35688
      0.35622
      0.35556
       0.3549
      0.35424
      0.35543
      0.35478
      0.35413
      0.35348
      0.35466
      0.35401
      0.35519
      0.35636
      0.35753
      0.35688
      0.35805
       0.3574
      0.35676
      0.35791
      0.35907
      0.35842
      0.35778
      0.35714
      0.35651
      0.35587
      0.35524
      0.35461
      0.35398
      0.35336
      0.35273
      0.35387
      0.35325
      0.35263
      0.35201
       0.3514
      0.35253
      0.35192
      0.35304
      0.35243
      0.35182
      0.35121
      0.35233
      0.35345
      0.35284
      0.35223
      0.35163
      0.35103
      0.35214
      0.35324
      0.35264
      0.35204
      0.35144
      0.35085
      0.35025
      0.34966
      0.34907
      0.35017
      0.35126
      0.35235
      0.35176
      0.35117
      0.35058
         0.35
      0.34942
      0.34884
      0.34826
      0.34934
      0.34876
      0.34818
      0.34761
      0.34868
      0.34811
      0.34754
      0.34861
      0.34804
      0.34747
      0.34691
      0.34634
      0.34578
      0.34522
      0.34466
       0.3441
      0.34355
        0.343
      0.34244
      0.34189
      0.34135
       0.3408
      0.34026
      0.34131
      0.34236
      0.34181
      0.34286
       0.3439
      0.34335
      0.34281
      0.34227
      0.34173
      0.34119
      0.34066
      0.34169
      0.34116
      0.34219
      0.34165
      0.34112
      0.34215
      0.34317
      0.34419
      0.34365
      0.34312
      0.34259
      0.34361
      0.34308
      0.34255
      0.34356
      0.34456
      0.34557
      0.34656
      0.34604
      0.34551
      0.34498
      0.34446
      0.34545
      0.34644
      0.34743
      0.34842
      0.34789
      0.34737
      0.34685
      0.34633
      0.34731
      0.34828
      0.34925
      0.34873
      0.34821
      0.34918
      0.34866
      0.34815
      0.34763
      0.34712
      0.34808
      0.34757
      0.34706
      0.34655
      0.34604
      0.34553
      0.34503
      0.34599
      0.34548
      0.34643
      0.34593
      0.34543
      0.34493
      0.34443
      0.34393
      0.34488
      0.34438
      0.34388
      0.34483
      0.34433
      0.34384
      0.34478
      0.34429
      0.34379
       0.3433
      0.34282
      0.34375
      0.34326
      0.34278
      0.34229
      0.34181
      0.34274
      0.34225
      0.34177
      0.34129
      0.34081
      0.34034
      0.33986
      0.33939
      0.33891
      0.33844
      0.33797
      0.33889
      0.33842
      0.33795
      0.33748
      0.33702
      0.33793
      0.33884
      0.33838
      0.33791
      0.33745
      0.33836
      0.33789
      0.33743
      0.33834
      0.33787
      0.33741
      0.33696
       0.3365
      0.33604
      0.33559
      0.33514
      0.33603
      0.33558
      0.33513
      0.33468
      0.33423
      0.33378
      0.33333
      0.33289
      0.33244
        0.332
      0.33156
      0.33112
      0.33068
      0.33156
      0.33113
      0.33069
      0.33025
      0.32982
       0.3307
      0.33026
      0.32983
       0.3294
      0.32896
      0.32853
       0.3281
      0.32768
      0.32725
      0.32812
        0.329
      0.32857
      0.32944
      0.33031
      0.33118
      0.33075
      0.33161
      0.33119
      0.33076
      0.33033
      0.33119
      0.33077
      0.33163
      0.33248
      0.33333
      0.33291
      0.33376
      0.33461
      0.33545
      0.33503
       0.3346
      0.33544
      0.33628
      0.33712
       0.3367
      0.33753
      0.33711
      0.33668
      0.33626
      0.33709
      0.33792
      0.33875
      0.33958
       0.3404
      0.33998
      0.33955
      0.34037
      0.34119
      0.34201
      0.34158
      0.34116
      0.34198
      0.34279
      0.34236
      0.34194
      0.34275
      0.34356
      0.34436
      0.34517
      0.34597
      0.34554
      0.34512
       0.3447
      0.34428
      0.34386
      0.34466
      0.34424
      0.34383
      0.34462
       0.3442
      0.34379
      0.34337
      0.34296
      0.34255
      0.34214
      0.34293
      0.34371
       0.3445
      0.34528
      0.34606
      0.34565
      0.34643
      0.34721
      0.34679
      0.34638
      0.34716
      0.34793
      0.34752
      0.34711
      0.34788
      0.34747
      0.34824
      0.34783
      0.34742
      0.34701
       0.3466
       0.3462
      0.34696
      0.34656
      0.34615
      0.34692
      0.34651
      0.34611
      0.34571
      0.34531
      0.34491
      0.34451
      0.34411
      0.34371
      0.34332
      0.34292
      0.34253
      0.34214
      0.34174
       0.3425
      0.34211
      0.34171
      0.34132
      0.34094
      0.34055
      0.34016
      0.33977
      0.33939
        0.339
      0.33975
       0.3405
      0.34124
      0.34199
      0.34273
      0.34234
      0.34196
       0.3427
      0.34231
      0.34193
      0.34155
      0.34116
      0.34078
       0.3404
      0.34002
      0.34076
      0.34038
         0.34
      0.33962
      0.33925
      0.33887
       0.3396
      0.33923
      0.33885
      0.33848
      0.33811
      0.33773
      0.33736
      0.33699
      0.33662
      0.33735
      0.33807
       0.3388
      0.33843
      0.33806
      0.33769
      0.33841
      0.33804
      0.33768
      0.33731
      0.33694
      0.33658
       0.3373
      0.33693
      0.33657
      0.33621
      0.33584
      0.33656
       0.3362
      0.33691
      0.33762
      0.33726
      0.33797
      0.33761
      0.33725
      0.33689
      0.33653
      0.33617
      0.33581
      0.33652
      0.33616
      0.33581
      0.33545
      0.33615
       0.3358
      0.33544
      0.33509
      0.33474
      0.33438
      0.33508
      0.33473
      0.33438
      0.33508
      0.33473
      0.33438
      0.33403
      0.33368
      0.33333
      0.33299
      0.33264
      0.33229
      0.33195
      0.33161
       0.3323
      0.33299
      0.33264
      0.33333
      0.33299
      0.33265
       0.3323
      0.33196
      0.33162
      0.33231
      0.33299
      0.33265
      0.33333
      0.33401
      0.33367
      0.33435
      0.33401
      0.33469
      0.33537
      0.33604
      0.33671
      0.33739
      0.33704
      0.33771
      0.33838
      0.33804
       0.3377
      0.33736
      0.33803
      0.33769
      0.33735
      0.33701
      0.33667
      0.33634
        0.337
      0.33666
      0.33733
      0.33699
      0.33765
      0.33731
      0.33698
      0.33664
      0.33631
      0.33598
      0.33564
      0.33531
      0.33498
      0.33465
      0.33432
      0.33399
      0.33465
      0.33432
      0.33497
      0.33464
      0.33431
      0.33399
      0.33366
      0.33333
      0.33301
      0.33268
      0.33236
      0.33204
      0.33268
      0.33236
      0.33301
      0.33366
       0.3343
      0.33398
      0.33366
      0.33333
      0.33301
      0.33365
      0.33333
      0.33397
      0.33365
      0.33429
      0.33397
      0.33461
      0.33429
      0.33397
      0.33365
      0.33333
      0.33302
       0.3327
      0.33333
      0.33302
       0.3327
      0.33238
      0.33302
      0.33365
      0.33333
      0.33396
      0.33365
      0.33333
      0.33396
      0.33365
      0.33333
      0.33302
      0.33365
      0.33333
      0.33396
      0.33458
      0.33521
      0.33583
      0.33551
      0.33613
      0.33582
      0.33644
      0.33613
      0.33674
      0.33736
      0.33705
      0.33766
      0.33735
      0.33704
      0.33673
      0.33641
       0.3361
      0.33579
      0.33641
       0.3361
      0.33579
       0.3364
      0.33609
       0.3367
      0.33639
        0.337
      0.33669
      0.33729
      0.33699
      0.33668
      0.33637
      0.33698
      0.33758
      0.33727
