     MU:      SIGMA:     E_MEASURED:    ERROR:
    -0.72277      0.7704    -0.35515   0.0055865
    -0.72277      0.7704    -0.35515   0.0055865
    -0.55271     0.81069    -0.30297   0.0048708
    -0.61973     0.61243     -0.3382    0.002993
    -0.61973     0.61243     -0.3382    0.002993
    -0.61973     0.61243     -0.3382    0.002993
    -0.61973     0.61243     -0.3382    0.002993
    -0.61973     0.61243     -0.3382    0.002993
    -0.61973     0.61243     -0.3382    0.002993
    -0.61973     0.61243     -0.3382    0.002993
    -0.61973     0.61243     -0.3382    0.002993
    -0.53437     0.79871    -0.29135   0.0052884
    -0.67481     0.64969    -0.39433   0.0025951
    -0.67481     0.64969    -0.39433   0.0025951
    -0.67481     0.64969    -0.39433   0.0025951
    -0.67481     0.64969    -0.39433   0.0025951
    -0.67481     0.64969    -0.39433   0.0025951
    -0.67481     0.64969    -0.39433   0.0025951
    -0.67481     0.64969    -0.39433   0.0025951
    -0.67481     0.64969    -0.39433   0.0025951
    -0.80687     0.69669    -0.40786   0.0049462
    -0.80687     0.69669    -0.40786   0.0049462
    -0.80687     0.69669    -0.40786   0.0049462
    -0.80687     0.69669    -0.40786   0.0049462
    -0.80687     0.69669    -0.40786   0.0049462
    -0.80687     0.69669    -0.40786   0.0049462
    -0.80687     0.69669    -0.40786   0.0049462
    -0.80687     0.69669    -0.40786   0.0049462
    -0.80687     0.69669    -0.40786   0.0049462
    -0.80687     0.69669    -0.40786   0.0049462
    -0.80081     0.62638    -0.44246   0.0028711
    -0.80081     0.62638    -0.44246   0.0028711
    -0.80081     0.62638    -0.44246   0.0028711
    -0.80081     0.62638    -0.44246   0.0028711
    -0.80081     0.62638    -0.44246   0.0028711
    -0.80081     0.62638    -0.44246   0.0028711
    -0.59752     0.66477    -0.32194   0.0031865
     -0.6859     0.77657    -0.34766    0.005419
    -0.58215     0.68553    -0.31177   0.0031684
    -0.58215     0.68553    -0.31177   0.0031684
    -0.58215     0.68553    -0.31177   0.0031684
    -0.58215     0.68553    -0.31177   0.0031684
    -0.58215     0.68553    -0.31177   0.0031684
    -0.58215     0.68553    -0.31177   0.0031684
    -0.58215     0.68553    -0.31177   0.0031684
    -0.58215     0.68553    -0.31177   0.0031684
    -0.66443     0.83957    -0.29338   0.0085412
    -0.66443     0.83957    -0.29338   0.0085412
    -0.58162     0.68695    -0.30913   0.0035737
    -0.58162     0.68695    -0.30913   0.0035737
    -0.58162     0.68695    -0.30913   0.0035737
    -0.76599     0.55646    -0.40977   0.0039388
    -0.76599     0.55646    -0.40977   0.0039388
    -0.76599     0.55646    -0.40977   0.0039388
     -0.7577     0.61519    -0.43469   0.0021344
     -0.7577     0.61519    -0.43469   0.0021344
     -0.7577     0.61519    -0.43469   0.0021344
     -0.7577     0.61519    -0.43469   0.0021344
     -0.7577     0.61519    -0.43469   0.0021344
     -0.7577     0.61519    -0.43469   0.0021344
    -0.67956     0.61782    -0.39298   0.0022853
    -0.67956     0.61782    -0.39298   0.0022853
    -0.66249     0.75638    -0.34884   0.0054813
    -0.66249     0.75638    -0.34884   0.0054813
    -0.66249     0.75638    -0.34884   0.0054813
    -0.66249     0.75638    -0.34884   0.0054813
    -0.82056     0.59056    -0.43632   0.0029007
    -0.82056     0.59056    -0.43632   0.0029007
    -0.82056     0.59056    -0.43632   0.0029007
    -0.79373     0.53798    -0.37881   0.0042394
    -0.79373     0.53798    -0.37881   0.0042394
    -0.79373     0.53798    -0.37881   0.0042394
    -0.79373     0.53798    -0.37881   0.0042394
    -0.79373     0.53798    -0.37881   0.0042394
    -0.79373     0.53798    -0.37881   0.0042394
    -0.79373     0.53798    -0.37881   0.0042394
    -0.74584     0.62488    -0.43209   0.0023659
    -0.74584     0.62488    -0.43209   0.0023659
    -0.74584     0.62488    -0.43209   0.0023659
    -0.74584     0.62488    -0.43209   0.0023659
    -0.74584     0.62488    -0.43209   0.0023659
    -0.74584     0.62488    -0.43209   0.0023659
    -0.74584     0.62488    -0.43209   0.0023659
    -0.57336     0.66718    -0.30231   0.0034953
    -0.57336     0.66718    -0.30231   0.0034953
    -0.57336     0.66718    -0.30231   0.0034953
     -0.7328     0.75308    -0.36438   0.0059402
    -0.69802     0.66847    -0.39987     0.00267
    -0.69802     0.66847    -0.39987     0.00267
    -0.73581     0.68973    -0.40832   0.0035758
    -0.73581     0.68973    -0.40832   0.0035758
    -0.73581     0.68973    -0.40832   0.0035758
    -0.73581     0.68973    -0.40832   0.0035758
    -0.73581     0.68973    -0.40832   0.0035758
    -0.73581     0.68973    -0.40832   0.0035758
    -0.73581     0.68973    -0.40832   0.0035758
    -0.69165     0.70403    -0.38421   0.0034991
    -0.69165     0.70403    -0.38421   0.0034991
    -0.69165     0.70403    -0.38421   0.0034991
    -0.69165     0.70403    -0.38421   0.0034991
    -0.69165     0.70403    -0.38421   0.0034991
    -0.69165     0.70403    -0.38421   0.0034991
    -0.58621     0.56765    -0.28014   0.0037426
    -0.59452     0.52516    -0.25531   0.0045849
    -0.34228     0.66981   -0.037319   0.0060452
    -0.43655     0.61267   -0.089164   0.0049092
    -0.37017      0.6402   -0.044198   0.0069475
    -0.49998     0.52369   -0.099079   0.0046494
    -0.49998     0.52369   -0.099079   0.0046494
    -0.49998     0.52369   -0.099079   0.0046494
    -0.49998     0.52369   -0.099079   0.0046494
    -0.79856     0.48248    -0.22911   0.0073523
    -0.79856     0.48248    -0.22911   0.0073523
    -0.79856     0.48248    -0.22911   0.0073523
    -0.79856     0.48248    -0.22911   0.0073523
    -0.85314     0.51475    -0.30642   0.0051385
    -0.85314     0.51475    -0.30642   0.0051385
    -0.72093     0.55727    -0.40223   0.0033224
    -0.67281     0.77294     -0.3448   0.0050912
    -0.67281     0.77294     -0.3448   0.0050912
     -0.5834     0.96445     -0.2038    0.012184
    -0.54266     0.85185     -0.2909   0.0056937
    -0.54266     0.85185     -0.2909   0.0056937
    -0.54266     0.85185     -0.2909   0.0056937
    -0.54266     0.85185     -0.2909   0.0056937
    -0.54266     0.85185     -0.2909   0.0056937
    -0.74258     0.71821    -0.39169   0.0047027
    -0.74258     0.71821    -0.39169   0.0047027
      -0.571     0.86797    -0.27831   0.0062322
    -0.82839     0.74611    -0.33613   0.0086229
    -0.82839     0.74611    -0.33613   0.0086229
    -0.82839     0.74611    -0.33613   0.0086229
    -0.82839     0.74611    -0.33613   0.0086229
    -0.79548     0.81428    -0.27765    0.010612
    -0.60806     0.57982    -0.31345   0.0034172
    -0.40687     0.82913    -0.24056   0.0053368
    -0.51488     0.59348    -0.19444   0.0048942
    -0.53453     0.81106    -0.29359   0.0051046
    -0.59677     0.65494    -0.31499   0.0037687
    -0.59677     0.65494    -0.31499   0.0037687
    -0.59677     0.65494    -0.31499   0.0037687
    -0.77249     0.65996    -0.43443   0.0028021
    -0.58287     0.77002    -0.31771   0.0049382
    -0.58287     0.77002    -0.31771   0.0049382
    -0.58287     0.77002    -0.31771   0.0049382
    -0.58287     0.77002    -0.31771   0.0049382
    -0.58287     0.77002    -0.31771   0.0049382
    -0.58287     0.77002    -0.31771   0.0049382
    -0.85492     0.73551    -0.34241   0.0083611
    -0.85492     0.73551    -0.34241   0.0083611
    -0.85492     0.73551    -0.34241   0.0083611
    -0.70384     0.87605    -0.22814    0.014994
    -0.56928     0.96567    -0.20335    0.013805
    -0.48365     0.95743     -0.2398    0.010384
     -0.3327     0.78782    -0.18293   0.0057638
    -0.59399       0.511    -0.22978   0.0041957
    -0.59399       0.511    -0.22978   0.0041957
    -0.60621     0.52711    -0.25791   0.0040254
    -0.60621     0.52711    -0.25791   0.0040254
    -0.60621     0.52711    -0.25791   0.0040254
    -0.85908     0.75684    -0.30694   0.0085766
    -0.66612     0.48244     -0.2271   0.0069495
    -0.66612     0.48244     -0.2271   0.0069495
    -0.66612     0.48244     -0.2271   0.0069495
    -0.66612     0.48244     -0.2271   0.0069495
    -0.66612     0.48244     -0.2271   0.0069495
    -0.66612     0.48244     -0.2271   0.0069495
    -0.68226     0.64232    -0.39571   0.0024316
    -0.68226     0.64232    -0.39571   0.0024316
    -0.68226     0.64232    -0.39571   0.0024316
    -0.68226     0.64232    -0.39571   0.0024316
    -0.68226     0.64232    -0.39571   0.0024316
    -0.68226     0.64232    -0.39571   0.0024316
    -0.83048     0.52796    -0.35839   0.0051927
    -0.72295     0.68643    -0.40793   0.0040765
    -0.72295     0.68643    -0.40793   0.0040765
    -0.72295     0.68643    -0.40793   0.0040765
    -0.60998     0.67039    -0.33191   0.0034267
    -0.60998     0.67039    -0.33191   0.0034267
    -0.60998     0.67039    -0.33191   0.0034267
    -0.71222     0.66125    -0.41178    0.003152
    -0.71222     0.66125    -0.41178    0.003152
    -0.71222     0.66125    -0.41178    0.003152
    -0.71222     0.66125    -0.41178    0.003152
    -0.71222     0.66125    -0.41178    0.003152
    -0.71222     0.66125    -0.41178    0.003152
    -0.71222     0.66125    -0.41178    0.003152
    -0.71222     0.66125    -0.41178    0.003152
    -0.71222     0.66125    -0.41178    0.003152
    -0.85825     0.80429    -0.21794    0.012829
    -0.85825     0.80429    -0.21794    0.012829
    -0.85825     0.80429    -0.21794    0.012829
    -0.85825     0.80429    -0.21794    0.012829
    -0.85825     0.80429    -0.21794    0.012829
    -0.64972     0.85841    -0.28011    0.010285
    -0.58179     0.76173    -0.31679   0.0045488
    -0.84197     0.80262    -0.21348    0.013399
    -0.91868     0.67332    -0.34843    0.006933
    -0.91868     0.67332    -0.34843    0.006933
    -0.91868     0.67332    -0.34843    0.006933
    -0.91868     0.67332    -0.34843    0.006933
    -0.73983     0.51577     -0.3398   0.0057722
    -0.73983     0.51577     -0.3398   0.0057722
    -0.73983     0.51577     -0.3398   0.0057722
    -0.72345     0.58331    -0.41352   0.0023734
    -0.72345     0.58331    -0.41352   0.0023734
    -0.72345     0.58331    -0.41352   0.0023734
    -0.72345     0.58331    -0.41352   0.0023734
    -0.72345     0.58331    -0.41352   0.0023734
    -0.72345     0.58331    -0.41352   0.0023734
    -0.72345     0.58331    -0.41352   0.0023734
    -0.72345     0.58331    -0.41352   0.0023734
     -0.6908      0.8028    -0.32665   0.0068494
     -0.6908      0.8028    -0.32665   0.0068494
     -0.6456     0.72493    -0.35721   0.0036558
    -0.63088     0.53031    -0.29848   0.0045775
    -0.63088     0.53031    -0.29848   0.0045775
    -0.63088     0.53031    -0.29848   0.0045775
    -0.63088     0.53031    -0.29848   0.0045775
    -0.63088     0.53031    -0.29848   0.0045775
    -0.63088     0.53031    -0.29848   0.0045775
    -0.63088     0.53031    -0.29848   0.0045775
    -0.63088     0.53031    -0.29848   0.0045775
    -0.63088     0.53031    -0.29848   0.0045775
    -0.63088     0.53031    -0.29848   0.0045775
    -0.61097     0.58879    -0.31953   0.0030372
    -0.61097     0.58879    -0.31953   0.0030372
    -0.61097     0.58879    -0.31953   0.0030372
    -0.67839     0.52881     -0.3327   0.0044243
    -0.67839     0.52881     -0.3327   0.0044243
    -0.53578      0.8271    -0.28862   0.0056414
    -0.71832     0.63067    -0.41525   0.0029043
    -0.71832     0.63067    -0.41525   0.0029043
    -0.71832     0.63067    -0.41525   0.0029043
    -0.72775     0.72654    -0.38215   0.0040548
    -0.72775     0.72654    -0.38215   0.0040548
    -0.72775     0.72654    -0.38215   0.0040548
    -0.72775     0.72654    -0.38215   0.0040548
    -0.72775     0.72654    -0.38215   0.0040548
    -0.72775     0.72654    -0.38215   0.0040548
    -0.72775     0.72654    -0.38215   0.0040548
    -0.72775     0.72654    -0.38215   0.0040548
    -0.90955     0.54554    -0.35208   0.0037344
    -0.90955     0.54554    -0.35208   0.0037344
    -0.90955     0.54554    -0.35208   0.0037344
    -0.90955     0.54554    -0.35208   0.0037344
    -0.90955     0.54554    -0.35208   0.0037344
    -0.90955     0.54554    -0.35208   0.0037344
    -0.90955     0.54554    -0.35208   0.0037344
    -0.90955     0.54554    -0.35208   0.0037344
    -0.90955     0.54554    -0.35208   0.0037344
    -0.85643     0.53518    -0.36146   0.0046531
    -0.85643     0.53518    -0.36146   0.0046531
    -0.85643     0.53518    -0.36146   0.0046531
    -0.85643     0.53518    -0.36146   0.0046531
    -0.85643     0.53518    -0.36146   0.0046531
    -0.85643     0.53518    -0.36146   0.0046531
    -0.85643     0.53518    -0.36146   0.0046531
    -0.65382     0.64832    -0.37611   0.0027655
    -0.65382     0.64832    -0.37611   0.0027655
    -0.65382     0.64832    -0.37611   0.0027655
    -0.65382     0.64832    -0.37611   0.0027655
    -0.74335     0.54705    -0.39161   0.0037285
    -0.74335     0.54705    -0.39161   0.0037285
    -0.74335     0.54705    -0.39161   0.0037285
    -0.74335     0.54705    -0.39161   0.0037285
    -0.74335     0.54705    -0.39161   0.0037285
    -0.74335     0.54705    -0.39161   0.0037285
    -0.74335     0.54705    -0.39161   0.0037285
    -0.74335     0.54705    -0.39161   0.0037285
    -0.74335     0.54705    -0.39161   0.0037285
    -0.74335     0.54705    -0.39161   0.0037285
    -0.74335     0.54705    -0.39161   0.0037285
    -0.74335     0.54705    -0.39161   0.0037285
    -0.74335     0.54705    -0.39161   0.0037285
    -0.74335     0.54705    -0.39161   0.0037285
    -0.74335     0.54705    -0.39161   0.0037285
    -0.67347     0.69371     -0.3731   0.0036543
    -0.67347     0.69371     -0.3731   0.0036543
    -0.67347     0.69371     -0.3731   0.0036543
    -0.67347     0.69371     -0.3731   0.0036543
    -0.57889     0.76221    -0.31016   0.0042422
    -0.60379     0.87108    -0.26815   0.0083951
    -0.60379     0.87108    -0.26815   0.0083951
     -0.3397     0.83132    -0.21516   0.0044777
    -0.57234     0.81006    -0.29221   0.0091488
    -0.84099     0.76296    -0.31932   0.0076157
    -0.84099     0.76296    -0.31932   0.0076157
    -0.73208     0.48355    -0.24132   0.0064182
    -0.73208     0.48355    -0.24132   0.0064182
    -0.73208     0.48355    -0.24132   0.0064182
    -0.43677     0.75061    -0.21779   0.0045305
    -0.29304      1.0277    -0.24467   0.0083187
    -0.29304      1.0277    -0.24467   0.0083187
    -0.29304      1.0277    -0.24467   0.0083187
    -0.29304      1.0277    -0.24467   0.0083187
    -0.29304      1.0277    -0.24467   0.0083187
    -0.29304      1.0277    -0.24467   0.0083187
    -0.10574     0.97579    -0.25854   0.0056697
   -0.023034      1.1496    -0.15816      0.0136
    -0.19114      1.0857    -0.20516    0.011344
    -0.19114      1.0857    -0.20516    0.011344
    0.066376       1.172    -0.11832    0.015906
     0.17803     0.96115    -0.24562   0.0055727
     0.17803     0.96115    -0.24562   0.0055727
     0.11709      1.0765    -0.22803    0.010958
     0.11709      1.0765    -0.22803    0.010958
     0.19399      1.0285    -0.23943   0.0096228
     0.19399      1.0285    -0.23943   0.0096228
     0.19399      1.0285    -0.23943   0.0096228
     0.19399      1.0285    -0.23943   0.0096228
    0.042559      1.2352   0.0074067    0.020732
     0.29663      1.1562   -0.075016    0.020631
     0.22742     0.98668    -0.26305   0.0065538
     0.22742     0.98668    -0.26305   0.0065538
     0.22742     0.98668    -0.26305   0.0065538
     0.22742     0.98668    -0.26305   0.0065538
     0.22742     0.98668    -0.26305   0.0065538
     0.22742     0.98668    -0.26305   0.0065538
      0.2925      1.0349    -0.21689   0.0098443
      0.4447       0.825     -0.2572   0.0055644
      0.4447       0.825     -0.2572   0.0055644
     0.19321     0.90628    -0.22668    0.005264
     0.19321     0.90628    -0.22668    0.005264
   -0.097399     0.94912    -0.24232   0.0049999
   -0.097399     0.94912    -0.24232   0.0049999
    -0.24233     0.96556    -0.23987   0.0079323
    -0.24233     0.96556    -0.23987   0.0079323
    -0.41457     0.93574    -0.24096   0.0093228
    -0.41457     0.93574    -0.24096   0.0093228
    -0.67921     0.84768     -0.2832    0.008953
    -0.89213     0.75036    -0.28777   0.0089393
    -0.89213     0.75036    -0.28777   0.0089393
    -0.75612     0.53686    -0.37388   0.0038904
    -0.75612     0.53686    -0.37388   0.0038904
    -0.61813      0.5236    -0.27405   0.0043191
    -0.61813      0.5236    -0.27405   0.0043191
    -0.73602     0.70153    -0.40225   0.0037602
    -0.73602     0.70153    -0.40225   0.0037602
    -0.73602     0.70153    -0.40225   0.0037602
    -0.73602     0.70153    -0.40225   0.0037602
    -0.73602     0.70153    -0.40225   0.0037602
    -0.73602     0.70153    -0.40225   0.0037602
    -0.81588     0.66616    -0.42562   0.0039607
    -0.81588     0.66616    -0.42562   0.0039607
    -0.81588     0.66616    -0.42562   0.0039607
    -0.86214     0.53344    -0.35433   0.0045598
    -0.90909     0.53925    -0.33447   0.0038449
    -0.78312     0.57544    -0.42663   0.0028064
    -0.78312     0.57544    -0.42663   0.0028064
    -0.74454     0.72944    -0.38848   0.0051394
    -0.74454     0.72944    -0.38848   0.0051394
    -0.74454     0.72944    -0.38848   0.0051394
    -0.69896     0.53822    -0.36547   0.0046441
    -0.69896     0.53822    -0.36547   0.0046441
    -0.69896     0.53822    -0.36547   0.0046441
    -0.69896     0.53822    -0.36547   0.0046441
    -0.69896     0.53822    -0.36547   0.0046441
    -0.69896     0.53822    -0.36547   0.0046441
    -0.69896     0.53822    -0.36547   0.0046441
    -0.66975     0.70091    -0.37153   0.0035606
    -0.66975     0.70091    -0.37153   0.0035606
    -0.60709     0.77323    -0.32544   0.0047215
    -0.60709     0.77323    -0.32544   0.0047215
    -0.75224     0.67709    -0.42279   0.0032261
    -0.74914     0.55421    -0.40108   0.0034007
    -0.74914     0.55421    -0.40108   0.0034007
    -0.75604     0.62797     -0.4361   0.0026862
    -0.67959     0.85138    -0.29484   0.0080004
    -0.83858     0.63363    -0.43478   0.0035975
    -0.89066     0.63209    -0.40307   0.0045024
    -0.89066     0.63209    -0.40307   0.0045024
    -0.89066     0.63209    -0.40307   0.0045024
    -0.89066     0.63209    -0.40307   0.0045024
    -0.89066     0.63209    -0.40307   0.0045024
    -0.89066     0.63209    -0.40307   0.0045024
    -0.89066     0.63209    -0.40307   0.0045024
    -0.89066     0.63209    -0.40307   0.0045024
    -0.89066     0.63209    -0.40307   0.0045024
    -0.69675     0.73046    -0.37881   0.0035185
    -0.69675     0.73046    -0.37881   0.0035185
    -0.69675     0.73046    -0.37881   0.0035185
    -0.69675     0.73046    -0.37881   0.0035185
    -0.79377      0.8986    -0.14638    0.014497
    -0.79377      0.8986    -0.14638    0.014497
    -0.63581      0.7074    -0.35779   0.0036248
    -0.63581      0.7074    -0.35779   0.0036248
    -0.48652      0.6636    -0.19639   0.0051342
    -0.48652      0.6636    -0.19639   0.0051342
    -0.48652      0.6636    -0.19639   0.0051342
    -0.48307     0.74151     -0.2459   0.0042285
    -0.63561     0.73129    -0.35387   0.0036173
    -0.63561     0.73129    -0.35387   0.0036173
    -0.63561     0.73129    -0.35387   0.0036173
    -0.63561     0.73129    -0.35387   0.0036173
    -0.45252     0.58036   -0.090336   0.0058013
     -0.3144     0.87142    -0.23444   0.0054988
    -0.39143     0.91948    -0.24935   0.0077012
    -0.39143     0.91948    -0.24935   0.0077012
    -0.39143     0.91948    -0.24935   0.0077012
    -0.39143     0.91948    -0.24935   0.0077012
    -0.39143     0.91948    -0.24935   0.0077012
    -0.39143     0.91948    -0.24935   0.0077012
    -0.39143     0.91948    -0.24935   0.0077012
    -0.39143     0.91948    -0.24935   0.0077012
    -0.39143     0.91948    -0.24935   0.0077012
     -0.6262     0.64848    -0.35314   0.0032719
     -0.6262     0.64848    -0.35314   0.0032719
    -0.60919     0.66361    -0.33427   0.0028859
     -0.5556     0.67705    -0.28655   0.0037925
     -0.5556     0.67705    -0.28655   0.0037925
     -0.5556     0.67705    -0.28655   0.0037925
    -0.56058     0.83215     -0.2843     0.00912
    -0.56058     0.83215     -0.2843     0.00912
    -0.56058     0.83215     -0.2843     0.00912
    -0.58604     0.58288    -0.28259   0.0035818
    -0.51506     0.60229    -0.19298   0.0047158
    -0.51506     0.60229    -0.19298   0.0047158
    -0.51506     0.60229    -0.19298   0.0047158
    -0.51506     0.60229    -0.19298   0.0047158
    -0.51506     0.60229    -0.19298   0.0047158
    -0.51506     0.60229    -0.19298   0.0047158
    -0.51506     0.60229    -0.19298   0.0047158
    -0.51506     0.60229    -0.19298   0.0047158
    -0.28425      0.8369    -0.20293   0.0049913
    -0.38851     0.95901    -0.24428   0.0086488
    -0.34142     0.95497    -0.24781   0.0082085
    -0.34142     0.95497    -0.24781   0.0082085
    -0.34142     0.95497    -0.24781   0.0082085
    -0.34142     0.95497    -0.24781   0.0082085
    -0.50956     0.71145    -0.24767   0.0045834
    -0.50956     0.71145    -0.24767   0.0045834
    -0.76344     0.60235    -0.44206   0.0023002
    -0.76344     0.60235    -0.44206   0.0023002
    -0.76344     0.60235    -0.44206   0.0023002
    -0.76344     0.60235    -0.44206   0.0023002
    -0.76344     0.60235    -0.44206   0.0023002
    -0.78374     0.63411    -0.43734   0.0027971
    -0.78374     0.63411    -0.43734   0.0027971
    -0.78374     0.63411    -0.43734   0.0027971
    -0.78374     0.63411    -0.43734   0.0027971
    -0.78374     0.63411    -0.43734   0.0027971
    -0.79471     0.54054    -0.38674   0.0039798
    -0.79471     0.54054    -0.38674   0.0039798
    -0.79471     0.54054    -0.38674   0.0039798
    -0.79471     0.54054    -0.38674   0.0039798
    -0.67279     0.56023    -0.36817   0.0034742
    -0.67279     0.56023    -0.36817   0.0034742
    -0.84624     0.65642    -0.42189   0.0051392
    -0.83647     0.68807    -0.40351   0.0047755
    -0.68931     0.67256    -0.40304   0.0027763
    -0.68931     0.67256    -0.40304   0.0027763
     -0.8902     0.53907    -0.35088   0.0038651
     -0.8902     0.53907    -0.35088   0.0038651
     -0.8902     0.53907    -0.35088   0.0038651
    -0.88011     0.52698    -0.33204     0.00445
    -0.64776     0.79324    -0.33235   0.0053791
    -0.64776     0.79324    -0.33235   0.0053791
    -0.64776     0.79324    -0.33235   0.0053791
    -0.64776     0.79324    -0.33235   0.0053791
    -0.64776     0.79324    -0.33235   0.0053791
    -0.64776     0.79324    -0.33235   0.0053791
    -0.64776     0.79324    -0.33235   0.0053791
    -0.64776     0.79324    -0.33235   0.0053791
    -0.64776     0.79324    -0.33235   0.0053791
    -0.64776     0.79324    -0.33235   0.0053791
    -0.64776     0.79324    -0.33235   0.0053791
    -0.70081     0.75018    -0.36114   0.0049961
    -0.70081     0.75018    -0.36114   0.0049961
    -0.70081     0.75018    -0.36114   0.0049961
    -0.70081     0.75018    -0.36114   0.0049961
    -0.70081     0.75018    -0.36114   0.0049961
    -0.90551     0.72826    -0.28501    0.010071
    -0.90551     0.72826    -0.28501    0.010071
    -0.99362     0.63763    -0.27205    0.006762
    -0.99362     0.63763    -0.27205    0.006762
    -0.99362     0.63763    -0.27205    0.006762
    -0.99362     0.63763    -0.27205    0.006762
    -0.70621     0.77445    -0.33369   0.0079355
    -0.62682     0.75639    -0.33638   0.0052141
    -0.62682     0.75639    -0.33638   0.0052141
    -0.62682     0.75639    -0.33638   0.0052141
    -0.62682     0.75639    -0.33638   0.0052141
    -0.62682     0.75639    -0.33638   0.0052141
    -0.60175     0.71438    -0.32747   0.0039772
     -0.8984     0.59274    -0.40152   0.0032587
     -0.8984     0.59274    -0.40152   0.0032587
     -0.8984     0.59274    -0.40152   0.0032587
     -0.8984     0.59274    -0.40152   0.0032587
     -0.8984     0.59274    -0.40152   0.0032587
     -0.8984     0.59274    -0.40152   0.0032587
     -0.8984     0.59274    -0.40152   0.0032587
     -0.8984     0.59274    -0.40152   0.0032587
    -0.79846     0.51304    -0.32908   0.0050264
    -0.81329     0.49918    -0.28665   0.0067278
    -0.63669      0.5565    -0.33499   0.0035113
    -0.63669      0.5565    -0.33499   0.0035113
    -0.63669      0.5565    -0.33499   0.0035113
    -0.63669      0.5565    -0.33499   0.0035113
    -0.63669      0.5565    -0.33499   0.0035113
    -0.63669      0.5565    -0.33499   0.0035113
    -0.63669      0.5565    -0.33499   0.0035113
    -0.63669      0.5565    -0.33499   0.0035113
    -0.59412     0.75159    -0.31854    0.003742
    -0.59412     0.75159    -0.31854    0.003742
    -0.59412     0.75159    -0.31854    0.003742
    -0.59412     0.75159    -0.31854    0.003742
    -0.73333     0.54962    -0.39065   0.0036449
    -0.73333     0.54962    -0.39065   0.0036449
    -0.73333     0.54962    -0.39065   0.0036449
    -0.84139     0.72959    -0.34508   0.0073043
    -0.84139     0.72959    -0.34508   0.0073043
    -0.84139     0.72959    -0.34508   0.0073043
    -0.84139     0.72959    -0.34508   0.0073043
    -0.84139     0.72959    -0.34508   0.0073043
    -0.84139     0.72959    -0.34508   0.0073043
    -0.84139     0.72959    -0.34508   0.0073043
    -0.84139     0.72959    -0.34508   0.0073043
    -0.84139     0.72959    -0.34508   0.0073043
    -0.84139     0.72959    -0.34508   0.0073043
    -0.84139     0.72959    -0.34508   0.0073043
    -0.84139     0.72959    -0.34508   0.0073043
    -0.84139     0.72959    -0.34508   0.0073043
    -0.84139     0.72959    -0.34508   0.0073043
    -0.84139     0.72959    -0.34508   0.0073043
    -0.84139     0.72959    -0.34508   0.0073043
    -0.83186     0.72507    -0.37538   0.0060563
    -0.79293     0.68146    -0.42698   0.0033814
    -0.79293     0.68146    -0.42698   0.0033814
    -0.60642     0.70455    -0.33984   0.0032097
    -0.72872     0.73186    -0.36869   0.0053656
    -0.72872     0.73186    -0.36869   0.0053656
    -0.72872     0.73186    -0.36869   0.0053656
    -0.72872     0.73186    -0.36869   0.0053656
    -0.72872     0.73186    -0.36869   0.0053656
    -0.72872     0.73186    -0.36869   0.0053656
    -0.72872     0.73186    -0.36869   0.0053656
     -1.0097      0.5632    -0.24357    0.004778
     -1.0097      0.5632    -0.24357    0.004778
    -0.75244      0.5457    -0.39955   0.0035007
    -0.75244      0.5457    -0.39955   0.0035007
    -0.75244      0.5457    -0.39955   0.0035007
    -0.76457     0.50382    -0.30988   0.0056371
    -0.89269     0.74743    -0.29185    0.010067
    -0.86057     0.51067    -0.30685   0.0052918
    -0.86057     0.51067    -0.30685   0.0052918
    -0.86057     0.51067    -0.30685   0.0052918
    -0.86057     0.51067    -0.30685   0.0052918
    -0.86847     0.59722     -0.4209   0.0031084
    -0.86847     0.59722     -0.4209   0.0031084
    -0.86847     0.59722     -0.4209   0.0031084
    -0.67953     0.60591     -0.3917   0.0028284
    -0.75164     0.52093    -0.35081    0.005103
    -0.74157     0.54427    -0.39354   0.0034107
    -0.85488     0.56689    -0.41038   0.0031253
    -0.85488     0.56689    -0.41038   0.0031253
    -0.85488     0.56689    -0.41038   0.0031253
    -0.85488     0.56689    -0.41038   0.0031253
    -0.85488     0.56689    -0.41038   0.0031253
    -0.82511     0.51097    -0.31429   0.0056436
    -0.56761     0.72328    -0.31227   0.0036263
    -0.86055     0.52968    -0.34594   0.0044847
    -0.73364     0.56969    -0.41524   0.0030558
    -0.73364     0.56969    -0.41524   0.0030558
    -0.73364     0.56969    -0.41524   0.0030558
    -0.73364     0.56969    -0.41524   0.0030558
    -0.73364     0.56969    -0.41524   0.0030558
    -0.90707     0.53441     -0.3246   0.0044097
      -1.012     0.58349    -0.25769   0.0041606
    -0.99566     0.62883    -0.26757   0.0069922
    -0.99566     0.62883    -0.26757   0.0069922
    -0.99566     0.62883    -0.26757   0.0069922
    -0.83947     0.80169    -0.24325    0.011195
    -0.83947     0.80169    -0.24325    0.011195
    -0.83947     0.80169    -0.24325    0.011195
    -0.83947     0.80169    -0.24325    0.011195
    -0.83947     0.80169    -0.24325    0.011195
    -0.94518      0.6151    -0.35975   0.0048095
    -0.94518      0.6151    -0.35975   0.0048095
    -0.94518      0.6151    -0.35975   0.0048095
    -0.94518      0.6151    -0.35975   0.0048095
    -0.94518      0.6151    -0.35975   0.0048095
    -0.94518      0.6151    -0.35975   0.0048095
    -0.94518      0.6151    -0.35975   0.0048095
    -0.85719     0.50191    -0.27887   0.0055016
    -0.85719     0.50191    -0.27887   0.0055016
    -0.90202     0.76509    -0.22829    0.012007
    -0.90202     0.76509    -0.22829    0.012007
    -0.90202     0.76509    -0.22829    0.012007
    -0.90202     0.76509    -0.22829    0.012007
    -0.90202     0.76509    -0.22829    0.012007
    -0.90202     0.76509    -0.22829    0.012007
     -0.6516     0.67299    -0.37467   0.0030238
     -0.6516     0.67299    -0.37467   0.0030238
     -0.6516     0.67299    -0.37467   0.0030238
    -0.83404     0.51286    -0.32344   0.0056956
    -0.83404     0.51286    -0.32344   0.0056956
    -0.83404     0.51286    -0.32344   0.0056956
    -0.74172     0.55648    -0.41043   0.0036969
    -0.74172     0.55648    -0.41043   0.0036969
    -0.74172     0.55648    -0.41043   0.0036969
    -0.74172     0.55648    -0.41043   0.0036969
    -0.74172     0.55648    -0.41043   0.0036969
    -0.82221     0.68918    -0.40794   0.0048933
    -0.82221     0.68918    -0.40794   0.0048933
    -0.82221     0.68918    -0.40794   0.0048933
    -0.82221     0.68918    -0.40794   0.0048933
    -0.82221     0.68918    -0.40794   0.0048933
    -0.81291     0.56679    -0.42121    0.003334
    -0.81291     0.56679    -0.42121    0.003334
    -0.81291     0.56679    -0.42121    0.003334
    -0.81291     0.56679    -0.42121    0.003334
    -0.81291     0.56679    -0.42121    0.003334
    -0.81291     0.56679    -0.42121    0.003334
    -0.81291     0.56679    -0.42121    0.003334
    -0.81291     0.56679    -0.42121    0.003334
    -0.81291     0.56679    -0.42121    0.003334
    -0.81291     0.56679    -0.42121    0.003334
    -0.81291     0.56679    -0.42121    0.003334
    -0.73866     0.65244     -0.4306   0.0026477
    -0.73866     0.65244     -0.4306   0.0026477
    -0.73866     0.65244     -0.4306   0.0026477
    -0.73866     0.65244     -0.4306   0.0026477
    -0.73866     0.65244     -0.4306   0.0026477
    -0.54972     0.78946    -0.29867   0.0045152
     -0.5281     0.92658    -0.25346   0.0085848
     -0.5281     0.92658    -0.25346   0.0085848
     -0.5281     0.92658    -0.25346   0.0085848
     -0.5281     0.92658    -0.25346   0.0085848
    -0.73762     0.95932   -0.077504    0.016235
    -0.73762     0.95932   -0.077504    0.016235
    -0.73762     0.95932   -0.077504    0.016235
    -0.70416     0.66593    -0.40126   0.0032426
    -0.70416     0.66593    -0.40126   0.0032426
    -0.70416     0.66593    -0.40126   0.0032426
    -0.70416     0.66593    -0.40126   0.0032426
    -0.70416     0.66593    -0.40126   0.0032426
    -0.70416     0.66593    -0.40126   0.0032426
    -0.70416     0.66593    -0.40126   0.0032426
    -0.70416     0.66593    -0.40126   0.0032426
    -0.77216     0.74884    -0.37175   0.0061331
    -0.77216     0.74884    -0.37175   0.0061331
    -0.77216     0.74884    -0.37175   0.0061331
    -0.77216     0.74884    -0.37175   0.0061331
    -0.77216     0.74884    -0.37175   0.0061331
    -0.77216     0.74884    -0.37175   0.0061331
    -0.77216     0.74884    -0.37175   0.0061331
    -0.77216     0.74884    -0.37175   0.0061331
    -0.77216     0.74884    -0.37175   0.0061331
    -0.77216     0.74884    -0.37175   0.0061331
    -0.77216     0.74884    -0.37175   0.0061331
    -0.77216     0.74884    -0.37175   0.0061331
    -0.77216     0.74884    -0.37175   0.0061331
    -0.73046     0.59167    -0.41917    0.002291
    -0.73046     0.59167    -0.41917    0.002291
    -0.73046     0.59167    -0.41917    0.002291
    -0.73046     0.59167    -0.41917    0.002291
    -0.73046     0.59167    -0.41917    0.002291
     -0.7721     0.61748     -0.4391   0.0024884
     -0.7721     0.61748     -0.4391   0.0024884
     -0.7721     0.61748     -0.4391   0.0024884
     -0.7721     0.61748     -0.4391   0.0024884
     -0.7721     0.61748     -0.4391   0.0024884
     -0.7721     0.61748     -0.4391   0.0024884
     -0.7721     0.61748     -0.4391   0.0024884
     -0.7721     0.61748     -0.4391   0.0024884
     -0.7721     0.61748     -0.4391   0.0024884
    -0.78326      0.6324     -0.4444   0.0024619
    -0.68747     0.56235    -0.37963   0.0038239
    -0.68747     0.56235    -0.37963   0.0038239
    -0.66279     0.83324    -0.31196   0.0080327
    -0.54623     0.98695    -0.20475    0.011215
    -0.37289     0.87888    -0.25144   0.0058598
    -0.37289     0.87888    -0.25144   0.0058598
    -0.17027     0.92137    -0.22637   0.0060101
    -0.17027     0.92137    -0.22637   0.0060101
    -0.17027     0.92137    -0.22637   0.0060101
    -0.17027     0.92137    -0.22637   0.0060101
    -0.18774     0.96291    -0.25198   0.0054511
    -0.18774     0.96291    -0.25198   0.0054511
    0.031269      1.1515    -0.15619     0.01495
     0.23397     0.87656    -0.21809   0.0047623
     0.50429     0.99092    -0.19298    0.012431
     0.50429     0.99092    -0.19298    0.012431
     0.41542     0.84987    -0.24484   0.0095993
     0.20192     0.76253   -0.084156   0.0063472
     0.34601     0.90207    -0.25661   0.0052298
     0.34601     0.90207    -0.25661   0.0052298
     0.34601     0.90207    -0.25661   0.0052298
     0.38407      0.9315    -0.25954    0.006737
     0.17934     0.91489    -0.23504   0.0053769
    0.068165     0.92476    -0.23381   0.0047667
    0.068165     0.92476    -0.23381   0.0047667
    0.014427      1.1003    -0.20378    0.014354
    0.014427      1.1003    -0.20378    0.014354
    0.014427      1.1003    -0.20378    0.014354
    0.014427      1.1003    -0.20378    0.014354
     0.20824      1.0506    -0.22824    0.010536
     0.45338       0.754    -0.23001   0.0045015
     0.37157     0.97651    -0.22255    0.013764
     0.25156      1.1583    -0.07679    0.017394
       0.209     0.90678    -0.23574   0.0064013
       0.209     0.90678    -0.23574   0.0064013
       0.209     0.90678    -0.23574   0.0064013
     0.42781     0.77802    -0.22135   0.0041695
     0.51861     0.88176     -0.2734   0.0069265
     0.68148     0.70258    -0.38094   0.0035175
     0.68148     0.70258    -0.38094   0.0035175
     0.68148     0.70258    -0.38094   0.0035175
     0.70563     0.54223    -0.37311   0.0044237
     0.64043     0.55065    -0.33146   0.0039166
     0.64043     0.55065    -0.33146   0.0039166
     0.64043     0.55065    -0.33146   0.0039166
      0.4449      0.7367    -0.21586   0.0044462
     0.60877     0.57469    -0.31386   0.0037514
     0.80551     0.53811    -0.37756   0.0039484
     0.69951     0.79823    -0.32449   0.0070728
     0.91538     0.63796    -0.38286   0.0050212
     0.91538     0.63796    -0.38286   0.0050212
     0.91538     0.63796    -0.38286   0.0050212
     0.91538     0.63796    -0.38286   0.0050212
     0.91538     0.63796    -0.38286   0.0050212
     0.91538     0.63796    -0.38286   0.0050212
     0.67136     0.72684    -0.36105   0.0044658
     0.67136     0.72684    -0.36105   0.0044658
     0.67136     0.72684    -0.36105   0.0044658
     0.75746     0.62535    -0.43691   0.0028737
     0.75746     0.62535    -0.43691   0.0028737
     0.75746     0.62535    -0.43691   0.0028737
     0.75746     0.62535    -0.43691   0.0028737
     0.75746     0.62535    -0.43691   0.0028737
     0.75746     0.62535    -0.43691   0.0028737
     0.75746     0.62535    -0.43691   0.0028737
     0.54223     0.69491    -0.27716   0.0039554
     0.43276     0.84437      -0.252   0.0054602
     0.54647     0.94621    -0.25097   0.0081851
     0.73676     0.83627    -0.27617    0.010048
     0.84415     0.67413    -0.41155   0.0052252
     0.84415     0.67413    -0.41155   0.0052252
     0.88085     0.58847    -0.41347    0.002708
     0.69163       0.642    -0.40395   0.0024192
     0.69163       0.642    -0.40395   0.0024192
     0.69163       0.642    -0.40395   0.0024192
     0.74177     0.56899    -0.41324   0.0030694
     0.74917     0.66183    -0.42323    0.003018
     0.74917     0.66183    -0.42323    0.003018
     0.74917     0.66183    -0.42323    0.003018
     0.77785     0.52429    -0.36468   0.0050363
     0.77785     0.52429    -0.36468   0.0050363
     0.65828        0.61    -0.37149   0.0024125
     0.65828        0.61    -0.37149   0.0024125
     0.65828        0.61    -0.37149   0.0024125
     0.65828        0.61    -0.37149   0.0024125
     0.65828        0.61    -0.37149   0.0024125
     0.65828        0.61    -0.37149   0.0024125
     0.76088     0.75426    -0.36815   0.0062985
     0.76088     0.75426    -0.36815   0.0062985
     0.76088     0.75426    -0.36815   0.0062985
      0.9342     0.61496    -0.37977   0.0034752
      0.9342     0.61496    -0.37977   0.0034752
      0.9342     0.61496    -0.37977   0.0034752
      0.9342     0.61496    -0.37977   0.0034752
      0.9342     0.61496    -0.37977   0.0034752
      0.9342     0.61496    -0.37977   0.0034752
      0.9342     0.61496    -0.37977   0.0034752
      0.9342     0.61496    -0.37977   0.0034752
      0.9342     0.61496    -0.37977   0.0034752
      0.9342     0.61496    -0.37977   0.0034752
      0.9342     0.61496    -0.37977   0.0034752
      0.9342     0.61496    -0.37977   0.0034752
      0.9342     0.61496    -0.37977   0.0034752
      0.9342     0.61496    -0.37977   0.0034752
     0.80802     0.62044    -0.44238   0.0028842
     0.80802     0.62044    -0.44238   0.0028842
     0.80802     0.62044    -0.44238   0.0028842
     0.80802     0.62044    -0.44238   0.0028842
     0.80802     0.62044    -0.44238   0.0028842
     0.80802     0.62044    -0.44238   0.0028842
     0.80802     0.62044    -0.44238   0.0028842
     0.80802     0.62044    -0.44238   0.0028842
     0.80802     0.62044    -0.44238   0.0028842
     0.80802     0.62044    -0.44238   0.0028842
     0.90728     0.57309    -0.38671   0.0032101
     0.93008     0.69541    -0.31235    0.010721
     0.75087     0.54011     -0.3885   0.0040213
     0.69526     0.63787    -0.40795   0.0023133
     0.78525      0.7813    -0.33418   0.0073189
     0.78525      0.7813    -0.33418   0.0073189
     0.78525      0.7813    -0.33418   0.0073189
     0.85855       0.565    -0.40066   0.0031203
     0.85855       0.565    -0.40066   0.0031203
     0.85855       0.565    -0.40066   0.0031203
     0.85855       0.565    -0.40066   0.0031203
     0.85855       0.565    -0.40066   0.0031203
     0.85855       0.565    -0.40066   0.0031203
     0.85855       0.565    -0.40066   0.0031203
     0.85855       0.565    -0.40066   0.0031203
     0.97412     0.55501    -0.29264   0.0027254
     0.97412     0.55501    -0.29264   0.0027254
     0.97412     0.55501    -0.29264   0.0027254
     0.97412     0.55501    -0.29264   0.0027254
     0.97412     0.55501    -0.29264   0.0027254
     0.97412     0.55501    -0.29264   0.0027254
     0.99983     0.56913    -0.25941   0.0041545
     0.99983     0.56913    -0.25941   0.0041545
     0.99983     0.56913    -0.25941   0.0041545
     0.99983     0.56913    -0.25941   0.0041545
     0.99983     0.56913    -0.25941   0.0041545
     0.99983     0.56913    -0.25941   0.0041545
     0.99983     0.56913    -0.25941   0.0041545
     0.99983     0.56913    -0.25941   0.0041545
     0.99983     0.56913    -0.25941   0.0041545
     0.89144     0.50757    -0.27381   0.0054913
      0.6001     0.42666    0.019736   0.0093935
     0.53164      0.4189    0.067343   0.0092465
     0.53164      0.4189    0.067343   0.0092465
     0.53164      0.4189    0.067343   0.0092465
     0.53164      0.4189    0.067343   0.0092465
     0.75856     0.55959    -0.40696   0.0033385
     0.75856     0.55959    -0.40696   0.0033385
     0.75856     0.55959    -0.40696   0.0033385
     0.75856     0.55959    -0.40696   0.0033385
     0.75856     0.55959    -0.40696   0.0033385
     0.75856     0.55959    -0.40696   0.0033385
     0.89964     0.62723    -0.39541   0.0042596
     0.89964     0.62723    -0.39541   0.0042596
     0.89964     0.62723    -0.39541   0.0042596
     0.89964     0.62723    -0.39541   0.0042596
     0.89964     0.62723    -0.39541   0.0042596
     0.91546     0.70863    -0.32527   0.0084675
     0.91546     0.70863    -0.32527   0.0084675
     0.72645     0.52516    -0.35067   0.0044489
     0.68372     0.52348    -0.33053    0.004975
     0.68372     0.52348    -0.33053    0.004975
     0.82302     0.50398    -0.29007   0.0061577
     0.82302     0.50398    -0.29007   0.0061577
     0.82302     0.50398    -0.29007   0.0061577
     0.82302     0.50398    -0.29007   0.0061577
     0.82302     0.50398    -0.29007   0.0061577
     0.82302     0.50398    -0.29007   0.0061577
     0.82302     0.50398    -0.29007   0.0061577
     0.66098     0.62847    -0.38048    0.002565
     0.66098     0.62847    -0.38048    0.002565
     0.66098     0.62847    -0.38048    0.002565
     0.66098     0.62847    -0.38048    0.002565
      0.7546      0.6862    -0.41559   0.0039605
      0.7546      0.6862    -0.41559   0.0039605
      0.7546      0.6862    -0.41559   0.0039605
      0.7546      0.6862    -0.41559   0.0039605
      0.7546      0.6862    -0.41559   0.0039605
      0.7546      0.6862    -0.41559   0.0039605
     0.64619     0.58386    -0.35856   0.0031204
     0.64619     0.58386    -0.35856   0.0031204
     0.64619     0.58386    -0.35856   0.0031204
     0.75494     0.54687    -0.40101   0.0037619
     0.75494     0.54687    -0.40101   0.0037619
     0.75494     0.54687    -0.40101   0.0037619
     0.75494     0.54687    -0.40101   0.0037619
     0.75494     0.54687    -0.40101   0.0037619
     0.75494     0.54687    -0.40101   0.0037619
     0.75494     0.54687    -0.40101   0.0037619
     0.75494     0.54687    -0.40101   0.0037619
     0.75494     0.54687    -0.40101   0.0037619
     0.75494     0.54687    -0.40101   0.0037619
     0.75494     0.54687    -0.40101   0.0037619
     0.64778     0.58786    -0.36182   0.0029824
     0.72683     0.53005    -0.35882   0.0050089
     0.72683     0.53005    -0.35882   0.0050089
     0.63393     0.72833    -0.35336   0.0035566
     0.63393     0.72833    -0.35336   0.0035566
     0.63393     0.72833    -0.35336   0.0035566
     0.63393     0.72833    -0.35336   0.0035566
     0.63393     0.72833    -0.35336   0.0035566
     0.63393     0.72833    -0.35336   0.0035566
     0.70173     0.49965    -0.29587   0.0061077
     0.82346     0.73886    -0.36234   0.0067362
     0.82346     0.73886    -0.36234   0.0067362
     0.74343     0.86181    -0.22383    0.013286
     0.91059     0.67114    -0.36069    0.006632
     0.91059     0.67114    -0.36069    0.006632
     0.64688     0.67804    -0.36714   0.0031393
     0.64688     0.67804    -0.36714   0.0031393
     0.70606     0.51213    -0.33018   0.0055396
     0.94191     0.64108    -0.35194    0.006442
     0.90032     0.55369    -0.36473   0.0034782
     0.70241      0.8485    -0.28168   0.0092446
     0.84991     0.76672    -0.31344   0.0081362
     0.84991     0.76672    -0.31344   0.0081362
     0.59096     0.62803    -0.31049    0.003364
     0.88719     0.58103    -0.40371   0.0028965
     0.88719     0.58103    -0.40371   0.0028965
     0.88719     0.58103    -0.40371   0.0028965
     0.88719     0.58103    -0.40371   0.0028965
     0.92082     0.62668    -0.37983   0.0044507
     0.92082     0.62668    -0.37983   0.0044507
     0.92082     0.62668    -0.37983   0.0044507
     0.92082     0.62668    -0.37983   0.0044507
     0.92082     0.62668    -0.37983   0.0044507
     0.92082     0.62668    -0.37983   0.0044507
     0.67097     0.52173    -0.32433   0.0046601
     0.67097     0.52173    -0.32433   0.0046601
     0.72222     0.58885    -0.41596   0.0026569
     0.72222     0.58885    -0.41596   0.0026569
     0.91792     0.53778    -0.32553   0.0041092
     0.91792     0.53778    -0.32553   0.0041092
     0.91792     0.53778    -0.32553   0.0041092
     0.91792     0.53778    -0.32553   0.0041092
     0.91792     0.53778    -0.32553   0.0041092
     0.91792     0.53778    -0.32553   0.0041092
     0.91792     0.53778    -0.32553   0.0041092
     0.91792     0.53778    -0.32553   0.0041092
     0.91792     0.53778    -0.32553   0.0041092
     0.91792     0.53778    -0.32553   0.0041092
     0.91792     0.53778    -0.32553   0.0041092
     0.91792     0.53778    -0.32553   0.0041092
      0.8602      0.5246    -0.33606   0.0050307
      0.8602      0.5246    -0.33606   0.0050307
     0.73275      0.6423    -0.42591   0.0023447
     0.73275      0.6423    -0.42591   0.0023447
     0.73275      0.6423    -0.42591   0.0023447
     0.73275      0.6423    -0.42591   0.0023447
     0.73275      0.6423    -0.42591   0.0023447
     0.73275      0.6423    -0.42591   0.0023447
     0.73275      0.6423    -0.42591   0.0023447
     0.73275      0.6423    -0.42591   0.0023447
     0.73275      0.6423    -0.42591   0.0023447
     0.73275      0.6423    -0.42591   0.0023447
     0.91048     0.71677    -0.30427   0.0088024
     0.91048     0.71677    -0.30427   0.0088024
     0.91078     0.78123    -0.19843     0.01202
       0.733     0.73981    -0.36942    0.006183
     0.56315     0.76979    -0.30893   0.0038951
     0.56315     0.76979    -0.30893   0.0038951
     0.56315     0.76979    -0.30893   0.0038951
     0.56315     0.76979    -0.30893   0.0038951
     0.56315     0.76979    -0.30893   0.0038951
     0.80062     0.54994    -0.40214    0.003462
     0.80062     0.54994    -0.40214    0.003462
      0.5762     0.62632    -0.29581   0.0031839
      0.5762     0.62632    -0.29581   0.0031839
     0.70105     0.57236    -0.39739    0.003102
     0.70105     0.57236    -0.39739    0.003102
     0.86857     0.61435    -0.42297   0.0034797
     0.86857     0.61435    -0.42297   0.0034797
     0.86857     0.61435    -0.42297   0.0034797
     0.86857     0.61435    -0.42297   0.0034797
     0.86857     0.61435    -0.42297   0.0034797
     0.86857     0.61435    -0.42297   0.0034797
     0.86857     0.61435    -0.42297   0.0034797
     0.59989     0.66465    -0.32573    0.002787
     0.59989     0.66465    -0.32573    0.002787
     0.59989     0.66465    -0.32573    0.002787
     0.59989     0.66465    -0.32573    0.002787
     0.44824     0.73663    -0.22037   0.0041855
     0.55796     0.99946    -0.17317    0.016168
     0.55796     0.99946    -0.17317    0.016168
     0.74906     0.89481    -0.17095    0.013608
     0.74906     0.89481    -0.17095    0.013608
     0.74906     0.89481    -0.17095    0.013608
     0.67664     0.78538    -0.33142   0.0063581
     0.67664     0.78538    -0.33142   0.0063581
     0.67664     0.78538    -0.33142   0.0063581
     0.67664     0.78538    -0.33142   0.0063581
     0.64998     0.78916    -0.32105   0.0055104
     0.64998     0.78916    -0.32105   0.0055104
     0.56987      1.0224    -0.14124    0.013688
     0.27134       1.124    -0.14994    0.014935
     0.21252     0.99865    -0.25756   0.0064425
   -0.046199      1.0604    -0.22581    0.016124
   -0.046199      1.0604    -0.22581    0.016124
     -0.2799     0.97513    -0.24873   0.0075172
     -0.2799     0.97513    -0.24873   0.0075172
    -0.01155      1.1208    -0.19549    0.013157
    -0.01155      1.1208    -0.19549    0.013157
    -0.30253      1.0418     -0.2032    0.013069
   -0.025083     0.89754     -0.2123   0.0057768
   -0.025083     0.89754     -0.2123   0.0057768
    0.082601      1.0469     -0.2372    0.012373
    0.082601      1.0469     -0.2372    0.012373
    0.082601      1.0469     -0.2372    0.012373
    0.082601      1.0469     -0.2372    0.012373
    0.082601      1.0469     -0.2372    0.012373
    0.082601      1.0469     -0.2372    0.012373
    0.082601      1.0469     -0.2372    0.012373
   -0.053032      1.0103    -0.26171   0.0060788
   -0.053032      1.0103    -0.26171   0.0060788
   -0.053032      1.0103    -0.26171   0.0060788
     0.14331      1.0283    -0.25005   0.0076537
     0.14331      1.0283    -0.25005   0.0076537
     0.11843     0.99044    -0.24555   0.0069753
     0.11843     0.99044    -0.24555   0.0069753
    -0.13924       1.108    -0.18093    0.016842
    -0.13924       1.108    -0.18093    0.016842
   -0.013399     0.97051    -0.24556   0.0053803
   -0.013399     0.97051    -0.24556   0.0053803
   -0.013399     0.97051    -0.24556   0.0053803
   -0.013399     0.97051    -0.24556   0.0053803
     0.22017     0.91291    -0.24491   0.0045971
      0.3672     0.84409    -0.23342   0.0048512
      0.3672     0.84409    -0.23342   0.0048512
