#     BLOCK:   ACTUAL_P:     P_AVE:       ERROR:
           1 9.653062326319442832e+00 9.653062326319442832e+00 0.000000000000000000e+00
           2 9.654461814769735639e+00 9.653762070544589236e+00 4.947938847348207691e-04
           3 9.644127120283528143e+00 9.650550420457568279e+00 2.642966801753261936e-03
           4 9.653829728954478995e+00 9.651370247581796846e+00 2.105541198020549447e-03
           5 9.640535671398385631e+00 9.649203332345114958e+00 2.567826260325923628e-03
           6 9.644896626463220102e+00 9.648485548031466408e+00 2.237928867933821741e-03
           7 9.648163918849146370e+00 9.648439601005421196e+00 1.918696355034096206e-03
           8 9.649584915445000632e+00 9.648582765310369069e+00 1.684191972668309641e-03
           9 9.667281343673057137e+00 9.650660385128444929e+00 2.465376195002692838e-03
          10 9.641829770824969614e+00 9.649777323698097931e+00 2.371721392348588326e-03
          11 9.647946425615851140e+00 9.649610878417894000e+00 2.161942957783810626e-03
          12 9.647273512363089054e+00 9.649416097913325885e+00 1.990536092443706984e-03
          13 9.658831432056434352e+00 9.650140354385872143e+00 1.964765199763637317e-03
          14 9.669683676866899447e+00 9.651536305991660569e+00 2.266719070929937210e-03
          15 9.640162892075299084e+00 9.650778078397236115e+00 2.238830960884338923e-03
          16 9.644255026720568225e+00 9.650370387667445371e+00 2.135701666112560775e-03
          17 9.642411571286469751e+00 9.649902221997976426e+00 2.060746534471198221e-03
          18 9.640148874708110327e+00 9.649360369370761248e+00 2.016239893123786698e-03
          19 9.638553193923609541e+00 9.648791570663014738e+00 1.988735790115576420e-03
          20 9.658487678355582418e+00 9.649276376047643211e+00 1.947494585877611317e-03
          21 9.660929246916223789e+00 9.649831274660433778e+00 1.932193718837528365e-03
          22 9.663762785502758135e+00 9.650464525153266138e+00 1.945370729198969521e-03
          23 9.649450949264139155e+00 9.650420456636348732e+00 1.861288468410892977e-03
          24 9.648322406154395736e+00 9.650333037866266395e+00 1.785786492573770761e-03
          25 9.652012774093673642e+00 9.650400227315362400e+00 1.715618554349773901e-03
          26 9.657504314172403070e+00 9.650673461425249400e+00 1.671249603872687183e-03
          27 9.654338790822595939e+00 9.650809214365891009e+00 1.614855555766444260e-03
          28 9.650641358180539697e+00 9.650803219502128272e+00 1.557193270474821695e-03
          29 9.648115408395506520e+00 9.650710536360520564e+00 1.506252645940127800e-03
          30 9.649476220540057270e+00 9.650669392499839461e+00 1.456606045927937932e-03
          31 9.646749452301566663e+00 9.650542942816022318e+00 1.415096733018006555e-03
          32 9.641680549399959332e+00 9.650265993021770683e+00 1.397713287020556274e-03
          33 9.650721797388007062e+00 9.650279805275292944e+00 1.355426584016759285e-03
          34 9.652523127788359858e+00 9.650345785349207617e+00 1.317166021103860019e-03
          35 9.648269590375631921e+00 9.650286465492818877e+00 1.280867773667382749e-03
          36 9.642236501053961462e+00 9.650062855369517578e+00 1.264656096212596337e-03
          37 9.644227729217980993e+00 9.649905149257312686e+00 1.240270416930723150e-03
          38 9.648229279261764546e+00 9.649861047415324578e+00 1.208415559192598486e-03
          39 9.644608035989309158e+00 9.649726354814658791e+00 1.184913331077147797e-03
          40 9.650448811677440730e+00 9.649744416236227806e+00 1.155428143211840184e-03
          41 9.632666653917162591e+00 9.649327885447958053e+00 1.199979987476506053e-03
          42 9.640381104970810355e+00 9.649114866865168949e+00 1.190166224475451128e-03
          43 9.651720021727037135e+00 9.649175451861957242e+00 1.164028947955215087e-03
          44 9.658240472425696055e+00 9.649381475056587831e+00 1.155662108494057280e-03
          45 9.650764562249161571e+00 9.649412210327533046e+00 1.130389362763029341e-03
          46 9.659652808680066371e+00 9.649634832030848486e+00 1.127524431135469530e-03
          47 9.658739387858354064e+00 9.649828545984625805e+00 1.120051423711003729e-03
          48 9.650020173732597684e+00 9.649832538229373924e+00 1.096724134099713848e-03
          49 9.640711548397705499e+00 9.649646395579749125e+00 1.090024180146764677e-03
          50 9.640362589197813747e+00 9.649460719452109814e+00 1.083922496298327489e-03
          51 9.647528634455690977e+00 9.649422835432572398e+00 1.063330947400407175e-03
          52 9.656522044637329216e+00 9.649559358686509825e+00 1.051610005937647207e-03
          53 9.665647315321223232e+00 9.649862905038107286e+00 1.074684944954396645e-03
          54 9.642336822798306173e+00 9.649723533144777932e+00 1.063782295651736045e-03
          55 9.623023085209965188e+00 9.649238070455053773e+00 1.149889396528107084e-03
          56 9.652678980868961034e+00 9.649299515283873419e+00 1.130996131186179973e-03
          57 9.645354059823079140e+00 9.649230296767017379e+00 1.113270212917670228e-03
          58 9.640802994038651264e+00 9.649084998444113381e+00 1.103516960558962147e-03
          59 9.646862424680355375e+00 9.649047327702353627e+00 1.085456075799408251e-03
          60 9.653627706704972056e+00 9.649123667352396794e+00 1.070046241106521094e-03
          61 9.658476216215486687e+00 9.649276987825562202e+00 1.063431956159169084e-03
          62 9.655581382327280693e+00 9.649378671607847124e+00 1.051130012095812579e-03
          63 9.648082329149431757e+00 9.649358094743428538e+00 1.034646794833181654e-03
          64 9.655945579198329298e+00 9.649461024188036973e+00 1.023587483272688425e-03
          65 9.648148886112725364e+00 9.649440837448416630e+00 1.008039020808492803e-03
          66 9.636537612714164425e+00 9.649245334043351718e+00 1.011546443008957529e-03
          67 9.651335272202089755e+00 9.649276527150199456e+00 9.969295703875834334e-04
          68 9.640669238020270981e+00 9.649149949368876378e+00 9.902718793656627855e-04
          69 9.657484715726782909e+00 9.649270743084208846e+00 9.832597432852907375e-04
          70 9.650253352979451194e+00 9.649284780368427406e+00 9.693133704180464634e-04
          71 9.639444650928231439e+00 9.649146186996029328e+00 9.655183404918084213e-04
          72 9.649816155969690001e+00 9.649155492120662814e+00 9.521532012212941464e-04
          73 9.657722379364241050e+00 9.649272846740439391e+00 9.463144573288549818e-04
          74 9.639126623997469778e+00 9.649135735622289545e+00 9.434071214732853714e-04
          75 9.659235390168191770e+00 9.649270397682901290e+00 9.403900899015253927e-04
          76 9.667645883854802946e+00 9.649512180395689143e+00 9.585950009477910193e-04
          77 9.661719792773343585e+00 9.649670720816178715e+00 9.591664871142384970e-04
          78 9.638997569673394494e+00 9.649533885545118039e+00 9.565801874965520904e-04
          79 9.650269299842967996e+00 9.649543194586863493e+00 9.445168722139029444e-04
          80 9.677093173752705724e+00 9.649887569326436321e+00 9.935090579818496321e-04
          81 9.648500124302350045e+00 9.649870440375522662e+00 9.813911616957363051e-04
          82 9.652138412379803967e+00 9.649898098570696803e+00 9.698126389661330601e-04
          83 9.656928323361961830e+00 9.649982800074205613e+00 9.618198674839658876e-04
          84 9.645826320704133039e+00 9.649933318176943331e+00 9.516416054007443247e-04
          85 9.645504263364399478e+00 9.649881211649736557e+00 9.418712714032201512e-04
          86 9.645216586630533939e+00 9.649826971823932453e+00 9.324797344778168375e-04
          87 9.646957034583188317e+00 9.649793984039556349e+00 9.223448866828867993e-04
          88 9.657216175632520105e+00 9.649878327125840372e+00 9.157119174240146205e-04
          89 9.649123903644509781e+00 9.649869850457509557e+00 9.054622527946030661e-04
          90 9.645717583239266091e+00 9.649823714155084886e+00 8.965761893698076523e-04
          91 9.639969318209129057e+00 9.649715424089745142e+00 8.932394973295043920e-04
          92 9.648180694130941149e+00 9.649698742242367899e+00 8.836861309756775243e-04
          93 9.644647120828974352e+00 9.649644423732546272e+00 8.758519664611816736e-04
          94 9.653282065946813262e+00 9.649683122053973605e+00 8.673888874969544775e-04
          95 9.649983073218585616e+00 9.649686279434654068e+00 8.582642245566248895e-04
          96 9.649781567315935504e+00 9.649687272016750583e+00 8.493245461257055732e-04
          97 9.652229338643172341e+00 9.649713478889188067e+00 8.409728472759352277e-04
          98 9.645464605583233819e+00 9.649670123039127745e+00 8.335083347057300942e-04
          99 9.656366313654665134e+00 9.649737761328172070e+00 8.278288963756657128e-04
         100 9.649319006187678127e+00 9.649733573776767770e+00 8.195611984903111106e-04
