     ACCEPTANCE:
      0.77228
      0.77451
       0.7767
      0.77885
      0.78095
      0.78302
      0.78505
      0.78704
      0.78899
      0.79091
      0.78378
      0.78571
      0.78761
       0.7807
      0.77391
      0.76724
      0.76923
      0.76271
      0.76471
      0.75833
      0.76033
       0.7623
      0.76423
      0.75806
        0.752
      0.75397
      0.74803
         0.75
      0.75194
      0.75385
      0.75573
      0.75758
       0.7594
      0.76119
      0.76296
      0.76471
      0.76642
      0.76812
      0.76978
      0.76429
      0.75887
      0.75352
      0.75524
      0.75694
      0.75862
      0.75342
       0.7551
      0.75676
      0.75839
         0.76
      0.76159
      0.76316
      0.76471
      0.76623
      0.76774
      0.76282
      0.76433
      0.76582
       0.7673
      0.76875
      0.77019
       0.7716
      0.77301
      0.77439
      0.77576
      0.77711
      0.77844
      0.77976
      0.78107
      0.78235
      0.78363
      0.78488
      0.78613
      0.78736
      0.78857
      0.78977
      0.79096
      0.79213
       0.7933
      0.79444
      0.79558
      0.79121
      0.78689
      0.78804
      0.78919
      0.78495
       0.7861
      0.78723
      0.78836
      0.78947
      0.78534
      0.78125
       0.7772
      0.77835
      0.77436
      0.77551
      0.77665
      0.77778
      0.77889
         0.78
      0.78109
      0.78218
      0.78325
      0.78431
      0.78537
      0.78641
      0.78744
      0.78846
      0.78947
      0.79048
      0.79147
      0.79245
      0.79343
      0.78972
       0.7907
      0.79167
      0.78802
      0.78899
      0.78995
      0.78636
      0.78733
      0.78829
      0.78475
      0.78125
      0.77778
      0.77876
      0.77974
       0.7807
      0.78166
      0.78261
      0.77922
      0.78017
      0.77682
      0.77778
      0.77872
      0.77966
      0.78059
      0.78151
      0.78243
      0.77917
      0.78008
      0.78099
      0.78189
      0.78279
      0.78367
      0.78455
      0.78543
      0.78629
      0.78715
        0.788
      0.78884
      0.78968
      0.78656
      0.78346
      0.78431
      0.78516
      0.78599
      0.78682
      0.78378
      0.78077
      0.78161
      0.78244
      0.78327
       0.7803
      0.77736
       0.7782
      0.77903
      0.77985
      0.78067
      0.77778
       0.7786
      0.77941
      0.77656
      0.77737
      0.77818
      0.77536
      0.77617
      0.77698
      0.77419
        0.775
       0.7758
       0.7766
      0.77385
      0.77465
      0.77544
      0.77273
      0.77352
      0.77431
      0.77509
      0.77586
      0.77663
      0.77397
      0.77133
      0.76871
      0.76949
      0.77027
      0.77104
      0.77181
      0.77258
         0.77
      0.77076
      0.77152
      0.77228
      0.77303
      0.77377
      0.77451
      0.77524
      0.77273
      0.77023
      0.76774
      0.76527
      0.76282
      0.76358
      0.76115
       0.7619
      0.76266
      0.76341
      0.76415
      0.76489
      0.76562
      0.76636
      0.76398
      0.76161
      0.75926
         0.76
      0.76074
      0.75841
      0.75915
      0.75988
      0.75758
      0.75831
      0.75602
      0.75375
       0.7515
      0.75224
      0.75298
      0.75074
      0.74852
      0.74926
         0.75
      0.75073
      0.74854
      0.74927
      0.74709
      0.74493
      0.74566
       0.7464
      0.74425
      0.74499
      0.74571
      0.74644
      0.74716
      0.74788
      0.74576
      0.74648
      0.74719
       0.7479
       0.7486
       0.7493
         0.75
      0.75069
      0.75138
      0.75207
      0.75275
      0.75068
      0.74863
      0.74932
         0.75
      0.75068
      0.75135
      0.75202
         0.75
      0.74799
      0.74599
        0.744
      0.74468
      0.74536
      0.74603
       0.7467
      0.74474
      0.74278
      0.74346
      0.74413
      0.74219
      0.74286
      0.74352
      0.74419
      0.74485
       0.7455
      0.74615
       0.7468
      0.74745
      0.74809
      0.74619
       0.7443
      0.74495
      0.74307
      0.74121
      0.73935
         0.74
      0.74065
      0.73881
      0.73945
       0.7401
      0.74074
      0.74138
      0.73956
       0.7402
      0.74083
      0.74146
      0.74209
      0.74272
      0.74092
      0.74155
      0.73976
      0.74038
      0.74101
      0.74163
      0.73986
      0.74048
      0.74109
      0.73934
      0.73995
      0.73821
      0.73882
      0.73709
       0.7377
      0.73598
       0.7366
      0.73721
      0.73782
      0.73843
      0.73903
      0.73963
      0.74023
      0.74083
      0.73913
      0.73973
      0.74032
      0.74091
      0.73923
      0.73756
      0.73815
      0.73874
      0.73708
      0.73767
      0.73826
      0.73884
      0.73942
         0.74
      0.73836
      0.73894
      0.73951
      0.73789
      0.73626
      0.73465
      0.73304
      0.73144
      0.72985
      0.72826
      0.72885
      0.72727
       0.7257
      0.72414
      0.72473
      0.72532
      0.72377
      0.72436
      0.72495
      0.72553
      0.72611
      0.72669
      0.72727
      0.72785
      0.72842
      0.72689
      0.72537
      0.72594
      0.72651
      0.72708
      0.72765
      0.72822
      0.72671
      0.72727
      0.72784
       0.7284
      0.72895
      0.72951
      0.72802
      0.72857
      0.72912
      0.72967
      0.72819
      0.72874
      0.72929
      0.72984
      0.73038
      0.73092
      0.73146
        0.732
      0.73054
      0.73108
      0.72962
      0.73016
      0.72871
      0.72727
      0.72781
      0.72835
      0.72888
      0.72941
      0.72798
      0.72656
       0.7271
      0.72763
      0.72621
      0.72674
      0.72727
       0.7278
       0.7264
        0.725
      0.72361
      0.72222
      0.72275
      0.72137
         0.72
      0.72053
      0.72106
       0.7197
      0.72023
      0.72075
      0.72128
      0.71992
      0.71857
       0.7191
      0.71963
      0.72015
      0.71881
      0.71933
        0.718
      0.71852
      0.71904
      0.71771
      0.71823
      0.71875
      0.71927
      0.71795
      0.71846
      0.71715
      0.71767
      0.71818
      0.71869
       0.7192
      0.71971
      0.71841
      0.71712
      0.71763
      0.71813
      0.71685
      0.71735
      0.71607
      0.71658
       0.7153
      0.71581
      0.71631
      0.71681
      0.71731
      0.71605
      0.71655
      0.71529
      0.71579
      0.71454
      0.71329
      0.71379
      0.71429
      0.71304
      0.71354
      0.71404
      0.71453
      0.71503
      0.71552
      0.71429
      0.71306
      0.71355
      0.71404
      0.71453
      0.71502
       0.7138
      0.71429
      0.71477
      0.71525
      0.71574
      0.71622
      0.71501
      0.71549
      0.71597
      0.71644
      0.71524
      0.71405
      0.71452
        0.715
      0.71547
      0.71595
      0.71476
      0.71523
       0.7157
      0.71452
      0.71334
      0.71382
      0.71429
      0.71475
      0.71522
      0.71405
      0.71452
      0.71498
      0.71382
      0.71266
      0.71313
      0.71197
      0.71082
      0.70968
      0.71014
      0.71061
      0.70947
      0.70994
       0.7088
      0.70767
      0.70813
       0.7086
      0.70747
      0.70794
       0.7084
      0.70728
      0.70616
      0.70662
      0.70709
      0.70755
      0.70644
      0.70533
      0.70423
      0.70469
      0.70359
      0.70249
      0.70295
      0.70186
      0.70233
      0.70279
      0.70325
      0.70216
      0.70262
      0.70154
        0.702
      0.70245
      0.70291
      0.70336
      0.70382
      0.70427
       0.7032
      0.70213
      0.70258
      0.70303
      0.70348
      0.70393
      0.70437
      0.70331
      0.70226
       0.7027
      0.70165
       0.7021
      0.70105
      0.70149
      0.70045
      0.70089
      0.70134
       0.7003
      0.70074
       0.6997
      0.69867
      0.69912
      0.69956
          0.7
      0.69897
      0.69941
      0.69839
      0.69737
      0.69781
      0.69679
      0.69723
      0.69622
      0.69666
       0.6971
      0.69609
      0.69509
      0.69553
      0.69597
       0.6964
      0.69684
      0.69727
      0.69628
      0.69671
      0.69571
      0.69615
      0.69516
      0.69417
       0.6946
      0.69362
      0.69405
      0.69448
      0.69492
      0.69535
      0.69577
       0.6962
      0.69522
      0.69565
      0.69608
       0.6965
      0.69693
      0.69735
      0.69777
       0.6968
      0.69722
      0.69764
      0.69806
       0.6971
      0.69613
      0.69655
      0.69697
      0.69739
      0.69643
      0.69547
      0.69589
      0.69631
      0.69536
      0.69577
      0.69619
       0.6966
      0.69701
      0.69742
      0.69783
      0.69824
      0.69865
      0.69906
      0.69946
      0.69987
      0.70027
      0.70067
      0.70107
      0.70147
      0.70187
      0.70227
      0.70267
      0.70306
      0.70213
      0.70252
      0.70159
      0.70199
      0.70106
      0.70013
      0.70053
      0.70092
          0.7
      0.70039
      0.70079
      0.69987
      0.69895
      0.69804
      0.69843
      0.69883
      0.69922
      0.69961
          0.7
      0.70039
      0.70078
      0.70116
      0.70155
      0.70194
      0.70232
       0.7027
       0.7018
      0.70218
      0.70128
      0.70166
      0.70077
      0.70115
      0.70153
      0.70191
      0.70229
      0.70267
      0.70305
      0.70342
       0.7038
      0.70417
      0.70455
      0.70492
      0.70529
       0.7044
      0.70352
      0.70389
      0.70426
      0.70463
        0.705
      0.70537
      0.70574
       0.7061
      0.70522
      0.70559
      0.70596
      0.70632
      0.70668
      0.70705
      0.70741
      0.70777
      0.70813
      0.70849
      0.70885
       0.7092
      0.70833
      0.70869
      0.70905
      0.70818
      0.70854
      0.70889
      0.70925
       0.7096
      0.70995
      0.70909
      0.70944
      0.70979
      0.70894
      0.70929
      0.70964
      0.70999
      0.71034
      0.71068
      0.71103
      0.71138
      0.71172
      0.71207
      0.71241
      0.71156
       0.7119
      0.71225
      0.71259
      0.71293
      0.71327
      0.71243
      0.71277
      0.71311
      0.71344
      0.71378
      0.71412
      0.71445
      0.71362
      0.71395
      0.71429
      0.71462
      0.71495
      0.71529
      0.71562
      0.71595
      0.71628
      0.71661
      0.71694
      0.71727
      0.71644
      0.71676
      0.71594
      0.71511
      0.71544
      0.71577
      0.71609
      0.71527
       0.7156
      0.71592
      0.71625
      0.71543
      0.71461
       0.7138
      0.71412
      0.71445
      0.71364
      0.71396
      0.71429
      0.71461
      0.71493
      0.71525
      0.71558
       0.7159
      0.71509
      0.71541
      0.71573
      0.71605
      0.71637
      0.71669
        0.717
      0.71732
      0.71763
      0.71795
      0.71826
      0.71746
      0.71667
      0.71698
      0.71619
      0.71539
      0.71571
      0.71492
      0.71523
      0.71444
      0.71366
      0.71287
      0.71319
       0.7124
      0.71162
      0.71194
      0.71225
      0.71257
      0.71179
      0.71101
      0.71024
      0.71055
      0.70978
       0.7101
      0.70933
      0.70964
      0.70887
      0.70811
      0.70734
      0.70766
       0.7069
      0.70721
      0.70753
      0.70784
      0.70815
      0.70847
      0.70771
      0.70802
      0.70833
      0.70758
      0.70682
      0.70714
      0.70745
      0.70776
      0.70807
      0.70732
      0.70763
      0.70794
      0.70825
      0.70855
      0.70781
      0.70811
      0.70842
      0.70873
      0.70903
      0.70934
      0.70964
      0.70995
      0.71025
      0.71055
      0.71086
      0.71116
      0.71042
      0.71072
      0.71102
      0.71132
      0.71162
      0.71192
      0.71222
      0.71251
      0.71178
      0.71207
      0.71237
      0.71164
      0.71193
      0.71223
      0.71253
      0.71282
      0.71311
      0.71341
       0.7137
      0.71297
      0.71224
      0.71254
      0.71283
      0.71312
      0.71341
      0.71371
        0.714
      0.71429
      0.71457
      0.71486
      0.71515
      0.71544
      0.71573
      0.71601
       0.7163
      0.71558
      0.71486
      0.71414
      0.71343
      0.71271
        0.713
      0.71229
      0.71257
      0.71186
      0.71215
      0.71244
      0.71173
      0.71102
      0.71032
       0.7106
       0.7099
      0.71019
      0.70949
      0.70977
      0.70907
      0.70837
      0.70866
      0.70895
      0.70923
      0.70952
      0.70882
      0.70911
      0.70939
      0.70968
      0.70996
      0.70927
      0.70955
      0.70983
      0.71012
       0.7104
      0.71068
      0.71096
      0.71124
      0.71152
       0.7118
      0.71111
      0.71139
       0.7107
      0.71098
      0.71126
      0.71058
      0.70989
      0.71017
      0.71045
      0.71073
        0.711
      0.71128
      0.71156
      0.71183
      0.71115
      0.71143
       0.7117
      0.71103
       0.7113
      0.71157
      0.71185
      0.71117
      0.71145
      0.71172
      0.71199
      0.71226
      0.71254
      0.71186
      0.71214
      0.71241
      0.71268
      0.71295
      0.71228
      0.71255
      0.71282
      0.71215
      0.71148
      0.71082
      0.71109
      0.71043
       0.7107
      0.71097
      0.71123
       0.7115
      0.71177
      0.71111
      0.71138
      0.71072
      0.71006
      0.70941
      0.70968
      0.70902
      0.70929
      0.70956
      0.70983
      0.71009
      0.71036
      0.71062
      0.70997
      0.71024
      0.70959
      0.70985
      0.71012
      0.71038
      0.71065
      0.71091
