     MU:      SIGMA:     E_MEASURED:    ERROR:
    -0.15577     0.75861   -0.061473   0.0060197
    -0.05466      1.0572    -0.24439    0.011158
      0.1154      1.0975    -0.20035    0.011962
    0.048383     0.89919     -0.2035   0.0055456
     0.27342     0.78498    -0.14671   0.0053511
     0.40148      1.0146    -0.20361    0.010404
     0.50599      0.9883    -0.19959    0.013513
     0.75677      1.0694     0.21969    0.027213
     0.70165     0.79948    -0.32384   0.0077991
     0.80132     0.58315    -0.43578   0.0025203
     0.80132     0.58315    -0.43578   0.0025203
     0.88668     0.76943    -0.26069    0.013105
     0.74624     0.62041    -0.43633   0.0019047
     0.74624     0.62041    -0.43633   0.0019047
     0.74624     0.62041    -0.43633   0.0019047
     0.74624     0.62041    -0.43633   0.0019047
     0.79702     0.86084    -0.18774    0.014644
     0.79702     0.86084    -0.18774    0.014644
     0.58821      1.0767   -0.027629    0.023768
     0.58821      1.0767   -0.027629    0.023768
     0.45614      1.1237   -0.070391    0.022337
     0.72619      1.1299     0.29467     0.03665
      0.6261      1.2448     0.58723    0.048273
      0.6261      1.2448     0.58723    0.048273
      0.6261      1.2448     0.58723    0.048273
     0.39562        1.32     0.46153    0.035618
     0.39562        1.32     0.46153    0.035618
     0.66627      1.1355     0.24449    0.029082
     0.42845       1.299     0.49961    0.050143
     0.18663      1.4308     0.72967    0.055595
     0.19269      1.3605      0.5016    0.048371
     0.44319      1.2018     0.15421    0.034148
     0.34982      1.1269    -0.12536    0.015949
     0.64137     0.97113    -0.15086    0.018104
     0.88556      0.7812    -0.22396    0.011675
     0.64325      1.0592    0.021027    0.023279
     0.84653      1.0976     0.51219    0.036211
     0.75816      1.2094      0.7311    0.046708
     0.86191      1.1184     0.72288    0.051005
     0.86191      1.1184     0.72288    0.051005
     0.86191      1.1184     0.72288    0.051005
     0.86191      1.1184     0.72288    0.051005
      0.7235     0.88743    -0.19744    0.015695
     0.47235     0.67028    -0.19362   0.0047933
     0.50706     0.45268   -0.015276   0.0065396
     0.50706     0.45268   -0.015276   0.0065396
     0.42479     0.60672   -0.071499   0.0059972
     0.28428     0.70635   -0.045095   0.0061107
     0.36709     0.55373     0.11421   0.0061971
     0.53194     0.54988    -0.18276    0.004228
     0.33702     0.75186    -0.14774   0.0056598
     0.15264     0.62137     0.22598   0.0075306
     0.23398      0.5563     0.31925   0.0091252
     0.11789     0.84231    -0.17054   0.0051463
     0.12618     0.90103    -0.21951   0.0054363
     0.12618     0.90103    -0.21951   0.0054363
   -0.085075     0.84458    -0.16948   0.0054135
     0.16496     0.84153      -0.171   0.0049512
     0.27803     0.62148     0.11585   0.0073461
     0.13844     0.69815     0.06842   0.0068409
     0.21658     0.70078    0.011503   0.0061993
     0.41558     0.86411    -0.25026   0.0062237
     0.43265      1.0027    -0.22961    0.009934
     0.46605     0.76379    -0.24735   0.0047175
     0.26445     0.85038    -0.20661   0.0041162
     0.28976     0.96808    -0.25938   0.0069295
     0.13169     0.80227    -0.11477   0.0054794
    0.056736      0.9747    -0.25285   0.0054032
   -0.097324     0.76618   -0.065475   0.0053318
   -0.070491      0.7136    0.047805   0.0068203
    -0.13519     0.90606    -0.22435   0.0054561
    0.094297      1.0936     -0.1889    0.016371
     0.26397     0.99701    -0.23921   0.0094551
     0.10747       1.095    -0.22283    0.011645
     0.17052      1.0718    -0.21979    0.012838
     0.34414     0.81744    -0.21786   0.0050935
     0.39202     0.90433    -0.24812   0.0074804
     0.26569     0.69014  -0.0063329   0.0069444
    0.035749     0.71345    0.051861   0.0070226
     0.28067     0.62257    0.098832   0.0061862
     0.54057     0.45346   -0.053219   0.0077581
     0.54057     0.45346   -0.053219   0.0077581
     0.54057     0.45346   -0.053219   0.0077581
     0.71306     0.49576    -0.27038   0.0058951
     0.45172     0.76488    -0.23322   0.0047969
     0.45172     0.76488    -0.23322   0.0047969
     0.29228     0.85079    -0.21815   0.0050013
     0.32706     0.76618    -0.15459   0.0048031
     0.40561     0.51161    0.095424   0.0068201
     0.36782     0.53287     0.13486   0.0067313
     0.36782     0.53287     0.13486   0.0067313
     0.36782     0.53287     0.13486   0.0067313
     0.36782     0.53287     0.13486   0.0067313
    0.071227     0.59969     0.33948   0.0094986
    0.071227     0.59969     0.33948   0.0094986
    -0.15344     0.77705   -0.087762   0.0065736
    -0.10928     0.79136    -0.10954   0.0061742
    0.021395     0.79812   -0.090027   0.0053017
     0.17483     0.97635    -0.25338   0.0067169
      0.3045     0.90322    -0.23124   0.0059259
     0.14104      1.1983   -0.063714    0.020136
     0.24318      1.0042    -0.24554   0.0092854
     0.34862     0.86787    -0.25427   0.0051733
      0.3403     0.82538    -0.20389   0.0050287
     0.59255     0.97002    -0.17624    0.015913
     0.49827     0.91288    -0.26646   0.0081043
     0.56466     0.94042    -0.22708     0.01273
     0.43484     0.82391    -0.25334   0.0048037
     0.53661     0.61574    -0.23584   0.0045398
     0.80763     0.77932    -0.31651   0.0090066
     0.85188     0.70263    -0.39511   0.0063813
     0.55331     0.66141     -0.2789   0.0041063
     0.56155     0.65659    -0.28379   0.0038285
     0.56155     0.65659    -0.28379   0.0038285
      0.7523     0.56495    -0.41863   0.0026816
     0.69772     0.59722    -0.40028   0.0024619
     0.69772     0.59722    -0.40028   0.0024619
     0.82994     0.63974    -0.43942   0.0033748
     0.87806     0.85542    -0.12173    0.015163
     0.87806     0.85542    -0.12173    0.015163
     0.96746      1.0469     0.73587     0.04031
      1.0082     0.93432     0.45976    0.032319
      1.0082     0.93432     0.45976    0.032319
      1.0082     0.93432     0.45976    0.032319
      1.0082     0.93432     0.45976    0.032319
     0.71727      1.0584      0.1265    0.025709
     0.51734     0.92475    -0.24018   0.0099893
     0.34722      1.0934    -0.16086    0.015724
     0.51881      1.2432     0.44474      0.0429
     0.26141      1.1213    -0.16758    0.013289
     0.26141      1.1213    -0.16758    0.013289
     0.05548     0.89501    -0.20648   0.0056596
     0.05548     0.89501    -0.20648   0.0056596
    0.088393     0.96318     -0.2488   0.0046581
     0.27581     0.72872   -0.084603   0.0056755
       0.477     0.97804    -0.21981    0.011974
     0.36899     0.74238    -0.16902   0.0057336
     0.34934     0.95996    -0.25441   0.0073851
      0.2871     0.80384     -0.1755   0.0051473
      0.2871     0.80384     -0.1755   0.0051473
     0.15873     0.57028      0.3559   0.0092981
   -0.016992      0.5753     0.44226   0.0084552
     0.17262     0.68535    0.063624   0.0074896
     0.30034     0.80555    -0.17777   0.0052108
      0.4161     0.55996  0.00087264   0.0059369
     0.67906     0.57453     -0.3849   0.0030082
     0.94176     0.76062    -0.20914     0.01252
      1.0456      0.6541    -0.15122   0.0082519
     0.77353     0.61959    -0.44156   0.0026422
      0.6712     0.58302    -0.38036   0.0030742
      0.8632     0.80825    -0.20178    0.013392
      1.0143      0.9488     0.54589    0.041234
      1.0143      0.9488     0.54589    0.041234
      1.0143      0.9488     0.54589    0.041234
      1.1652     0.77918      0.5827    0.023399
     0.90394     0.50236     -0.2433   0.0056407
      0.8458     0.37798     0.49922    0.019262
     0.83358     0.39409     0.33841    0.013791
     0.83358     0.39409     0.33841    0.013791
     0.83358     0.39409     0.33841    0.013791
     0.58071     0.62381    -0.29559   0.0034929
     0.77366     0.34941     0.85672    0.020861
     0.57086     0.31294      1.2233    0.029103
     0.57086     0.31294      1.2233    0.029103
     0.57086     0.31294      1.2233    0.029103
     0.80091      0.4325    0.057665    0.010222
     0.54868     0.70599    -0.29013   0.0038645
     0.53254     0.86588    -0.28731   0.0058198
     0.38927     0.97919     -0.2374    0.011368
     0.38927     0.97919     -0.2374    0.011368
     0.46711     0.87452    -0.26657    0.006349
     0.70426      0.9804   -0.074045    0.020263
     0.70426      0.9804   -0.074045    0.020263
     0.55604     0.86604    -0.27179    0.007166
     0.66357      1.0245   -0.040927    0.019075
     0.66357      1.0245   -0.040927    0.019075
     0.63139      1.1446     0.18516    0.030578
     0.74436      1.1286     0.40176    0.036117
     0.74436      1.1286     0.40176    0.036117
     0.55051      1.3451     0.89828    0.054049
     0.44827       1.336     0.59602    0.040571
     0.18871      1.3805     0.51972    0.041828
     0.18871      1.3805     0.51972    0.041828
     0.31182      1.2338    0.093666    0.023627
     0.48563      1.0408    -0.16341    0.016228
     0.48563      1.0408    -0.16341    0.016228
     0.20403      1.0351    -0.23842    0.011489
     0.28292        1.11    -0.15309    0.013345
     0.36522      1.0686    -0.14884    0.017766
     0.21919      1.2117  -0.0059417    0.019676
    0.024712      1.2104   -0.039775    0.021019
    0.024712      1.2104   -0.039775    0.021019
    0.024712      1.2104   -0.039775    0.021019
    0.024712      1.2104   -0.039775    0.021019
     0.23324      1.2645     0.16687    0.031336
     0.30117      1.1679   -0.098724    0.017939
    0.040998      1.2087    -0.02355     0.02242
   -0.035715      1.0794    -0.22771    0.011747
    -0.29901      1.0826    -0.18553    0.014296
    -0.29901      1.0826    -0.18553    0.014296
    -0.29762      1.3147     0.36204    0.040497
    -0.11876      1.1572    -0.12653    0.020855
    -0.30326      1.0596    -0.19577     0.01316
    -0.13754     0.85447    -0.18996   0.0049655
    -0.12116     0.92201    -0.23465   0.0051521
     0.04922     0.83556    -0.15219   0.0051655
    -0.18667      1.0199    -0.23246     0.01209
    -0.18667      1.0199    -0.23246     0.01209
    -0.18667      1.0199    -0.23246     0.01209
    -0.18667      1.0199    -0.23246     0.01209
    -0.18667      1.0199    -0.23246     0.01209
    -0.18667      1.0199    -0.23246     0.01209
    -0.15403      1.2394    0.017326    0.023481
    -0.15403      1.2394    0.017326    0.023481
    -0.10882      1.1615    -0.10842     0.02023
   -0.094107     0.96688     -0.2489   0.0058673
    0.094608      1.0524    -0.23414    0.010013
     0.23762      0.7729    -0.11698   0.0053461
     0.40124     0.73401    -0.17733   0.0052392
     0.16959     0.67337     0.10329   0.0068807
     0.42122     0.42892     0.20868   0.0072438
     0.42122     0.42892     0.20868   0.0072438
     0.42122     0.42892     0.20868   0.0072438
     0.42122     0.42892     0.20868   0.0072438
      0.5945     0.51862      -0.234   0.0047749
     0.61441     0.57709     -0.3187   0.0035504
     0.61441     0.57709     -0.3187   0.0035504
     0.74069      0.4954    -0.28596   0.0056817
     0.67327     0.43542   -0.032355   0.0093173
     0.67327     0.43542   -0.032355   0.0093173
     0.81588     0.73371    -0.36615   0.0068859
     0.81588     0.73371    -0.36615   0.0068859
     0.81588     0.73371    -0.36615   0.0068859
     0.81588     0.73371    -0.36615   0.0068859
     0.80645     0.82957    -0.23332    0.012032
     0.52616     0.54661    -0.17668   0.0046417
     0.52616     0.54661    -0.17668   0.0046417
     0.52616     0.54661    -0.17668   0.0046417
     0.24308     0.74229   -0.079475   0.0062257
     0.12923     0.83213    -0.15439   0.0062499
   -0.035366      0.8305     -0.1567   0.0055014
   -0.035366      0.8305     -0.1567   0.0055014
    -0.21717     0.64951     0.10851   0.0076651
    -0.21717     0.64951     0.10851   0.0076651
    -0.21717     0.64951     0.10851   0.0076651
     -0.3342     0.55357     0.16592   0.0077587
   -0.088952     0.79582    -0.10093   0.0049801
   -0.088952     0.79582    -0.10093   0.0049801
      0.1455     0.56938      0.3802    0.010098
     -0.1054     0.77482   -0.078814   0.0060767
    -0.33489      0.7944    -0.17869   0.0051745
    -0.28177     0.78404    -0.15881    0.005667
   0.0076921     0.94489    -0.23718    0.005077
   0.0076921     0.94489    -0.23718    0.005077
    -0.26231     0.72374   -0.061717   0.0056378
   -0.070908     0.52218      0.6175    0.011624
    -0.37069      0.6415   -0.041086   0.0056433
    -0.39838      0.4629     0.19641    0.008058
    -0.19577     0.57604     0.29671   0.0096023
    -0.42805     0.82418    -0.24641   0.0046255
    -0.36053      0.7608    -0.16753   0.0052043
    -0.54666      1.0073    -0.17196     0.01631
    -0.63618     0.90606    -0.24506     0.01265
    -0.41429     0.62404     -0.0766   0.0057418
    -0.41429     0.62404     -0.0766   0.0057418
    -0.41429     0.62404     -0.0766   0.0057418
    -0.48858     0.85333    -0.27773   0.0056169
    -0.72999     0.67008    -0.41503     0.00301
    -0.47434     0.59789    -0.13444   0.0051405
     -0.4862     0.33928     0.61993    0.018686
    -0.33044     0.31354     0.85941    0.015781
    -0.33044     0.31354     0.85941    0.015781
    -0.33044     0.31354     0.85941    0.015781
    -0.33044     0.31354     0.85941    0.015781
    -0.33044     0.31354     0.85941    0.015781
     -0.3798     0.56286    0.072962   0.0059595
    -0.14593       0.821      -0.147   0.0058984
   -0.076059     0.96766    -0.25279   0.0060676
    -0.22595      1.1605    -0.11524    0.014958
    -0.22595      1.1605    -0.11524    0.014958
    -0.22595      1.1605    -0.11524    0.014958
    -0.13137       1.229   -0.016222    0.024261
    -0.15627      1.3379      0.3022    0.030439
    -0.15627      1.3379      0.3022    0.030439
     0.10782      1.2981     0.18167    0.033818
    -0.12482      1.2769     0.14732    0.022728
    -0.39347      1.2298     0.13985    0.025772
    -0.32848      1.3587     0.50998    0.044498
    -0.21957      1.0793    -0.19035    0.012633
     -0.1666     0.80185    -0.12942   0.0052728
    0.063143     0.57245     0.41485   0.0094605
     0.35845     0.83951    -0.23548   0.0045196
     0.50219      1.1166   -0.032072    0.018444
     0.50219      1.1166   -0.032072    0.018444
     0.50219      1.1166   -0.032072    0.018444
     0.39482      1.3606     0.60586    0.040625
     0.39482      1.3606     0.60586    0.040625
     0.39482      1.3606     0.60586    0.040625
     0.39482      1.3606     0.60586    0.040625
     0.47753      1.5345      1.9634    0.085029
     0.30943      1.4706      1.1974    0.066347
     0.30943      1.4706      1.1974    0.066347
     0.56694      1.5568      2.1465     0.10018
      0.6786       1.346      1.2145    0.067016
     0.75661      1.0686     0.25304    0.031043
     0.69567       1.184     0.43686     0.04793
     0.69567       1.184     0.43686     0.04793
     0.77257      1.1359      0.4311    0.036678
     0.80637     0.95222   0.0081105    0.020303
     0.99951     0.67949     -0.2284      0.0103
      1.0501     0.96447     0.82575    0.041863
     0.89867      1.1712      1.0938    0.056348
     0.89867      1.1712      1.0938    0.056348
     0.82946      1.0017     0.14422    0.023183
     0.82946      1.0017     0.14422    0.023183
     0.92573      1.2351      1.6765    0.091189
     0.94558       1.033     0.59323    0.037028
     0.88052      1.1398     0.77482    0.047143
     0.88052      1.1398     0.77482    0.047143
     0.94559      1.1881      1.4401    0.061076
      1.0978     0.97814      1.0593      0.0481
      1.0978     0.97814      1.0593      0.0481
      0.8463      1.0594     0.38011    0.032448
      0.8463      1.0594     0.38011    0.032448
      0.5557      1.1023   -0.015588    0.022627
      0.5557      1.1023   -0.015588    0.022627
     0.41076      1.1187   -0.047691     0.02196
     0.41076      1.1187   -0.047691     0.02196
     0.23852      1.0889    -0.17648    0.013375
     0.32435     0.81028    -0.20289   0.0051089
    0.059706     0.72222    0.041297   0.0072956
     -0.1532      0.6249      0.2264   0.0075516
     0.11211     0.92217    -0.23168   0.0049205
     0.24812     0.70867   -0.035136   0.0055924
     0.50317     0.53171    -0.12859    0.004831
     0.64116     0.51846    -0.29517    0.004831
     0.64116     0.51846    -0.29517    0.004831
     0.52328     0.69639    -0.26987   0.0044259
     0.69583     0.71262    -0.38436   0.0047416
      0.7939     0.72232    -0.38045   0.0056453
      0.7939     0.72232    -0.38045   0.0056453
      0.7939     0.72232    -0.38045   0.0056453
     0.80214     0.56525    -0.41876   0.0032935
     0.72227     0.52988    -0.36069   0.0048847
     0.72227     0.52988    -0.36069   0.0048847
     0.75437     0.65565     -0.4252   0.0034873
     0.70812     0.52293    -0.34175   0.0053221
     0.66117     0.52874    -0.31828   0.0042598
     0.78713     0.56493    -0.41619   0.0033845
      1.0094     0.77261   -0.021879    0.016301
      1.0094     0.77261   -0.021879    0.016301
     0.98049       0.864     0.14843    0.026162
      1.0451     0.56723    -0.19432   0.0042544
      1.0451     0.56723    -0.19432   0.0042544
      1.0451     0.56723    -0.19432   0.0042544
      1.0451     0.56723    -0.19432   0.0042544
      1.0451     0.56723    -0.19432   0.0042544
      1.0451     0.56723    -0.19432   0.0042544
      1.0451     0.56723    -0.19432   0.0042544
      1.0451     0.56723    -0.19432   0.0042544
      1.0743     0.72993     0.03029    0.015611
      1.0743     0.72993     0.03029    0.015611
      1.0743     0.72993     0.03029    0.015611
      1.0743     0.72993     0.03029    0.015611
     0.92917     0.63379     -0.3707   0.0044918
     0.93227     0.51091     -0.2494   0.0053394
     0.93227     0.51091     -0.2494   0.0053394
     0.92537     0.58466    -0.37132   0.0041507
      1.0018     0.80808    0.068771    0.018615
     0.84283     0.59033    -0.43352   0.0028332
     0.79075     0.58879    -0.44004   0.0024577
     0.53189     0.75354    -0.28307   0.0048011
     0.31408      1.0031    -0.23791   0.0097932
     0.43319     0.71273    -0.18869   0.0051662
     0.40621      0.5386    0.045785   0.0066315
     0.40621      0.5386    0.045785   0.0066315
     0.40621      0.5386    0.045785   0.0066315
     0.24901     0.83102    -0.18891   0.0049035
      0.4287      1.1066   -0.096097    0.018916
     0.62262       1.205     0.34295    0.036799
     0.64965     0.91178    -0.22046   0.0097679
     0.68737      1.1105     0.17746    0.033302
     0.68737      1.1105     0.17746    0.033302
     0.59034      1.2786     0.60141    0.042522
     0.43625      1.1923    0.077553    0.024716
     0.59421      1.0011    -0.12827    0.017981
     0.74973     0.93535     -0.1277    0.016198
     0.89902     0.89155    0.049122    0.021357
     0.89902     0.89155    0.049122    0.021357
     0.73821      0.6632     -0.4238   0.0027221
     0.74167     0.74111    -0.38135   0.0054623
     0.58913     0.73089    -0.32439   0.0040315
     0.58913     0.73089    -0.32439   0.0040315
     0.37009     0.95059    -0.25109   0.0093569
     0.49283      0.8554    -0.27138   0.0058923
     0.67592     0.70446    -0.37744   0.0034243
     0.81403     0.99553     0.11863    0.024828
     0.73701      1.0436     0.13549    0.022252
     0.49786       1.157     0.15051    0.029812
     0.72146      1.0239    0.030959    0.022399
     0.72146      1.0239    0.030959    0.022399
     0.83533     0.88206    -0.06312    0.018121
     0.83533     0.88206    -0.06312    0.018121
      1.0626     0.75306    0.097033    0.016965
      1.0626     0.75306    0.097033    0.016965
      1.0626     0.75306    0.097033    0.016965
     0.82785     0.48206    -0.21723   0.0071747
      1.0198      0.5044    -0.13263   0.0046765
      1.0368     0.51953    -0.13753   0.0044221
      1.0904     0.53296   -0.061591   0.0044387
      1.0904     0.53296   -0.061591   0.0044387
      1.0904     0.53296   -0.061591   0.0044387
      1.0854     0.68807  -0.0055657     0.01272
     0.80774     0.98655    0.092081    0.029666
     0.80774     0.98655    0.092081    0.029666
     0.78227     0.73728    -0.36305   0.0064256
     0.85326      0.7567    -0.31251   0.0086525
      1.0285     0.55323    -0.20489   0.0047814
      1.0285     0.55323    -0.20489   0.0047814
      1.0285     0.55323    -0.20489   0.0047814
      1.0285     0.55323    -0.20489   0.0047814
      1.0285     0.55323    -0.20489   0.0047814
      1.0362     0.47703   -0.033326   0.0057717
      1.0362     0.47703   -0.033326   0.0057717
      1.0362     0.47703   -0.033326   0.0057717
     0.93196     0.59914    -0.37475   0.0043608
     0.97905     0.59511    -0.31413   0.0042945
     0.97905     0.59511    -0.31413   0.0042945
      1.1983     0.44657     0.35229   0.0074821
     0.99461     0.73972    -0.13255    0.013086
     0.82647      0.4962    -0.26437   0.0073404
     0.82647      0.4962    -0.26437   0.0073404
     0.82647      0.4962    -0.26437   0.0073404
     0.59401     0.60573    -0.30691   0.0034883
     0.44243     0.59284    -0.07642   0.0057267
     0.25518     0.62555     0.13344    0.007066
     0.25518     0.62555     0.13344    0.007066
     0.23487     0.65732    0.073724   0.0070853
     0.23487     0.65732    0.073724   0.0070853
     0.38882     0.86524    -0.24983   0.0058047
     0.54044     0.62991    -0.25817   0.0043458
     0.54044     0.62991    -0.25817   0.0043458
     0.52947     0.53633    -0.17272   0.0051166
     0.41996     0.37711     0.34713     0.01003
     0.70283       0.553    -0.38233   0.0041164
     0.70283       0.553    -0.38233   0.0041164
     0.82475      0.5727     -0.4231   0.0029217
     0.82475      0.5727     -0.4231   0.0029217
      0.6513     0.66888    -0.37103    0.002873
     0.66107     0.70054    -0.36877   0.0035245
     0.80823     0.68502    -0.41672   0.0039527
      0.9283     0.59388    -0.37196    0.003707
     0.72741      0.4604    -0.14508   0.0092008
     0.72741      0.4604    -0.14508   0.0092008
     0.72741      0.4604    -0.14508   0.0092008
      0.7375     0.44831   -0.065934   0.0093352
     0.96985     0.71456    -0.22827    0.011536
     0.96985     0.71456    -0.22827    0.011536
     0.82121     0.89948   -0.054007    0.017408
     0.82121     0.89948   -0.054007    0.017408
     0.81927      1.1417     0.68187    0.044554
     0.81927      1.1417     0.68187    0.044554
     0.87969     0.93402     0.11793    0.026542
     0.85196      1.0657     0.46136    0.048715
     0.98903     0.98894     0.60296    0.040161
     0.69876      0.8911    -0.21056     0.01451
     0.69876      0.8911    -0.21056     0.01451
     0.64571     0.84804    -0.29186   0.0078816
     0.64571     0.84804    -0.29186   0.0078816
     0.50031     0.95751    -0.22571    0.015814
     0.50031     0.95751    -0.22571    0.015814
     0.50031     0.95751    -0.22571    0.015814
     0.29561      0.9356    -0.24229   0.0065592
     0.13342     0.72121   0.0071685   0.0055658
     0.13342     0.72121   0.0071685   0.0055658
     0.26596     0.47407     0.49269    0.009958
     0.14554     0.51572     0.55606    0.011071
    0.051164     0.29155      2.7187     0.04055
     0.33857     0.42837     0.43972   0.0087069
     0.41796     0.41032     0.26385   0.0075181
     0.41796     0.41032     0.26385   0.0075181
     0.41796     0.41032     0.26385   0.0075181
      0.4607     0.67494    -0.17701   0.0043318
     0.21511     0.89168     -0.2243   0.0056655
     0.24018     0.84966    -0.19884   0.0052702
   -0.056467     0.72802    0.016601   0.0065556
   -0.056467     0.72802    0.016601   0.0065556
    -0.30187     0.66657   0.0029357   0.0063254
     -0.6003     0.70065    -0.32765   0.0037254
    -0.63758     0.40223     0.19588    0.012834
    -0.90695     0.66182    -0.37349    0.005934
     -0.6544     0.53995    -0.33514   0.0040259
     -0.6544     0.53995    -0.33514   0.0040259
    -0.55446     0.46026   -0.090406   0.0062502
    -0.56928      0.4464   -0.069731   0.0074096
    -0.39268     0.50372     0.12648    0.006631
    -0.39268     0.50372     0.12648    0.006631
    -0.39268     0.50372     0.12648    0.006631
    -0.65332     0.77714    -0.33747   0.0052625
    -0.80555     0.49724    -0.29069   0.0061615
    -0.59661     0.54245    -0.27722   0.0045405
    -0.67636      0.3979     0.24705    0.014904
    -0.67636      0.3979     0.24705    0.014904
    -0.63379     0.59299    -0.34803   0.0030556
    -0.78869     0.77717    -0.30744   0.0092196
    -0.78869     0.77717    -0.30744   0.0092196
    -0.78869     0.77717    -0.30744   0.0092196
    -0.92791      0.5752    -0.36675   0.0035146
    -0.66094     0.59818    -0.37645   0.0027746
    -0.77566     0.36876     0.61375    0.018628
    -0.88372     0.54873    -0.36022   0.0036125
    -0.88372     0.54873    -0.36022   0.0036125
    -0.94333     0.67539    -0.32545   0.0088937
    -0.98714     0.89371     0.29788    0.029154
    -0.98714     0.89371     0.29788    0.029154
    -0.98714     0.89371     0.29788    0.029154
      -1.109     0.61686   -0.020366    0.010187
      -1.109     0.61686   -0.020366    0.010187
      -1.109     0.61686   -0.020366    0.010187
      -1.109     0.61686   -0.020366    0.010187
    -0.94229     0.75888    -0.20052    0.012424
    -0.75285      1.0239    0.096341    0.023137
    -0.75285      1.0239    0.096341    0.023137
    -0.90828     0.81949    -0.10235    0.013733
    -0.90828     0.81949    -0.10235    0.013733
    -0.90828     0.81949    -0.10235    0.013733
    -0.89874     0.81497    -0.15276    0.011614
    -0.85982     0.77136    -0.30239   0.0083162
    -0.85982     0.77136    -0.30239   0.0083162
    -0.67331     0.79445    -0.33359   0.0060645
    -0.79561     0.82176    -0.24218   0.0098998
    -0.79561     0.82176    -0.24218   0.0098998
    -0.79561     0.82176    -0.24218   0.0098998
    -0.72654     0.55094    -0.39247   0.0038713
    -0.99188     0.71593    -0.16058     0.01214
     -1.2285     0.83618      1.2292    0.036938
     -1.2285     0.83618      1.2292    0.036938
     -1.2285     0.83618      1.2292    0.036938
     -1.2285     0.83618      1.2292    0.036938
    -0.97123     0.81868   0.0054928    0.018146
    -0.97123     0.81868   0.0054928    0.018146
    -0.97123     0.81868   0.0054928    0.018146
    -0.98336      0.7768   -0.093933    0.017012
    -0.98336      0.7768   -0.093933    0.017012
    -0.95125     0.54004    -0.30176   0.0036903
      -1.102     0.46224     0.11236   0.0060581
     -1.2915     0.50352     0.58632    0.008173
     -1.2915     0.50352     0.58632    0.008173
     -1.2994     0.59007     0.71917    0.014836
     -1.2994     0.59007     0.71917    0.014836
     -1.0021     0.56581    -0.26305   0.0043373
    -0.81319      0.5745    -0.42762   0.0028164
     -0.8853     0.48952    -0.22687   0.0071532
    -0.87523     0.51286    -0.30788    0.004907
    -0.98854     0.53548    -0.24134   0.0039526
     -1.2277     0.75848     0.82373    0.026235
     -1.2277     0.75848     0.82373    0.026235
     -1.2277     0.75848     0.82373    0.026235
    -0.95873     0.57697     -0.3272   0.0040664
    -0.92896     0.52105    -0.28031   0.0048329
    -0.67147     0.73336    -0.36048   0.0049422
     -0.9644     0.53976    -0.28581   0.0038832
     -0.8375     0.57977    -0.43039   0.0029181
     -0.8375     0.57977    -0.43039   0.0029181
     -0.8375     0.57977    -0.43039   0.0029181
      -1.069     0.79867     0.17696    0.018935
      -1.069     0.79867     0.17696    0.018935
     -1.2424      0.7634     0.96758    0.029422
     -1.2424      0.7634     0.96758    0.029422
      -1.226     0.80874      1.0594    0.032587
      -1.226     0.80874      1.0594    0.032587
     -1.0446     0.61521    -0.18961   0.0071663
    -0.88843     0.78808    -0.20825      0.0121
    -0.88843     0.78808    -0.20825      0.0121
    -0.91486     0.86935  -0.0094163    0.018267
    -0.91486     0.86935  -0.0094163    0.018267
    -0.91486     0.86935  -0.0094163    0.018267
     -1.0206     0.68276     -0.1787    0.011124
    -0.90306     0.50313    -0.25117   0.0064347
      -1.054     0.36296     0.63851    0.016835
      -1.054     0.36296     0.63851    0.016835
     -1.3132     0.58563     0.76484    0.016998
     -1.3132     0.58563     0.76484    0.016998
     -1.3132     0.58563     0.76484    0.016998
     -1.2252     0.47244     0.35824   0.0059842
     -1.2252     0.47244     0.35824   0.0059842
       -1.27     0.73561     0.99459    0.026809
       -1.27     0.73561     0.99459    0.026809
     -1.1514     0.99024      1.5088    0.056174
    -0.94801      1.1283      1.1534    0.063834
    -0.94801      1.1283      1.1534    0.063834
    -0.94801      1.1283      1.1534    0.063834
    -0.69759      1.0362  -0.0057569    0.019535
    -0.40721       1.064    -0.20631    0.011321
     -0.6538     0.85717    -0.27086   0.0095425
    -0.83624     0.69704    -0.38769   0.0057636
    -0.91436     0.48497    -0.18297   0.0057679
    -0.91436     0.48497    -0.18297   0.0057679
    -0.82204     0.52859     -0.3659    0.004929
    -0.82204     0.52859     -0.3659    0.004929
    -0.66001      0.4833    -0.22847   0.0065639
    -0.66001      0.4833    -0.22847   0.0065639
    -0.66001      0.4833    -0.22847   0.0065639
    -0.74049       0.616    -0.43471   0.0024754
    -0.74049       0.616    -0.43471   0.0024754
    -0.51725     0.82064    -0.29011   0.0048591
    -0.51031     0.64904    -0.22089   0.0039741
    -0.54973     0.80081      -0.306   0.0042857
    -0.54044     0.67842    -0.27214   0.0040836
    -0.66232     0.76886    -0.33315   0.0055067
    -0.86102     0.85964    -0.11779    0.017456
    -0.86102     0.85964    -0.11779    0.017456
    -0.57037      1.0865   -0.017596    0.019079
    -0.38191     0.79046    -0.20867   0.0049267
    -0.52058      1.0413    -0.11206     0.01701
    -0.78136     0.94052   -0.040585    0.018484
     -1.0216     0.84539     0.21356    0.022824
    -0.97463     0.55186    -0.29298   0.0035357
    -0.97463     0.55186    -0.29298   0.0035357
    -0.90038     0.63751    -0.40069    0.004366
     -0.7095     0.46603    -0.17936   0.0088352
    -0.60556      0.4935    -0.21895   0.0065237
    -0.60556      0.4935    -0.21895   0.0065237
    -0.60556      0.4935    -0.21895   0.0065237
    -0.41661     0.63052   -0.092787   0.0061102
      -0.395     0.76763    -0.20316   0.0045517
     -0.2293     0.99624     -0.2424   0.0079339
     -0.2293     0.99624     -0.2424   0.0079339
     -0.2293     0.99624     -0.2424   0.0079339
    -0.43881       1.029    -0.20532    0.011001
     -0.3182      1.1641   -0.048553    0.020633
     -0.3182      1.1641   -0.048553    0.020633
    -0.28475     0.87072    -0.22664   0.0055767
    -0.37792      0.6864    -0.11089   0.0054821
    -0.67358     0.96177    -0.13843    0.015176
    -0.57128      1.0808   -0.023454    0.023201
    -0.65729     0.81588    -0.31723   0.0074666
    -0.76835     0.58741    -0.43392   0.0030205
    -0.93552     0.63251    -0.35377   0.0064365
    -0.69176     0.67855    -0.39296   0.0029897
    -0.75976     0.76147    -0.35722   0.0072324
    -0.65965      0.7494    -0.34851   0.0038562
    -0.79326      0.7292    -0.37443   0.0055052
    -0.49517       1.023    -0.17778    0.014815
    -0.24365      1.0048    -0.25294   0.0076551
    -0.50815     0.88227    -0.27845   0.0066882
    -0.79757     0.87145    -0.16253    0.014403
     -0.6488     0.61249    -0.36766   0.0026604
    -0.39896     0.66508    -0.10193   0.0049462
    -0.69794     0.75043    -0.36505   0.0051841
    -0.75022     0.88165     -0.1855    0.014499
    -0.75022     0.88165     -0.1855    0.014499
     -1.0365     0.62755    -0.20341   0.0073407
     -1.0365     0.62755    -0.20341   0.0073407
     -1.2339     0.53696     0.36517   0.0086705
     -1.2339     0.53696     0.36517   0.0086705
     -1.2339     0.53696     0.36517   0.0086705
     -1.2001     0.34341     0.96969    0.023517
     -1.2417     0.36922     0.84227    0.015905
     -1.2417     0.36922     0.84227    0.015905
     -1.4209     0.48215      1.2491    0.013148
     -1.2172     0.33686      1.0431    0.020528
     -1.2172     0.33686      1.0431    0.020528
     -1.2172     0.33686      1.0431    0.020528
     -1.2172     0.33686      1.0431    0.020528
     -1.4835     0.42304      1.7186    0.016928
     -1.3222     0.37892      1.0163    0.016179
     -1.3334     0.39384     0.99926    0.013657
     -1.2376     0.32379       1.303    0.024299
     -1.0243     0.51966     -0.1581   0.0041986
     -0.9996     0.79055   0.0014731     0.01973
    -0.88304     0.94425     0.11042    0.022484
    -0.70971     0.83619    -0.27883   0.0085566
    -0.77211     0.58594    -0.43214   0.0024546
    -0.56949     0.62843    -0.27597   0.0038839
    -0.52732     0.49917    -0.13354   0.0059613
     -0.4108     0.29457       1.063    0.025456
     -0.4108     0.29457       1.063    0.025456
    -0.42827     0.33611     0.58737    0.016141
    -0.42827     0.33611     0.58737    0.016141
    -0.20926     0.52473     0.46138     0.01025
    -0.20926     0.52473     0.46138     0.01025
    0.061066     0.63909     0.21184   0.0079292
   -0.085638     0.74524   -0.026885    0.006244
    -0.17451      0.6042     0.25478   0.0084086
    -0.38801     0.51685     0.12922   0.0067868
    -0.24392      0.6564    0.071803   0.0077603
    -0.37319     0.94661    -0.26061   0.0069431
    -0.66068     0.65951    -0.38096   0.0026806
    -0.62262     0.68894    -0.34361   0.0041316
    -0.82735     0.67233    -0.41592   0.0051374
    -0.93852      0.6822    -0.32888   0.0079108
    -0.78858     0.58942    -0.43933   0.0024864
    -0.84231     0.76501    -0.32083   0.0089395
    -0.84231     0.76501    -0.32083   0.0089395
    -0.84231     0.76501    -0.32083   0.0089395
    -0.56047     0.96944    -0.20213    0.012171
    -0.36666     0.91972    -0.26037   0.0058487
    -0.12152     0.62309     0.25996   0.0078588
    -0.20332     0.84561    -0.18992   0.0041993
    -0.32334      1.0274    -0.22657   0.0091867
    -0.36589     0.77587    -0.19146   0.0049277
    -0.12581      1.0722    -0.23699   0.0091294
    -0.12581      1.0722    -0.23699   0.0091294
    0.092997      0.9434    -0.24337   0.0056002
      0.1838      1.0471    -0.24837    0.008062
     0.34667     0.86796    -0.24395   0.0060796
     0.23137     0.83759    -0.18897   0.0050179
     0.13178      1.0709    -0.22302    0.013143
     0.15594     0.91059    -0.23531   0.0047321
    0.090738     0.91901    -0.22743   0.0045294
    -0.16864     0.95226      -0.241   0.0063784
    -0.34935     0.85566    -0.23552    0.005044
    -0.54489      1.0417     -0.1295    0.014834
    -0.38101      0.8797    -0.25867    0.005129
    -0.38101      0.8797    -0.25867    0.005129
    -0.48701      1.1398   -0.020839    0.022164
    -0.27114     0.97954      -0.253   0.0075789
    -0.27114     0.97954      -0.253   0.0075789
    -0.49705     0.75979    -0.25732   0.0042946
    -0.35018     0.94027    -0.25412    0.010049
    -0.11722      1.1618    -0.10711    0.017482
    -0.38538      1.0676    -0.17299     0.01386
     -0.6294      1.1565     0.27065    0.031985
     -0.6294      1.1565     0.27065    0.031985
    -0.39633      1.2232     0.16101    0.029509
    -0.31023      1.1217    -0.14608    0.018002
    -0.31023      1.1217    -0.14608    0.018002
    -0.40963      1.1494   0.0047219    0.026821
    -0.12551     0.91519    -0.23168   0.0055416
    0.015018     0.66521     0.17227    0.007488
     0.14298     0.88621    -0.20662    0.005712
     0.05984     0.94907    -0.24239   0.0058488
    -0.15539      1.0186     -0.2488   0.0079966
    -0.26486      1.1681   -0.058067    0.020393
    -0.15115      1.2699     0.11419    0.032805
    0.039137        1.16    -0.15361    0.016158
     0.14652     0.99785    -0.24753   0.0074085
     0.14652     0.99785    -0.24753   0.0074085
     0.18323     0.91219    -0.23001   0.0068274
  -0.0059887     0.96571    -0.23938   0.0068974
      0.1142      1.0861     -0.2218    0.012508
     0.16118      1.3482     0.37719    0.035253
     0.21132      1.2752     0.15568    0.030031
     0.21132      1.2752     0.15568    0.030031
   -0.012289      1.4102     0.66709    0.047447
    -0.23593      1.1194    -0.15741    0.014381
    -0.20726     0.98189    -0.25533   0.0058219
  -0.0036165     0.80075     -0.1002    0.005483
    -0.12319     0.88646    -0.19764   0.0058481
    -0.25927     0.87055    -0.22842   0.0052172
    -0.25927     0.87055    -0.22842   0.0052172
   -0.032488      1.1201    -0.18739    0.015209
   -0.038117     0.84217    -0.16372   0.0063448
    -0.26183     0.83653    -0.18995   0.0051568
    -0.15923     0.98079    -0.25262   0.0056288
    -0.35626      1.0553    -0.18194    0.012301
    -0.31035      1.1452   -0.057804    0.024282
    -0.13703      1.0059    -0.25028   0.0080128
     -0.1921     0.71229    0.010003   0.0063262
    0.092279     0.66191     0.15257   0.0065955
    0.041541     0.75657   -0.034252   0.0067049
     0.13386     0.63474     0.20605    0.007043
     0.13386     0.63474     0.20605    0.007043
  -0.0068096     0.86001    -0.16927   0.0055506
  -0.0068096     0.86001    -0.16927   0.0055506
  -0.0068096     0.86001    -0.16927   0.0055506
     0.16609     0.70431    0.031884    0.006514
     0.21432     0.82992    -0.17711   0.0051414
     0.40107     0.70796    -0.14454   0.0051863
     0.40107     0.70796    -0.14454   0.0051863
     0.70006     0.67715    -0.40203   0.0030637
     0.57388     0.68263    -0.30214   0.0037759
     0.31897     0.92994    -0.24732   0.0075482
     0.31897     0.92994    -0.24732   0.0075482
     0.31897     0.92994    -0.24732   0.0075482
     0.31897     0.92994    -0.24732   0.0075482
     0.41808     0.98382    -0.25072   0.0084847
     0.21854      1.0953     -0.2034    0.011476
     0.21854      1.0953     -0.2034    0.011476
     0.47521     0.80603    -0.26419    0.005299
     0.44927      1.0384    -0.18566    0.014603
     0.54853       0.991    -0.19879    0.011323
     0.57134      1.1133    0.020461    0.021196
     0.39212     0.95802    -0.26691   0.0069874
     0.33651      1.0558     -0.1923    0.011279
      0.4265      1.1992    0.042758    0.022505
      0.4265      1.1992    0.042758    0.022505
     0.43453     0.90949    -0.26809   0.0060136
     0.50784     0.69318    -0.24974      0.0042
     0.43977     0.98119    -0.24613   0.0081526
       0.527     0.79406    -0.28599   0.0050759
     0.78406      1.0269     0.16714    0.027626
      0.7987     0.79052    -0.30093   0.0084091
      1.0706     0.80167     0.24387    0.017898
     0.98474      0.6924    -0.23192     0.01021
     0.71849     0.64374    -0.41601   0.0027847
     0.83406     0.63376    -0.44391    0.002873
     0.83406     0.63376    -0.44391    0.002873
     0.83406     0.63376    -0.44391    0.002873
     0.95446     0.56942    -0.32904   0.0031423
     0.95446     0.56942    -0.32904   0.0031423
     0.95446     0.56942    -0.32904   0.0031423
     0.98016     0.58354    -0.30186   0.0041595
     0.98016     0.58354    -0.30186   0.0041595
      1.0296     0.45176    0.057676    0.007549
      1.0296     0.45176    0.057676    0.007549
      1.0296     0.45176    0.057676    0.007549
      1.0296     0.45176    0.057676    0.007549
      1.2161     0.55297     0.29277   0.0085622
      1.2161     0.55297     0.29277   0.0085622
      1.2161     0.55297     0.29277   0.0085622
      1.1077     0.49141    0.041776    0.004168
      0.8164     0.41051     0.21057    0.013261
     0.74794     0.40274     0.22354    0.014373
     0.74794     0.40274     0.22354    0.014373
     0.74794     0.40274     0.22354    0.014373
     0.74794     0.40274     0.22354    0.014373
     0.97486     0.54344    -0.27374   0.0035419
     0.97486     0.54344    -0.27374   0.0035419
     0.71159     0.63711    -0.41642   0.0025549
     0.71159     0.63711    -0.41642   0.0025549
     0.99937     0.54395    -0.23913     0.00377
     0.99937     0.54395    -0.23913     0.00377
     0.99937     0.54395    -0.23913     0.00377
     0.99937     0.54395    -0.23913     0.00377
       1.132     0.60279    0.026767    0.010674
       1.132     0.60279    0.026767    0.010674
     0.84426     0.59856    -0.43211   0.0032603
     0.86008     0.67996    -0.39801   0.0050743
     0.59229     0.95458    -0.19101     0.01434
     0.40328     0.77111     -0.2069    0.004392
     0.36055     0.76942    -0.18019   0.0047519
     0.36055     0.76942    -0.18019   0.0047519
     0.49985     0.74992    -0.25514   0.0041347
     0.50493     0.48382   -0.060864   0.0054263
     0.50493     0.48382   -0.060864   0.0054263
     0.50493     0.48382   -0.060864   0.0054263
     0.63492     0.77975     -0.3324   0.0048166
     0.85939     0.76856    -0.29236   0.0079714
     0.72455     0.74882    -0.35318   0.0063418
     0.56252     0.87331    -0.26857   0.0076013
     0.56252     0.87331    -0.26857   0.0076013
      0.3067     0.91765    -0.23937   0.0054383
     0.52368       1.163    0.054876    0.024278
      0.6173      1.2208     0.42311    0.038876
     0.35337      0.9654    -0.25833   0.0067467
     0.35337      0.9654    -0.25833   0.0067467
     0.63064     0.84767    -0.29201   0.0063092
     0.83316       0.959     0.07958    0.022121
     0.64526      1.1316     0.18723    0.035146
     0.53685      1.0292    -0.16087    0.014637
      0.7111     0.91614    -0.18761    0.015969
     0.89402     0.74545    -0.29349    0.010201
      1.0028     0.70846    -0.17273     0.01022
      0.8347     0.61728    -0.43613   0.0032002
     0.69858     0.54805     -0.3714   0.0037465
     0.45419     0.62107    -0.12889   0.0046299
     0.70866     0.83884    -0.27949   0.0095057
     0.70866     0.83884    -0.27949   0.0095057
     0.79511     0.75893    -0.33932   0.0075091
     0.69687     0.76298    -0.34791   0.0066391
     0.43857     0.83435    -0.25794    0.005248
     0.32096     0.84918    -0.22854   0.0046879
    0.034798       0.768   -0.052134   0.0058804
   -0.072361       0.809    -0.13106    0.005571
   0.0066876     0.75119   -0.017185   0.0068721
   0.0066876     0.75119   -0.017185   0.0068721
   -0.086217     0.94946    -0.24955   0.0067011
     0.11144      1.1438    -0.14188    0.019526
     0.11144      1.1438    -0.14188    0.019526
   -0.033118     0.88121    -0.19573   0.0048658
    -0.30518     0.66151   0.0011921   0.0067409
    -0.48469     0.68589    -0.21362   0.0041824
    -0.41689     0.45721     0.16733   0.0062035
    -0.29516     0.69641   -0.038685   0.0057059
    -0.13418     0.71749    0.012662   0.0071122
    -0.21421     0.84044    -0.19589   0.0045482
    -0.21421     0.84044    -0.19589   0.0045482
    -0.21421     0.84044    -0.19589   0.0045482
    -0.47792     0.84735    -0.27711   0.0054543
    -0.35401      0.6213   0.0087482   0.0069199
    -0.29484     0.45539     0.48802   0.0088975
   -0.058985     0.58434     0.40156   0.0089035
    -0.10057     0.49695     0.69432    0.012565
    -0.29849     0.79176    -0.16757   0.0050212
    -0.15099     0.70998    0.016573   0.0063883
    0.074985     0.90227    -0.21828   0.0044619
    -0.18397     0.76359   -0.091933   0.0058266
     0.11226     0.71658    0.024703   0.0063006
     0.18944     0.64263     0.15582   0.0078948
      0.4461     0.47172    0.073659    0.006008
     0.68937     0.59104    -0.39294   0.0029543
       0.723     0.63669    -0.42142   0.0024774
       0.723     0.63669    -0.42142   0.0024774
       0.723     0.63669    -0.42142   0.0024774
       0.723     0.63669    -0.42142   0.0024774
       0.723     0.63669    -0.42142   0.0024774
       0.723     0.63669    -0.42142   0.0024774
     0.47315     0.53174    -0.06764   0.0051823
     0.47315     0.53174    -0.06764   0.0051823
      0.5244     0.59886    -0.20754   0.0043917
      0.5244     0.59886    -0.20754   0.0043917
      0.7201     0.54778    -0.38778   0.0037965
      0.4865     0.34821     0.52879    0.016598
      0.4865     0.34821     0.52879    0.016598
      0.4865     0.34821     0.52879    0.016598
      0.4865     0.34821     0.52879    0.016598
     0.60917      0.5471    -0.29535   0.0037414
     0.60917      0.5471    -0.29535   0.0037414
     0.88932     0.76567    -0.24125    0.012158
     0.88932     0.76567    -0.24125    0.012158
      0.8587     0.48589    -0.20931   0.0086167
      0.8587     0.48589    -0.20931   0.0086167
      0.8587     0.48589    -0.20931   0.0086167
     0.80098     0.47271    -0.18022    0.007687
      1.0135     0.64091    -0.22913    0.007738
     0.88609     0.75862    -0.26044    0.012384
     0.83429     0.58486    -0.43385   0.0025275
     0.83429     0.58486    -0.43385   0.0025275
     0.57019      0.8389    -0.29742   0.0059209
     0.51071     0.97251    -0.18569    0.015934
     0.43401      1.2454     0.26813    0.033857
     0.17209      1.4709     0.88653    0.055133
     0.17209      1.4709     0.88653    0.055133
    0.072946      1.3701     0.45015    0.038973
    0.091477      1.1124    -0.17956    0.012752
     0.26921      1.1869   -0.045935    0.023696
    0.075556     0.88928    -0.21261   0.0048275
     0.07585     0.95374     -0.2386   0.0068461
    -0.10193     0.91232     -0.2241    0.005426
    -0.27177      0.9423    -0.25616   0.0060632
    -0.28636     0.76025    -0.11892   0.0046245
   -0.014969     0.96473    -0.24217   0.0056176
   -0.014969     0.96473    -0.24217   0.0056176
    -0.10455     0.71558    0.018123   0.0069056
    -0.10455     0.71558    0.018123   0.0069056
    -0.12014     0.48352     0.73463    0.012023
    -0.34456      0.5599     0.12922   0.0077292
    -0.34456      0.5599     0.12922   0.0077292
    -0.34456      0.5599     0.12922   0.0077292
     -0.4373     0.38825     0.29034   0.0092334
    -0.26979     0.43024     0.64058    0.011894
    -0.36703     0.66973   -0.071515   0.0061445
    -0.46174     0.94425    -0.24123    0.010876
    -0.28188     0.78411    -0.15308   0.0064457
    -0.56669     0.64629    -0.29167   0.0036295
    -0.55014     0.92957     -0.2465    0.010174
    -0.55014     0.92957     -0.2465    0.010174
    -0.81882     0.97986     0.10591    0.024841
     -1.1014     0.76858     0.26203    0.017022
     -1.1014     0.76858     0.26203    0.017022
    -0.90567     0.53841    -0.33598    0.003953
     -1.0573     0.61039     -0.1672    0.007907
    -0.94761     0.87323     0.12234    0.021318
    -0.94761     0.87323     0.12234    0.021318
     -0.7565     0.76858    -0.35418   0.0056057
    -0.61355     0.78923    -0.32109   0.0063488
    -0.52082     0.85664    -0.27986   0.0058869
    -0.59324     0.74721     -0.3187   0.0042966
    -0.30911     0.96221    -0.25243   0.0064887
    -0.30911     0.96221    -0.25243   0.0064887
    -0.49098      1.2065     0.19405     0.03509
    -0.51765      1.2103     0.24411    0.030651
    -0.70911      1.0408    0.068735    0.025035
    -0.78921      1.2741      1.1007    0.046442
    -0.78921      1.2741      1.1007    0.046442
    -0.84803      1.1487     0.77761    0.044103
     -1.1067      1.2105      2.5025    0.081138
     -1.1067      1.2105      2.5025    0.081138
     -1.1067      1.2105      2.5025    0.081138
     -1.1067      1.2105      2.5025    0.081138
     -0.8384      1.3562      1.8352    0.079225
     -0.8384      1.3562      1.8352    0.079225
     -1.1294      1.2771       3.289     0.11117
    -0.85194      1.1329     0.61537    0.040012
    -0.85377     0.87305     -0.1016    0.016816
    -0.74608      1.0225    0.066612    0.025411
    -0.64691      1.2397     0.45686     0.03818
    -0.64691      1.2397     0.45686     0.03818
      -0.537     0.95599     -0.2231    0.010852
      -0.537     0.95599     -0.2231    0.010852
      -0.537     0.95599     -0.2231    0.010852
      -0.537     0.95599     -0.2231    0.010852
    -0.67263     0.91933    -0.22129   0.0098271
    -0.67263     0.91933    -0.22129   0.0098271
    -0.52427      1.0541    -0.12581    0.017264
    -0.32792      1.0722    -0.18927    0.012997
    -0.49578      1.2323     0.33468    0.035553
    -0.52067      1.1944     0.22558    0.032351
    -0.28402     0.99808      -0.252   0.0076193
    -0.54169      1.1156    0.055134    0.024647
    -0.54169      1.1156    0.055134    0.024647
    -0.41585     0.97814    -0.22521    0.010805
    -0.41585     0.97814    -0.22521    0.010805
    -0.16463     0.73402   -0.026351   0.0062223
   -0.076059     0.95774    -0.24283   0.0063184
     0.15751     0.90014    -0.22378   0.0052408
     0.30454     0.83132    -0.20234   0.0046477
     0.27778      1.0814    -0.18656      0.0167
