     ACCEPTANCE:
      0.68317
      0.68627
      0.68932
      0.69231
      0.69524
      0.69811
      0.70093
       0.7037
      0.69725
          0.7
       0.7027
      0.70536
      0.70796
      0.71053
      0.70435
      0.69828
      0.70085
      0.70339
      0.69748
      0.69167
      0.69421
      0.69672
      0.69919
      0.69355
        0.688
      0.69048
      0.68504
       0.6875
      0.68992
      0.69231
      0.69466
      0.69697
      0.69925
      0.70149
       0.7037
      0.70588
      0.70803
      0.71014
      0.71223
      0.70714
      0.70213
      0.69718
       0.6993
      0.69444
      0.69655
      0.69178
      0.69388
      0.69595
      0.69799
          0.7
      0.70199
      0.70395
      0.70588
      0.70779
      0.70968
      0.71154
      0.71338
      0.70886
       0.7044
      0.70625
      0.70807
      0.70988
      0.71166
      0.71341
      0.71515
      0.71084
      0.71257
      0.71429
      0.71598
      0.71765
      0.71345
      0.71512
      0.71676
      0.71839
         0.72
      0.71591
      0.71751
       0.7191
      0.72067
      0.72222
      0.72376
      0.71978
      0.72131
      0.72283
      0.72432
      0.72581
      0.72727
      0.72872
      0.72487
      0.72632
      0.72251
      0.71875
      0.71503
      0.71134
      0.70769
      0.70408
      0.70558
      0.70707
      0.70854
         0.71
      0.71144
      0.71287
      0.71429
      0.71569
      0.71707
      0.71845
      0.71981
      0.72115
       0.7177
      0.71905
      0.72038
       0.7217
        0.723
       0.7243
      0.72093
      0.72222
      0.71889
      0.72018
      0.72146
      0.72273
      0.72398
      0.72523
      0.72646
      0.72768
      0.72889
      0.73009
      0.73128
      0.72807
      0.72926
      0.73043
      0.72727
      0.72845
      0.72961
      0.73077
      0.72766
      0.72881
      0.72996
      0.73109
      0.73222
      0.73333
      0.73029
       0.7314
      0.73251
      0.72951
      0.72653
      0.72764
      0.72874
      0.72984
      0.73092
        0.732
      0.73307
      0.73413
      0.73518
      0.73622
      0.73725
      0.73438
      0.73541
      0.73643
      0.73745
      0.73846
      0.73946
      0.74046
      0.74144
      0.73864
      0.73962
       0.7406
      0.74157
      0.73881
      0.73978
      0.73704
      0.73801
      0.73897
      0.73626
      0.73723
      0.73818
      0.73551
      0.73285
      0.73381
      0.73118
      0.73214
       0.7331
      0.73404
      0.73145
      0.73239
      0.73333
      0.73077
      0.73171
      0.73264
      0.73356
      0.73448
       0.7354
       0.7363
      0.73379
      0.73129
       0.7322
      0.73311
      0.73401
       0.7349
      0.73579
      0.73333
       0.7309
      0.73179
      0.73267
      0.73026
      0.73115
      0.73203
       0.7329
      0.73052
      0.72816
      0.72581
      0.72347
      0.72115
      0.72204
      0.71975
      0.72063
      0.72152
      0.71924
      0.71698
      0.71787
      0.71875
      0.71651
      0.71429
      0.71207
      0.71296
      0.71385
      0.71472
       0.7156
      0.71341
      0.71429
      0.71515
      0.71601
      0.71386
      0.71471
      0.71257
      0.71343
      0.71429
      0.71217
      0.71006
      0.71091
      0.71176
      0.71261
      0.71345
      0.71429
      0.71221
      0.71304
      0.71098
      0.71182
      0.71264
       0.7106
      0.70857
      0.70655
      0.70739
      0.70538
      0.70339
      0.70141
      0.69944
      0.70028
      0.70112
      0.70195
          0.7
      0.70083
       0.6989
      0.69697
      0.69505
      0.69315
      0.69126
       0.6921
      0.69293
      0.69377
      0.69189
      0.69272
      0.69086
      0.68901
      0.68717
        0.688
      0.68883
        0.687
      0.68783
      0.68602
      0.68421
      0.68504
      0.68586
      0.68407
      0.68229
      0.68312
      0.68135
      0.68217
      0.68299
       0.6838
      0.68462
      0.68286
      0.68367
      0.68448
      0.68274
      0.68101
      0.67929
      0.67758
      0.67588
      0.67669
       0.6775
       0.6783
      0.67662
      0.67742
      0.67822
      0.67901
       0.6798
      0.68059
      0.68137
      0.68215
      0.68293
       0.6837
      0.68447
      0.68523
      0.68599
      0.68434
       0.6851
      0.68585
       0.6866
      0.68496
      0.68571
      0.68646
      0.68483
      0.68558
      0.68396
      0.68471
       0.6831
      0.68384
      0.68224
      0.68298
      0.68372
      0.68213
      0.68287
       0.6836
      0.68433
      0.68506
      0.68578
      0.68421
      0.68493
      0.68337
      0.68409
      0.68254
        0.681
      0.67946
      0.68018
      0.67865
      0.67713
      0.67785
      0.67857
      0.67929
      0.67778
      0.67849
       0.6792
      0.67991
      0.67841
      0.67692
      0.67763
      0.67834
      0.67686
      0.67538
      0.67391
      0.67462
      0.67316
      0.67387
      0.67457
      0.67527
      0.67597
      0.67452
      0.67521
      0.67591
       0.6766
      0.67728
      0.67797
      0.67865
      0.67932
         0.68
      0.67857
      0.67715
      0.67782
       0.6785
      0.67917
      0.67983
       0.6805
      0.67909
      0.67975
      0.68041
      0.68107
      0.68172
      0.68238
      0.68098
      0.68163
      0.68228
      0.68293
      0.68154
      0.68219
      0.68283
      0.68347
       0.6841
      0.68474
      0.68537
        0.686
      0.68663
      0.68725
      0.68588
      0.68452
      0.68317
      0.68182
      0.68245
      0.68307
      0.68369
      0.68431
      0.68297
      0.68164
      0.68031
      0.67899
      0.67767
      0.67636
      0.67698
      0.67761
       0.6763
        0.675
       0.6737
      0.67241
      0.67304
      0.67176
      0.67048
       0.6711
      0.67173
      0.67045
      0.66919
      0.66981
      0.67043
      0.66917
      0.66792
      0.66854
      0.66916
      0.66978
      0.66853
      0.66914
      0.66976
      0.67037
      0.66913
      0.66974
      0.67035
      0.67096
      0.67156
      0.67033
      0.67093
      0.67153
      0.67213
      0.67273
      0.67332
      0.67391
       0.6745
      0.67329
      0.67207
      0.67266
      0.67325
      0.67204
      0.67263
      0.67143
      0.67023
      0.66904
      0.66963
      0.67021
       0.6708
      0.67138
      0.67019
      0.67077
       0.6696
      0.67018
        0.669
      0.66958
      0.67016
      0.67073
       0.6713
      0.67014
      0.67071
      0.67128
      0.67012
      0.67069
      0.66954
      0.66838
      0.66895
      0.66952
      0.67009
      0.67065
      0.67121
      0.67177
      0.67063
      0.66949
      0.66836
      0.66723
       0.6661
      0.66667
      0.66723
      0.66779
      0.66667
      0.66555
      0.66444
      0.66333
      0.66389
      0.66445
      0.66335
      0.66391
      0.66446
      0.66337
      0.66227
      0.66283
      0.66174
       0.6623
      0.66285
      0.66176
      0.66232
      0.66124
      0.66016
      0.65909
      0.65964
      0.65858
      0.65751
      0.65806
      0.65862
      0.65916
      0.65971
      0.66026
       0.6592
      0.65815
      0.65869
      0.65924
      0.65978
      0.66032
      0.66086
      0.65981
      0.65877
      0.65773
      0.65827
      0.65723
       0.6562
      0.65517
      0.65415
      0.65469
      0.65367
      0.65265
      0.65319
      0.65217
      0.65271
       0.6517
      0.65224
      0.65123
      0.65177
      0.65077
      0.65131
      0.65184
      0.65237
      0.65291
      0.65344
      0.65396
      0.65297
      0.65198
       0.6525
      0.65303
      0.65356
      0.65408
       0.6546
      0.65361
      0.65263
      0.65315
      0.65367
      0.65419
      0.65321
      0.65373
      0.65276
      0.65327
      0.65379
      0.65282
      0.65333
      0.65237
       0.6514
      0.65192
      0.65096
         0.65
      0.64905
      0.64809
      0.64714
       0.6462
      0.64672
      0.64577
      0.64629
      0.64535
      0.64586
      0.64638
      0.64544
      0.64451
      0.64502
      0.64553
      0.64604
      0.64655
      0.64562
       0.6447
      0.64378
      0.64286
      0.64337
      0.64245
      0.64154
      0.64205
      0.64113
      0.64164
      0.64215
      0.64266
      0.64316
      0.64366
      0.64416
      0.64326
      0.64376
      0.64426
      0.64476
      0.64525
      0.64575
      0.64624
      0.64673
      0.64722
      0.64632
      0.64681
      0.64592
      0.64503
      0.64552
      0.64601
      0.64649
       0.6456
      0.64472
      0.64521
      0.64569
      0.64481
      0.64529
      0.64578
      0.64626
      0.64674
      0.64722
       0.6477
      0.64817
      0.64865
      0.64912
       0.6496
      0.65007
      0.65054
      0.65101
      0.65147
      0.65194
      0.65241
      0.65287
      0.65333
      0.65379
      0.65293
      0.65339
      0.65252
      0.65298
      0.65212
      0.65125
      0.65172
      0.65217
      0.65132
      0.65046
      0.64961
      0.64875
      0.64791
      0.64706
      0.64621
      0.64668
      0.64714
      0.64629
      0.64675
      0.64721
      0.64767
      0.64812
      0.64858
      0.64903
       0.6482
      0.64865
      0.64781
      0.64827
      0.64744
      0.64789
      0.64706
      0.64751
      0.64796
      0.64841
      0.64885
       0.6493
      0.64975
      0.65019
      0.65063
      0.65107
      0.65152
      0.65195
      0.65239
      0.65157
      0.65075
      0.65119
      0.65163
      0.65207
       0.6525
      0.65293
      0.65337
      0.65255
      0.65299
      0.65342
      0.65385
      0.65428
       0.6547
      0.65513
      0.65556
      0.65598
      0.65517
       0.6556
      0.65602
      0.65644
      0.65686
      0.65728
       0.6577
       0.6569
      0.65732
      0.65773
      0.65815
      0.65857
      0.65777
      0.65697
      0.65738
       0.6578
        0.657
      0.65742
      0.65783
      0.65824
      0.65865
      0.65906
      0.65947
      0.65988
      0.66029
      0.66069
       0.6611
      0.66031
      0.66071
      0.66112
      0.66152
      0.66192
      0.66232
      0.66154
      0.66194
      0.66234
      0.66274
      0.66313
      0.66353
      0.66392
      0.66432
      0.66354
      0.66393
      0.66433
      0.66472
      0.66394
      0.66434
      0.66473
      0.66395
      0.66434
      0.66473
      0.66512
      0.66435
      0.66474
      0.66513
      0.66436
      0.66475
      0.66513
      0.66552
      0.66475
      0.66514
      0.66552
      0.66476
        0.664
      0.66324
      0.66249
      0.66287
      0.66325
       0.6625
      0.66288
      0.66327
      0.66365
      0.66403
      0.66441
      0.66479
      0.66516
      0.66554
      0.66592
      0.66629
      0.66554
      0.66592
      0.66629
      0.66667
      0.66704
      0.66741
      0.66778
      0.66815
      0.66741
      0.66667
      0.66593
       0.6663
      0.66556
      0.66593
      0.66519
      0.66446
      0.66373
        0.663
      0.66227
      0.66264
      0.66191
      0.66118
      0.66156
      0.66193
       0.6623
      0.66157
      0.66085
      0.66013
       0.6605
      0.65978
      0.66015
      0.65944
       0.6598
      0.65909
      0.65838
      0.65767
      0.65804
      0.65733
       0.6577
      0.65806
      0.65843
       0.6588
      0.65916
      0.65846
      0.65882
      0.65919
      0.65848
      0.65778
      0.65815
      0.65851
      0.65887
      0.65924
      0.65854
       0.6589
      0.65926
      0.65856
      0.65892
      0.65823
      0.65859
      0.65895
      0.65931
      0.65966
      0.66002
      0.66038
      0.66073
      0.66109
      0.66144
       0.6618
      0.66215
      0.66146
      0.66181
      0.66216
      0.66251
      0.66286
      0.66321
      0.66356
      0.66391
      0.66322
      0.66357
      0.66392
      0.66323
      0.66358
      0.66393
      0.66427
      0.66462
      0.66496
       0.6653
      0.66564
      0.66496
      0.66429
      0.66463
      0.66395
      0.66429
      0.66463
      0.66497
      0.66531
      0.66565
      0.66599
      0.66633
      0.66667
        0.667
      0.66633
      0.66667
        0.667
      0.66734
      0.66667
        0.666
      0.66633
      0.66567
        0.665
      0.66434
      0.66467
      0.66401
      0.66434
      0.66368
      0.66302
      0.66236
      0.66171
      0.66204
      0.66139
      0.66073
      0.66008
      0.66041
      0.65976
      0.65911
      0.65945
      0.65978
      0.66012
      0.66045
      0.66078
      0.66112
      0.66145
       0.6608
      0.66113
      0.66049
      0.66082
      0.66115
      0.66148
      0.66181
      0.66214
      0.66246
      0.66279
      0.66312
      0.66344
       0.6628
      0.66216
      0.66152
      0.66185
      0.66218
      0.66154
       0.6609
      0.66123
      0.66155
      0.66188
       0.6622
      0.66252
      0.66285
      0.66317
      0.66254
      0.66286
      0.66318
      0.66255
      0.66287
      0.66319
      0.66256
      0.66193
      0.66225
      0.66257
      0.66289
      0.66321
      0.66352
      0.66384
      0.66322
      0.66353
      0.66385
      0.66417
      0.66354
      0.66386
      0.66417
      0.66355
      0.66293
      0.66231
      0.66263
      0.66294
      0.66326
      0.66357
      0.66388
      0.66419
       0.6645
      0.66481
      0.66512
      0.66451
       0.6639
      0.66328
      0.66359
      0.66298
      0.66329
       0.6636
      0.66299
       0.6633
      0.66269
        0.663
       0.6624
      0.66271
       0.6621
      0.66241
      0.66272
      0.66302
      0.66333
      0.66364
