     MU:      SIGMA:     E_MEASURED:    ERROR:
    -0.76458     0.66791    -0.41954    0.004859
    -0.66348     0.96646    -0.16599    0.013349
    -0.49341      1.0068    -0.19684     0.01164
    -0.56043      0.8085    -0.29428   0.0055808
     -0.3354     0.69428   -0.071348   0.0063108
    -0.20733      0.9239    -0.23885   0.0048616
    -0.10283      0.8976     -0.2233   0.0046323
     0.14796     0.97868    -0.26167   0.0060042
     0.14796     0.97868    -0.26167   0.0060042
     0.24762     0.76235    -0.11509   0.0057797
   -0.026722      1.0418    -0.24481    0.010514
    0.058634      1.2281   -0.060188    0.019302
   -0.081803      1.0791    -0.23225    0.011914
   -0.025553     0.83977    -0.16022   0.0046449
   -0.025553     0.83977    -0.16022   0.0046449
   -0.025553     0.83977    -0.16022   0.0046449
    0.025229      1.0802    -0.23422    0.011099
     0.29475      1.0385     -0.2221   0.0092345
     0.29475      1.0385     -0.2221   0.0092345
     0.29475      1.0385     -0.2221   0.0092345
     0.16269      1.0855    -0.21686    0.011342
     0.43273      1.0917    -0.13547    0.016582
     0.33264      1.2066    0.070869    0.026229
     0.33264      1.2066    0.070869    0.026229
     0.33264      1.2066    0.070869    0.026229
     0.10217      1.2818     0.15605    0.025707
     0.10217      1.2818     0.15605    0.025707
     0.37282      1.0973    -0.13857    0.014866
     0.13499      1.2608     0.15656    0.039932
    -0.10683      1.3926     0.52262    0.046405
    -0.10076      1.3223     0.33937    0.042097
     0.14974      1.1636    -0.10585    0.022644
    0.056363      1.0887    -0.20197   0.0097011
     0.34791     0.93291    -0.25203    0.006436
     0.59211     0.74298    -0.30909   0.0052469
     0.34979       1.021    -0.21336    0.013174
     0.55308      1.0594    -0.08936    0.018319
     0.46471      1.1712    0.070068    0.025074
     0.56845      1.0802   -0.040022    0.023056
     0.56845      1.0802   -0.040022    0.023056
     0.56845      1.0802   -0.040022    0.023056
     0.56845      1.0802   -0.040022    0.023056
     0.43005     0.84921     -0.2491   0.0055722
     0.43005     0.84921     -0.2491   0.0055722
     0.46475     0.63161    -0.15382   0.0051798
     0.46475     0.63161    -0.15382   0.0051798
     0.38248     0.78565    -0.20839   0.0045997
     0.24197     0.88528    -0.22882   0.0048975
     0.32478     0.73266    -0.12017   0.0050489
     0.48963     0.72881    -0.24484   0.0042084
     0.29471     0.93079    -0.24979    0.006874
     0.11034      0.8003    -0.11124   0.0059596
     0.19167     0.73523   -0.041788    0.005771
    0.075583      1.0212    -0.24251   0.0096994
    0.083876        1.08    -0.22919   0.0099156
     -0.1211     0.85033    -0.16625   0.0063454
    -0.33236     0.79388    -0.18783    0.005293
    -0.33236     0.79388    -0.18783    0.005293
    -0.33236     0.79388    -0.18783    0.005293
    -0.47195     0.87055    -0.27641   0.0061505
    -0.39381     0.87318    -0.25266   0.0049333
    -0.19481      1.0365    -0.23843   0.0098315
    -0.17774      1.1751    -0.12432     0.01556
    -0.14434     0.93619    -0.24615   0.0056255
    -0.34594      1.0228    -0.21644    0.010861
    -0.34594      1.0228    -0.21644    0.010861
    -0.50401     0.85697    -0.27512   0.0062093
    -0.57896      1.0294    -0.13484    0.013909
    -0.73302     0.82089    -0.28811   0.0089901
    -0.70619     0.76831    -0.34216   0.0065804
    -0.70619     0.76831    -0.34216   0.0065804
     -0.4767     0.95584    -0.23066    0.013926
    -0.30703     0.85925    -0.22934   0.0055605
    -0.46353     0.95724    -0.25292   0.0085909
    -0.40047     0.93401    -0.25428   0.0082902
    -0.40047     0.93401    -0.25428   0.0082902
    -0.35259      1.0209    -0.20847    0.010622
    -0.47892     0.80671    -0.26886   0.0039749
    -0.70886     0.83002     -0.2895   0.0078035
    -0.46394     0.73914    -0.23089   0.0044799
    -0.20405     0.57003     0.31316   0.0092704
    -0.20405     0.57003     0.31316   0.0092704
    -0.48781     0.52088    -0.08608   0.0053859
    -0.31533     0.56318     0.17791   0.0067562
    -0.57666     0.83231    -0.31056   0.0067372
    -0.84438     0.57176    -0.41356   0.0030862
     -1.0038     0.65766    -0.22227   0.0077554
    -0.96904     0.57305    -0.32178   0.0037814
    -0.96904     0.57305    -0.32178   0.0037814
     -1.0068      0.5943    -0.26594   0.0051149
     -1.0068      0.5943    -0.26594   0.0051149
     -1.0068      0.5943    -0.26594   0.0051149
     -1.0068      0.5943    -0.26594   0.0051149
     -1.0068      0.5943    -0.26594   0.0051149
     -1.0068      0.5943    -0.26594   0.0051149
     -1.0068      0.5943    -0.26594   0.0051149
    -0.96267     0.60861    -0.33134   0.0044451
      -0.832     0.61537    -0.43988   0.0028183
    -0.67856      0.7936    -0.33119   0.0064994
    -0.54889     0.72047    -0.27727   0.0044709
    -0.71235      1.0155    0.027148    0.024229
    -0.61021      0.8215    -0.28711   0.0070575
    -0.50477     0.68512    -0.23516   0.0045254
    -0.51309     0.64263    -0.21366   0.0044136
    -0.26085     0.78728    -0.14069   0.0049737
    -0.35512     0.73014    -0.13022   0.0052329
    -0.28873     0.75767    -0.12538   0.0055317
    -0.41855     0.64116   -0.094218   0.0056577
    -0.41855     0.64116   -0.094218   0.0056577
    -0.14753     0.80474    -0.13024   0.0050055
    -0.10328     0.72805   0.0036322   0.0063536
    -0.40185     0.68684    -0.13336   0.0056149
    -0.39361     0.68201    -0.11921   0.0057454
    -0.61733     0.41636    0.063284    0.012191
    -0.61733     0.41636    0.063284    0.012191
    -0.67191     0.44863    -0.09216   0.0088478
    -0.67191     0.44863    -0.09216   0.0088478
     -0.5397     0.49115    -0.12389   0.0061174
    -0.49158     0.70682    -0.23047   0.0038247
    -0.35607     0.95071     -0.2549   0.0073713
    -0.26666      1.1422    -0.13519    0.015042
    -0.22592      1.0296     -0.2469     0.00845
    -0.13775      1.1453    -0.16676     0.01361
     0.13766     0.88838    -0.21809   0.0045749
      0.4113      1.1166   -0.075475    0.020184
     0.12036      1.2407    0.027514    0.025013
   -0.079572       1.107     -0.1752    0.016666
   -0.079572       1.107     -0.1752    0.016666
    0.092016      1.2568     0.12311     0.03681
    -0.16538      1.1349    -0.18084    0.013093
    -0.16538      1.1349    -0.18084    0.013093
    -0.37131     0.90861    -0.26668   0.0055788
    -0.41403     0.62111    -0.06732   0.0052187
    -0.38112     0.68928    -0.10923   0.0046975
    -0.38112     0.68928    -0.10923   0.0046975
    -0.17993     0.93859    -0.23953   0.0070395
    -0.28795     0.70294    -0.05408   0.0063267
    -0.30759     0.92052    -0.25887   0.0055638
    -0.36983      0.7644    -0.18539   0.0044444
    -0.64106     0.47107    -0.19665   0.0077763
    -0.64106     0.47107    -0.19665   0.0077763
    -0.81679     0.47609    -0.19539   0.0074849
    -0.62717     0.58615     -0.3382   0.0031537
    -0.62717     0.58615     -0.3382   0.0031537
    -0.62717     0.58615     -0.3382   0.0031537
    -0.36421     0.60071    0.019378   0.0064729
    -0.10151      0.7868   -0.092806   0.0057313
   0.0023109     0.68028     0.12016   0.0078243
    -0.26974     0.64578    0.069024    0.006862
    -0.37207     0.60921   -0.004719   0.0062324
    -0.18006     0.83444    -0.18429   0.0057732
   -0.028988     0.97498    -0.24419   0.0063367
     0.10558      1.0646    -0.22823     0.01116
     0.19121      1.0564    -0.22106    0.012545
     0.34216     0.88675    -0.24711   0.0055949
     0.34216     0.88675    -0.24711   0.0055949
     0.28401     0.76236    -0.13192    0.004879
     0.27179     0.77848    -0.13583   0.0054331
      0.4515     0.72695    -0.21738   0.0050965
     0.74858     0.69702    -0.40296   0.0041867
     0.49571     0.92675    -0.25202   0.0088766
     0.68866     0.65235    -0.40324   0.0025205
     0.48586     0.61587      -0.164   0.0044438
     0.48586     0.61587      -0.164   0.0044438
     0.62104     0.43469   -0.032161   0.0094623
     0.85109     0.55425    -0.39026   0.0035133
     0.59886     0.82774    -0.28815   0.0070807
     0.59886     0.82774    -0.28815   0.0070807
     0.45559     0.94106    -0.25158    0.010232
     0.45559     0.94106    -0.25158    0.010232
     0.53343     0.83638    -0.27879   0.0066384
     0.77058     0.94226   -0.056808    0.018904
     0.77058     0.94226   -0.056808    0.018904
     0.62236      0.8279    -0.30352   0.0067372
     0.72989     0.98637   -0.039393    0.020707
     0.72989     0.98637   -0.039393    0.020707
     0.72989     0.98637   -0.039393    0.020707
     0.84286     0.97034     0.13378    0.025309
     0.84286     0.97034     0.13378    0.025309
     0.64901      1.1869     0.41348    0.045626
     0.54677      1.1777     0.15994    0.026854
     0.28721      1.2222    0.041219    0.023817
     0.28721      1.2222    0.041219    0.023817
     0.41032      1.0755    -0.14826    0.014137
     0.58413     0.88255    -0.26912   0.0080512
     0.58413     0.88255    -0.26912   0.0080512
     0.30253      0.8768    -0.23343   0.0052816
     0.38142     0.95174    -0.25556   0.0071202
     0.46372     0.91037    -0.25719    0.009084
     0.31769      1.0534    -0.22341   0.0090376
     0.12321      1.0522    -0.24225    0.010809
     0.20494      1.2891     0.19053     0.02786
     0.20494      1.2891     0.19053     0.02786
     0.20494      1.2891     0.19053     0.02786
     0.41348      1.3433     0.60684    0.048158
     0.48141      1.2466     0.23799     0.03809
     0.22123      1.2875     0.24243     0.02976
     0.14452      1.1582    -0.12132    0.017856
    -0.11878      1.1613   -0.095615    0.018859
    -0.11878      1.1613   -0.095615    0.018859
    -0.11878      1.1613   -0.095615    0.018859
    0.060079      1.0037    -0.25246   0.0066304
    -0.12442      0.9062    -0.22342   0.0059568
    -0.12442      0.9062    -0.22342   0.0059568
    -0.10804     0.97374    -0.25187   0.0049993
    0.062337     0.88729    -0.19829   0.0059813
    -0.17356      1.0716    -0.21124    0.012352
    -0.17356      1.0716    -0.21124    0.012352
    -0.17356      1.0716    -0.21124    0.012352
    -0.17356      1.0716    -0.21124    0.012352
    -0.17356      1.0716    -0.21124    0.012352
    -0.17356      1.0716    -0.21124    0.012352
    -0.14091      1.2911     0.15337    0.028428
    -0.14091      1.2911     0.15337    0.028428
   -0.095708      1.2132  -0.0018095    0.028725
    -0.08099      1.0186    -0.25149   0.0085778
    -0.08099      1.0186    -0.25149   0.0085778
    -0.08099      1.0186    -0.25149   0.0085778
    0.082628     0.97972     -0.2519   0.0057836
    -0.14902     0.91908    -0.23111    0.004746
    -0.14902     0.91908    -0.23111    0.004746
    -0.14902     0.91908    -0.23111    0.004746
    -0.14902     0.91908    -0.23111    0.004746
    -0.25516     0.81733    -0.17901   0.0046624
   -0.081879     0.90703    -0.22524   0.0052389
   -0.061968      0.9655    -0.24274   0.0056086
    -0.12572     0.70189    0.055815   0.0073585
    -0.12572     0.70189    0.055815   0.0073585
    -0.19314     0.64191     0.13555   0.0074851
   -0.073941     0.54583     0.52703    0.009451
    0.068663     0.84412    -0.16567   0.0055013
    0.068663     0.84412    -0.16567   0.0055013
     0.22519     0.99408    -0.25582   0.0061317
     0.22519     0.99408    -0.25582   0.0061317
     0.21576      1.0899    -0.21472    0.011079
   -0.064529     0.80698    -0.11846   0.0055077
   -0.064529     0.80698    -0.11846   0.0055077
   -0.064529     0.80698    -0.11846   0.0055077
    -0.34761      1.0027    -0.22228   0.0095149
    -0.46146      1.0925    -0.12435    0.017799
    -0.62605      1.0909    0.032948    0.020556
     -0.8506      0.9407    0.071375    0.025033
     -1.0324      0.7597    0.004154    0.014647
     -1.0324      0.7597    0.004154    0.014647
    -0.84697     0.47905    -0.19819   0.0082847
    -0.84697     0.47905    -0.19819   0.0082847
    -0.60172      0.7213    -0.32939   0.0042853
    -0.76538     0.56777    -0.42497   0.0026622
    -0.76538     0.56777    -0.42497   0.0026622
    -0.76538     0.56777    -0.42497   0.0026622
    -0.76538     0.56777    -0.42497   0.0026622
    -0.71226     0.55741    -0.39035    0.003646
    -0.71226     0.55741    -0.39035    0.003646
    -0.71226     0.55741    -0.39035    0.003646
    -0.71226     0.55741    -0.39035    0.003646
    -0.71226     0.55741    -0.39035    0.003646
      -1.012     0.67673    -0.21242    0.008098
     -1.0397     0.49812   -0.080374   0.0051256
    -0.83712     0.61126    -0.43818   0.0027082
    -0.83712     0.61126    -0.43818   0.0027082
    -0.76961     0.54788    -0.40129   0.0038756
    -0.76961     0.54788    -0.40129   0.0038756
    -0.76961     0.54788    -0.40129   0.0038756
    -0.76961     0.54788    -0.40129   0.0038756
    -0.76961     0.54788    -0.40129   0.0038756
    -0.76961     0.54788    -0.40129   0.0038756
    -0.84389     0.77718    -0.27719    0.010122
     -1.0853     0.59393    -0.10215   0.0079484
    -0.82966     0.52174    -0.34139   0.0051919
    -0.82966     0.52174    -0.34139   0.0051919
     -0.6739       0.496    -0.27706    0.006712
     -0.6739       0.496    -0.27706    0.006712
     -0.6739       0.496    -0.27706    0.006712
     -0.6739       0.496    -0.27706    0.006712
    -0.83797     0.44204   -0.018699    0.010313
    -0.88733     0.69136    -0.35928   0.0068537
    -0.88733     0.69136    -0.35928   0.0068537
    -0.81745     0.83802    -0.21872     0.01186
    -0.81745     0.83802    -0.21872     0.01186
    -0.81745     0.83802    -0.21872     0.01186
    -0.64925      1.1141     0.17964    0.032959
    -0.55467      1.1826     0.23144    0.036106
    -0.55467      1.1826     0.23144    0.036106
    -0.55467      1.1826     0.23144    0.036106
    -0.29057      1.1429    -0.13133    0.017261
    -0.29057      1.1429    -0.13133    0.017261
    -0.55922      1.0958    -0.03875    0.018527
    -0.49423      1.2247     0.23569    0.028783
    -0.38532     0.94529    -0.23848    0.010264
    -0.33234     0.66783   -0.023789   0.0060287
    -0.33234     0.66783   -0.023789   0.0060287
   -0.037034     0.93488    -0.24256   0.0055597
      0.1067       1.212   -0.027556    0.017848
      0.1067       1.212   -0.027556    0.017848
      0.1067       1.212   -0.027556    0.017848
      0.1067       1.212   -0.027556    0.017848
      0.1067       1.212   -0.027556    0.017848
      0.1067       1.212   -0.027556    0.017848
     0.29399      1.1601   -0.071089    0.022981
      0.3767      1.3339     0.53693    0.045829
      0.2086        1.27     0.15892     0.02756
      0.2086        1.27     0.15892     0.02756
     0.46611      1.3563     0.65608    0.041796
     0.57777      1.1454     0.17571    0.034549
     0.65578     0.86802    -0.25634    0.011177
     0.59484     0.98342    -0.17312    0.016817
     0.53872       1.124    0.077179     0.02564
     0.61562      1.0759   0.0067491    0.022972
     0.64942     0.89224    -0.25526    0.010424
     0.84256     0.61951    -0.43228   0.0032308
     0.89316     0.90449    0.094378    0.022328
     0.74172      1.1113     0.38883    0.040501
     0.99579      1.0323     0.80327    0.040823
     0.92658     0.86271    0.015116    0.016074
     0.92658     0.86271    0.015116    0.016074
      1.0229      1.0961      1.3684    0.065507
      1.0427       0.894     0.45198    0.031985
     0.97764      1.0008     0.62564    0.040146
     0.97764      1.0008     0.62564    0.040146
      1.0427      1.0491      1.1988    0.045619
      1.1949     0.83914     0.95373    0.031751
      1.1949     0.83914     0.95373    0.031751
     0.94342     0.92042     0.18596    0.025482
     0.94342     0.92042     0.18596    0.025482
     0.65282     0.96326    -0.15979    0.016002
     0.65282     0.96326    -0.15979    0.016002
     0.50788      0.9797    -0.18925    0.013213
     0.50788      0.9797    -0.18925    0.013213
     0.33565     0.94988    -0.24367   0.0079166
     0.42147     0.67128    -0.13776   0.0056399
     0.42147     0.67128    -0.13776   0.0056399
     0.20856     0.57396     0.31643   0.0091551
     0.47388     0.87123    -0.27458   0.0053228
     0.60988     0.65773    -0.32888   0.0027718
     0.86494     0.48078    -0.19427   0.0072542
      1.0029     0.46752   -0.029819   0.0058042
      1.0029     0.46752   -0.029819   0.0058042
     0.88505     0.64545    -0.40052    0.005087
     0.88505     0.64545    -0.40052    0.005087
     0.98311     0.65515    -0.28761   0.0070844
     0.98311     0.65515    -0.28761   0.0070844
     0.98311     0.65515    -0.28761   0.0070844
     0.98311     0.65515    -0.28761   0.0070844
     0.90325     0.61978    -0.40428   0.0034209
     0.90325     0.61978    -0.40428   0.0034209
     0.90325     0.61978    -0.40428   0.0034209
     0.85699     0.48705    -0.21922   0.0073373
     0.81004     0.49287    -0.27044    0.007116
     0.93601     0.52906    -0.28817     0.00458
     0.93601     0.52906    -0.28817     0.00458
     0.97459     0.68306    -0.27284    0.007731
     0.94571     0.77444    -0.17008     0.01284
      1.0103     0.47767   -0.068286   0.0063907
      1.0103     0.47767   -0.068286   0.0063907
      1.0103     0.47767   -0.068286   0.0063907
      0.9774     0.74896    -0.16066    0.013265
     0.79461     0.55063    -0.40631   0.0035221
     0.79461     0.55063    -0.40631   0.0035221
     0.79461     0.55063    -0.40631   0.0035221
     0.79461     0.55063    -0.40631   0.0035221
     0.82382     0.71333    -0.38595   0.0052658
     0.82382     0.71333    -0.38595   0.0052658
     0.88648     0.78564    -0.22083    0.011168
      1.1689     0.60111     0.16035    0.011773
      1.0237     0.50498    -0.13108   0.0043485
      1.0268     0.38209     0.47342    0.013377
      1.0268     0.38209     0.47342    0.013377
      1.0199     0.45585    0.027338   0.0068465
      1.0964     0.67926    0.026083    0.012974
     0.93738     0.46151   -0.069437   0.0078542
     0.88529     0.45998   -0.086323   0.0084023
     0.62644     0.62473    -0.34223   0.0031688
     0.40863     0.87432    -0.26025   0.0053893
     0.52774     0.58391    -0.20133   0.0043039
     0.50076     0.40979     0.12461   0.0093381
     0.50076     0.40979     0.12461   0.0093381
     0.50076     0.40979     0.12461   0.0093381
     0.34356      0.7022   -0.094414   0.0047444
     0.52325     0.97779    -0.20411    0.011134
     0.71717      1.0762     0.15057    0.034281
      0.7442     0.78296    -0.33159   0.0082851
     0.78192     0.98165 -0.00014543    0.023037
     0.78192     0.98165 -0.00014543    0.023037
     0.68489      1.1498     0.29171    0.034342
      0.5308      1.0635   -0.083263    0.020054
     0.68876     0.87229    -0.26166    0.010082
     0.84428     0.80654     -0.2338    0.012246
     0.99357     0.76274   -0.066197     0.01632
     0.99357     0.76274   -0.066197     0.01632
     0.83276     0.53438    -0.36833   0.0050353
     0.83622     0.61229    -0.43938   0.0025694
     0.68368     0.60207    -0.39351    0.002662
     0.68368     0.60207    -0.39351    0.002662
     0.46464     0.82177    -0.26376   0.0049519
     0.58738     0.72658    -0.31605   0.0035783
     0.77046     0.57565    -0.42819   0.0023643
     0.90858     0.86671   -0.038313     0.01961
     0.83156     0.91477   -0.038916    0.019226
     0.59241      1.0282   -0.022021     0.02535
     0.81601     0.89507    -0.10495    0.014019
     0.72753      1.0214    0.014239    0.022235
     0.84141     0.87956   -0.069639    0.019224
     0.84141     0.87956   -0.069639    0.019224
     0.84141     0.87956   -0.069639    0.019224
     0.84141     0.87956   -0.069639    0.019224
     0.84141     0.87956   -0.069639    0.019224
     0.60664     0.60856    -0.32186   0.0034666
     0.79856     0.63089    -0.44224   0.0026805
     0.81557     0.64602    -0.43835   0.0027926
     0.86916     0.65945    -0.41197   0.0047557
     0.86916     0.65945    -0.41197   0.0047557
     0.86916     0.65945    -0.41197   0.0047557
     0.86916     0.65945    -0.41197   0.0047557
     0.86916     0.65945    -0.41197   0.0047557
     0.86916     0.65945    -0.41197   0.0047557
     0.86916     0.65945    -0.41197   0.0047557
     0.94014     0.67887    -0.33316   0.0070664
      1.1154      0.4754     0.10958    0.005342
      1.1154      0.4754     0.10958    0.005342
      1.1154      0.4754     0.10958    0.005342
      1.1154      0.4754     0.10958    0.005342
      1.1154      0.4754     0.10958    0.005342
      1.1231      0.3992     0.40238    0.012682
      1.1231      0.3992     0.40238    0.012682
      1.1231      0.3992     0.40238    0.012682
      1.0188     0.52131    -0.17865   0.0042556
      1.0659     0.51728   -0.096065   0.0041666
      1.0659     0.51728   -0.096065   0.0041666
      1.0659     0.51728   -0.096065   0.0041666
     0.86228     0.81042    -0.20716    0.013675
     0.69414      0.5669    -0.39049   0.0032288
     0.69414      0.5669    -0.39049   0.0032288
     0.69414      0.5669    -0.39049   0.0032288
     0.46168     0.67643    -0.18542   0.0045978
      0.3101     0.66354  -0.0046687   0.0071561
     0.12285     0.69626    0.060571    0.006764
     0.12285     0.69626    0.060571    0.006764
     0.10254     0.72802  -0.0032106    0.006732
   -0.076222     0.69233     0.07188   0.0071003
    0.077726     0.90025    -0.21025   0.0052418
    0.077726     0.90025    -0.21025   0.0052418
    -0.21436     0.71016  -0.0099078   0.0060976
    -0.22533     0.61659      0.1798   0.0081791
    -0.33484     0.45736     0.38093   0.0092949
   -0.051975     0.63326     0.23931    0.008148
   -0.051975     0.63326     0.23931    0.008148
    0.069949     0.65295       0.179   0.0077278
     0.35946     0.90312    -0.25422   0.0062701
     0.18602     0.99931    -0.25008   0.0095888
     0.19578       1.031    -0.23963   0.0076293
     0.34294      1.0154    -0.23479   0.0097092
     0.46301     0.92431    -0.26205   0.0072733
     0.26212     0.79082    -0.15076   0.0053194
     0.26212     0.79082    -0.15076   0.0053194
     0.26212     0.79082    -0.15076   0.0053194
     0.27221     0.77873    -0.14633   0.0049081
     0.50456       1.045    -0.12332    0.018739
     0.50456       1.045    -0.12332    0.018739
     0.35592      1.2299     0.14212    0.024423
     0.35592      1.2299     0.14212    0.024423
     0.35592      1.2299     0.14212    0.024423
     0.35592      1.2299     0.14212    0.024423
     0.41634      1.0222    -0.20433    0.013099
     0.38861      1.1539   -0.019388    0.027027
     0.52568      1.0771     -0.1001    0.018441
     0.23541     0.97929    -0.24269   0.0086673
     0.23541     0.97929    -0.24269   0.0086673
     0.18236     0.93623    -0.24583   0.0067764
     0.18236     0.93623    -0.24583   0.0067764
    0.036957      1.0457    -0.24332   0.0084841
    0.036957      1.0457    -0.24332   0.0084841
     0.21352      1.1147    -0.17907    0.014423
   0.0088237      1.0928    -0.21901    0.010674
    -0.15337     0.87838    -0.20126   0.0054836
    -0.24148     0.78774    -0.14573   0.0055045
    -0.24148     0.78774    -0.14573   0.0055045
     -0.3619     0.82939    -0.22234   0.0057793
    -0.45627     0.60522    -0.11483   0.0049801
    -0.45627     0.60522    -0.11483   0.0049801
    -0.37689     0.58717    0.032693   0.0058614
    -0.37689     0.58717    0.032693   0.0058614
    -0.37689     0.58717    0.032693   0.0058614
    -0.33415      0.8518    -0.22751   0.0044258
    -0.57973      1.0685   -0.043722    0.018905
    -0.55466      1.0265    -0.14565    0.014584
    -0.85131     0.90487   -0.032945    0.017387
    -0.60119     0.65595    -0.33063   0.0032314
    -0.84659      0.5945    -0.43021   0.0025761
    -0.84659      0.5945    -0.43021   0.0025761
    -0.84659      0.5945    -0.43021   0.0025761
    -0.84659      0.5945    -0.43021   0.0025761
    -0.84659      0.5945    -0.43021   0.0025761
    -0.84659      0.5945    -0.43021   0.0025761
    -0.74665      0.5148    -0.33143   0.0056625
    -0.76147     0.50094     -0.3001   0.0063156
    -0.58487     0.55826    -0.27108   0.0036394
    -0.58487     0.55826    -0.27108   0.0036394
    -0.58487     0.55826    -0.27108   0.0036394
    -0.58487     0.55826    -0.27108   0.0036394
    -0.58487     0.55826    -0.27108   0.0036394
    -0.37593     0.60348    0.015277   0.0058674
    -0.45568     0.45892    0.078736   0.0057522
    -0.45568     0.45892    0.078736   0.0057522
    -0.41312     0.65401    -0.10424   0.0056926
    -0.56802      0.8382    -0.29235   0.0058741
    -0.56802      0.8382    -0.29235   0.0058741
    -0.56802      0.8382    -0.29235   0.0058741
    -0.70724     0.63623     -0.4167   0.0025156
    -0.70724     0.63623     -0.4167   0.0025156
    -0.82196      0.4068     0.23271    0.014126
    -0.93002     0.58677    -0.35864   0.0033482
    -0.93002     0.58677    -0.35864   0.0033482
    -0.98963     0.71343    -0.18763    0.011681
    -0.98963     0.71343    -0.18763    0.011681
    -0.98963     0.71343    -0.18763    0.011681
    -0.98963     0.71343    -0.18763    0.011681
     -1.1115     0.43658     0.23041   0.0074244
     -1.1115     0.43658     0.23041   0.0074244
     -1.1115     0.43658     0.23041   0.0074244
      -1.177       0.449      0.2943   0.0069909
     -1.0104     0.59102    -0.25944   0.0048223
    -0.82091     0.85608    -0.16137    0.014946
    -0.67719      1.0638     0.04473    0.024531
    -0.83262     0.85939    -0.11277      0.0168
    -0.83262     0.85939    -0.11277      0.0168
    -0.83262     0.85939    -0.11277      0.0168
    -0.82308     0.85487    -0.18483    0.011228
    -0.78416     0.81126    -0.29484   0.0093186
    -0.95863     0.58622    -0.32997   0.0040264
    -0.77212     0.60931    -0.44142   0.0020309
    -0.89442     0.63662    -0.39966   0.0043827
    -0.89442     0.63662    -0.39966   0.0043827
    -0.89442     0.63662    -0.39966   0.0043827
    -0.89442     0.63662    -0.39966   0.0043827
     -1.1598     0.80161     0.67975    0.030368
     -1.1598     0.80161     0.67975    0.030368
     -1.1598     0.80161     0.67975    0.030368
     -1.1598     0.80161     0.67975    0.030368
     -1.1598     0.80161     0.67975    0.030368
    -0.90246     0.78411    -0.21138    0.011086
    -0.90246     0.78411    -0.21138    0.011086
    -0.90246     0.78411    -0.21138    0.011086
    -0.91459     0.74223    -0.27481   0.0099679
    -0.91459     0.74223    -0.27481   0.0099679
    -0.88248     0.50547    -0.27425   0.0057587
    -0.88248     0.50547    -0.27425   0.0057587
      -1.072     0.54675     -0.1131   0.0046399
      -1.072     0.54675     -0.1131   0.0046399
     -1.0799      0.6333   -0.095562   0.0084456
     -1.0799      0.6333   -0.095562   0.0084456
    -0.78256     0.60904    -0.44809   0.0018064
    -0.59363     0.61773     -0.3026   0.0033919
    -0.66574     0.53275    -0.33178    0.004456
    -0.65567     0.55609    -0.34831   0.0034725
    -0.76897     0.57871    -0.43212   0.0027667
     -1.0082     0.80171    0.039719    0.018409
     -1.0082     0.80171    0.039719    0.018409
     -1.0082     0.80171    0.039719    0.018409
    -0.73917      0.6202    -0.43003   0.0023905
     -0.7094     0.56428    -0.40144   0.0032716
     -0.4519     0.77659    -0.24348   0.0046994
    -0.74483     0.58299    -0.42482   0.0025088
    -0.61793       0.623    -0.33759   0.0029992
    -0.61793       0.623    -0.33759   0.0029992
    -0.61793       0.623    -0.33759   0.0029992
    -0.84941      0.8419    -0.19295    0.012505
     -1.1245     0.61992    0.015127    0.010745
     -1.2979     0.58464      0.6781    0.017091
     -1.2979     0.58464      0.6781    0.017091
     -1.2815     0.62998     0.68464    0.016039
     -1.2815     0.62998     0.68464    0.016039
     -1.1001     0.43646     0.20747   0.0071216
    -0.94396     0.60932    -0.36076   0.0043312
    -0.94396     0.60932    -0.36076   0.0043312
    -0.97038      0.6906    -0.26116   0.0079236
    -0.97038      0.6906    -0.26116   0.0079236
    -0.97038      0.6906    -0.26116   0.0079236
     -1.0761     0.50401   -0.041441     0.00482
     -1.0761     0.50401   -0.041441     0.00482
     -1.0761     0.50401   -0.041441     0.00482
     -1.0761     0.50401   -0.041441     0.00482
     -1.0761     0.50401   -0.041441     0.00482
     -1.0761     0.50401   -0.041441     0.00482
     -1.0761     0.50401   -0.041441     0.00482
    -0.98811     0.39081     0.39586    0.012497
    -0.98811     0.39081     0.39586    0.012497
     -1.0329     0.65399    -0.18417   0.0088668
     -1.0329     0.65399    -0.18417   0.0088668
    -0.91434     0.90862     0.11459    0.026367
    -0.71094      1.0467     0.12886    0.026973
    -0.71094      1.0467     0.12886    0.026973
    -0.71094      1.0467     0.12886    0.026973
    -0.46052     0.95458    -0.25918   0.0076742
    -0.17014     0.98242     -0.2574   0.0054852
    -0.41673     0.77555    -0.22474   0.0048897
    -0.59917     0.61542     -0.3128   0.0032761
    -0.59917     0.61542     -0.3128   0.0032761
    -0.59917     0.61542     -0.3128   0.0032761
    -0.59917     0.61542     -0.3128   0.0032761
    -0.59917     0.61542     -0.3128   0.0032761
    -0.43713     0.57013   -0.044994    0.005904
    -0.43713     0.57013   -0.044994    0.005904
    -0.43713     0.57013   -0.044994    0.005904
    -0.51761     0.70283     -0.2539   0.0041237
    -0.51761     0.70283     -0.2539   0.0041237
    -0.29438     0.90747    -0.25365   0.0059878
    -0.28744     0.73587   -0.092027   0.0053805
    -0.32686     0.88764    -0.24847   0.0047745
    -0.31756     0.76525    -0.14746   0.0048918
    -0.43944     0.85569    -0.26037   0.0061158
    -0.63815     0.94647    -0.19865     0.01333
    -0.63815     0.94647    -0.19865     0.01333
    -0.34749      1.1733   -0.021524    0.020266
    -0.15904     0.87729    -0.19806   0.0049494
     -0.2977      1.1281    -0.11348    0.017309
    -0.55849      1.0273    -0.10722      0.0173
    -0.79872     0.93222    -0.06957    0.019104
    -0.75176     0.63869    -0.43471   0.0026421
    -0.75576     0.40795     0.18622    0.015569
    -0.68151      0.4936    -0.26844   0.0073283
    -0.68151      0.4936    -0.26844   0.0073283
    -0.57757     0.52107      -0.223   0.0049128
    -0.57757     0.52107      -0.223   0.0049128
    -0.57757     0.52107      -0.223   0.0049128
    -0.38862     0.65809   -0.086368    0.005779
      -0.367     0.79521    -0.20415   0.0044123
     -0.2013      1.0238    -0.23591   0.0083336
     -0.2013      1.0238    -0.23591   0.0083336
     -0.2013      1.0238    -0.23591   0.0083336
    -0.41082      1.0566    -0.18182     0.01077
    -0.29021      1.1917   -0.012692    0.024271
    -0.29021      1.1917   -0.012692    0.024271
    -0.25676      0.8983    -0.23812   0.0055725
    -0.34992     0.71397    -0.11343   0.0053947
    -0.64558     0.98935    -0.12161    0.018341
    -0.54329      1.1083    0.024345    0.026508
     -0.6293     0.84346    -0.30123   0.0067533
    -0.74036     0.61499    -0.43517   0.0022097
    -0.90752     0.66009    -0.36275   0.0063174
    -0.66377     0.70613    -0.37428   0.0035733
    -0.73176     0.78905    -0.34155   0.0072415
    -0.63166     0.77697    -0.33641   0.0052876
    -0.76527     0.75678    -0.35517   0.0061773
    -0.46718      1.0505    -0.14912    0.015648
    -0.21566      1.0324    -0.23863   0.0085599
    -0.48016     0.90985    -0.27274   0.0068761
    -0.76958     0.89902    -0.14464    0.014732
    -0.62081     0.64006    -0.34209   0.0028654
    -0.37096     0.69265    -0.10557   0.0057823
    -0.66995     0.77801    -0.33973    0.005874
    -0.72223     0.90923    -0.17621    0.015769
    -0.72223     0.90923    -0.17621    0.015769
     -1.0085     0.65512    -0.22189   0.0075074
     -1.0085     0.65512    -0.22189   0.0075074
      -1.206     0.56454     0.26638   0.0092586
      -1.206     0.56454     0.26638   0.0092586
      -1.206     0.56454     0.26638   0.0092586
     -1.1721     0.37098       0.685    0.016403
     -1.2138     0.39679     0.60685    0.013007
     -1.2138     0.39679     0.60685    0.013007
     -1.2138     0.39679     0.60685    0.013007
     -1.2138     0.39679     0.60685    0.013007
     -1.2138     0.39679     0.60685    0.013007
     -1.2138     0.39679     0.60685    0.013007
     -1.2138     0.39679     0.60685    0.013007
     -1.2138     0.39679     0.60685    0.013007
     -1.0524     0.35267     0.70494    0.017992
     -1.0636     0.36759     0.59453    0.015944
     -1.0636     0.36759     0.59453    0.015944
     -0.8503     0.56346    -0.40638   0.0031962
    -0.82562     0.83435    -0.20058    0.015476
    -0.70905     0.98805   -0.076656    0.017375
    -0.53572     0.87999    -0.27843   0.0064055
    -0.59812     0.62974    -0.31436   0.0029681
     -0.3955     0.67223    -0.09195   0.0055975
     -0.3955     0.67223    -0.09195   0.0055975
    -0.27898     0.46764     0.50518     0.01071
    -0.27898     0.46764     0.50518     0.01071
    -0.29645     0.50917     0.34916   0.0087157
    -0.29645     0.50917     0.34916   0.0087157
   -0.077439      0.6978    0.096694   0.0071304
   -0.077439      0.6978    0.096694   0.0071304
     0.19288     0.81215    -0.14637   0.0055573
     0.04618     0.91831    -0.22916   0.0061942
   -0.042691     0.77726   -0.067379   0.0052905
    -0.25619     0.68992   0.0010276    0.006874
     -0.1121     0.82946    -0.15244   0.0052216
    -0.24138      1.1197    -0.17718    0.013441
    -0.52887     0.83258    -0.28635   0.0057814
    -0.49081     0.86201    -0.27243   0.0060418
    -0.69553      0.8454    -0.29433   0.0078928
    -0.80671     0.85526    -0.19385    0.014003
    -0.65676     0.76248    -0.34313   0.0051889
     -0.7105     0.93808    -0.13755    0.014806
     -0.7105     0.93808    -0.13755    0.014806
     -0.7105     0.93808    -0.13755    0.014806
    -0.42865      1.1425   -0.018903      0.0287
    -0.23484      1.0928    -0.19847    0.012951
    0.010302     0.79616   -0.095026   0.0062734
   -0.071503      1.0187    -0.24173     0.01003
    -0.19152      1.2005   -0.018886    0.020001
    -0.23408     0.94893     -0.2442   0.0065029
    -0.23408     0.94893     -0.2442   0.0065029
      -0.522       1.188     0.16676    0.028775
     -0.3032      1.0592    -0.22774   0.0098569
    -0.21239       1.163    -0.11529     0.01837
   -0.049526      0.9838    -0.24968   0.0070469
    -0.16483     0.95343    -0.25294   0.0056623
    -0.26441      1.1868   -0.015685    0.024032
    -0.24026      1.0264    -0.24498   0.0087581
    -0.30546      1.0349    -0.22054    0.011604
    -0.30546      1.0349    -0.22054    0.011604
    -0.48617     0.93825    -0.25554   0.0078027
     -0.6817      1.1243     0.21555    0.030637
    -0.51783     0.96229    -0.23712    0.010601
    -0.32109     0.92572    -0.25658   0.0061344
    -0.42709      1.1858      0.0591    0.030682
    -0.21122      1.0256     -0.2378    0.010109
    -0.21122      1.0256     -0.2378    0.010109
    -0.43713     0.80582    -0.24997   0.0043457
    -0.29026     0.98629    -0.24291    0.012628
   -0.057303      1.2078   -0.035996    0.026957
    -0.32546      1.1136     -0.1507    0.013884
    -0.32546      1.1136     -0.1507    0.013884
    -0.32546      1.1136     -0.1507    0.013884
   -0.092387      1.1803   -0.067469    0.019487
  -0.0062865      1.0788    -0.22425    0.016135
  -0.0062865      1.0788    -0.22425    0.016135
    -0.10569      1.1066    -0.18948    0.012225
     0.17843     0.87233    -0.20983   0.0056658
     0.31896     0.62235    0.051222   0.0067675
     0.44692     0.84335    -0.26417   0.0059236
     0.36378     0.90621     -0.2625   0.0055794
     0.14854     0.97577    -0.24968   0.0065345
    0.039075      1.1252    -0.18902    0.012635
     0.15279      1.2271   -0.010945    0.021692
     0.34308      1.1171    -0.14174    0.016307
     0.45046     0.95499    -0.24139    0.009806
     0.45046     0.95499    -0.24139    0.009806
     0.48717     0.86933    -0.27611   0.0077104
     0.29795     0.92285    -0.24321   0.0069442
     0.41813      1.0432    -0.19389    0.013916
     0.46512      1.3053     0.49422    0.042467
     0.51526      1.2323     0.32992    0.036501
     0.51526      1.2323     0.32992    0.036501
     0.29165      1.3673     0.61222    0.049066
    0.068005      1.0766    -0.23262    0.010454
    0.096683     0.93903    -0.24284    0.005541
     0.30032     0.75789     -0.1298   0.0055447
     0.18075      0.8436     -0.1771   0.0058402
     0.04467      0.8277    -0.15161   0.0060071
    -0.17448      1.1107    -0.20046     0.01138
    -0.17448      1.1107    -0.20046     0.01138
    -0.18011     0.83278     -0.1679   0.0056547
    -0.40383     0.82715    -0.24854   0.0047446
    -0.30123     0.97141    -0.25671   0.0056335
    -0.30123     0.97141    -0.25671   0.0056335
    -0.25532      1.0612    -0.18199    0.016249
   -0.081999     0.92194    -0.23316   0.0053365
   -0.081999     0.92194    -0.23316   0.0053365
     0.20238     0.87156    -0.21541   0.0048656
     0.15164     0.96623    -0.25039   0.0057986
     0.24396     0.84439      -0.188   0.0049962
     0.24396     0.84439      -0.188   0.0049962
     0.10329      1.0697    -0.23047   0.0091099
    0.057078     0.93655    -0.22669    0.005399
    0.057078     0.93655    -0.22669    0.005399
     0.22998     0.78086    -0.13004    0.005726
     0.27821     0.90646     -0.2455   0.0060828
     0.46496     0.78451      -0.251   0.0046706
     0.46496     0.78451      -0.251   0.0046706
     0.76395     0.75369    -0.35238   0.0075784
     0.63777     0.75917    -0.33804   0.0050918
     0.63777     0.75917    -0.33804   0.0050918
     0.63777     0.75917    -0.33804   0.0050918
     0.63777     0.75917    -0.33804   0.0050918
     0.63777     0.75917    -0.33804   0.0050918
     0.73688     0.81305    -0.30357   0.0092155
     0.53734     0.92456    -0.25012   0.0085603
     0.53734     0.92456    -0.25012   0.0085603
     0.79401     0.63527    -0.44233   0.0024366
     0.76808     0.86759    -0.21383    0.011782
     0.86733     0.82024    -0.18524    0.013048
     0.89014     0.94256     0.17885    0.025702
     0.71092     0.78726     -0.3283   0.0066198
     0.65531     0.88502    -0.22942    0.014563
      0.7453      1.0284     0.05239    0.021574
     0.53149       1.221     0.31027    0.034059
     0.53952     0.93128    -0.24712   0.0078823
     0.61283     0.71498    -0.34127    0.003332
     0.61283     0.71498    -0.34127    0.003332
     0.70007     0.52785    -0.35032   0.0049702
     0.95713     0.76066    -0.16433    0.013527
     0.97176      0.5243    -0.24166   0.0043752
      1.2437     0.53545     0.38523   0.0087449
      1.1578     0.42618      0.3443   0.0080067
     0.89155     0.37753     0.49353     0.01766
      1.0071     0.36754     0.61858     0.01607
      1.0071     0.36754     0.61858     0.01607
      1.0071     0.36754     0.61858     0.01607
      1.0071     0.36754     0.61858     0.01607
      1.0711     0.43507     0.17839   0.0084174
      1.0711     0.43507     0.17839   0.0084174
      1.0968     0.44919     0.14479   0.0074383
      1.0968     0.44919     0.14479   0.0074383
      1.0968     0.44919     0.14479   0.0074383
      1.0968     0.44919     0.14479   0.0074383
      1.0968     0.44919     0.14479   0.0074383
      1.0968     0.44919     0.14479   0.0074383
      1.2833      0.5504     0.56477    0.012289
      1.2833      0.5504     0.56477    0.012289
      1.2833      0.5504     0.56477    0.012289
      1.1749     0.48884     0.18546   0.0052916
     0.88361     0.40793       0.237    0.013659
     0.81514     0.40017     0.26614    0.013247
     0.81514     0.40017     0.26614    0.013247
     0.81514     0.40017     0.26614    0.013247
     0.81514     0.40017     0.26614    0.013247
      1.0421     0.54086    -0.16477   0.0036536
      1.0421     0.54086    -0.16477   0.0036536
      0.7788     0.63454    -0.44366   0.0025387
      0.7788     0.63454    -0.44366   0.0025387
      1.0666     0.54137     -0.1206   0.0042954
      1.0666     0.54137     -0.1206   0.0042954
      1.0666     0.54137     -0.1206   0.0042954
      1.0666     0.54137     -0.1206   0.0042954
      1.1993     0.60021     0.26039    0.012634
      1.1993     0.60021     0.26039    0.012634
     0.91146     0.59599     -0.3947   0.0037769
     0.92728     0.67739    -0.34219   0.0069525
     0.65949       0.952    -0.16447    0.014058
     0.47049     0.76853    -0.24835   0.0045689
     0.42775     0.76685    -0.22461   0.0046346
     0.42775     0.76685    -0.22461   0.0046346
     0.56705     0.74734    -0.30055   0.0035541
     0.57214     0.48125    -0.15635   0.0059784
     0.57214     0.48125    -0.15635   0.0059784
     0.57214     0.48125    -0.15635   0.0059784
     0.70213     0.77717    -0.34874   0.0061553
      0.9266     0.76598    -0.21633    0.010564
     0.79176     0.74625     -0.3446   0.0090467
     0.62972     0.87074    -0.27259    0.009337
     0.62972     0.87074    -0.27259    0.009337
     0.37391     0.91508     -0.2469    0.006609
     0.59089      1.1605     0.14506    0.028707
     0.59089      1.1605     0.14506    0.028707
     0.32696     0.90509    -0.24944   0.0071134
     0.32696     0.90509    -0.24944   0.0071134
     0.60423     0.78736    -0.31769   0.0050959
     0.80674     0.89869    -0.11885    0.014837
     0.61885      1.0713    -0.01268    0.022246
     0.51043     0.96891    -0.22754   0.0098867
     0.68468     0.85584    -0.27907     0.01031
     0.86761     0.68514    -0.39183   0.0065911
     0.97637     0.64815    -0.29724   0.0061627
     0.80829     0.55697    -0.41587   0.0032649
     0.67217     0.48774    -0.24358    0.006774
     0.42777     0.56076   -0.013734   0.0054725
     0.68225     0.77853    -0.33328   0.0070932
     0.68225     0.77853    -0.33328   0.0070932
     0.76869     0.69862    -0.39993   0.0041452
     0.67046     0.70268    -0.36697   0.0034409
     0.41216     0.77404    -0.20967   0.0051424
     0.29455     0.78887    -0.17748   0.0056857
   0.0083856     0.70769    0.054637    0.006875
   -0.098773     0.74869   -0.021158   0.0060593
   -0.019724     0.69088     0.11195   0.0070006
   -0.019724     0.69088     0.11195   0.0070006
    -0.11263     0.88915     -0.2071   0.0052005
     0.08503      1.0835    -0.22154    0.010226
     0.08503      1.0835    -0.22154    0.010226
    -0.05953      0.8209    -0.13606   0.0052754
    -0.33159     0.60121    0.074788   0.0074729
     -0.5111     0.62558     -0.2055   0.0043485
     -0.4433      0.3969     0.24561   0.0085359
    -0.32157      0.6361    0.023108   0.0066661
     -0.1606     0.65718     0.12383   0.0075377
    -0.24062     0.78013     -0.1264   0.0054228
    -0.24062     0.78013     -0.1264   0.0054228
    -0.24062     0.78013     -0.1264   0.0054228
    -0.50433     0.78704    -0.28084   0.0043937
    -0.50433     0.78704    -0.28084   0.0043937
    -0.44516     0.62113    -0.12076     0.00473
     -0.2093     0.75008   -0.068918   0.0065958
    -0.25089     0.66269    0.046128    0.007426
    -0.44881      0.9575    -0.25638    0.010032
    -0.30131     0.87572    -0.23025   0.0047768
   -0.075334       1.068    -0.23623    0.011708
    -0.33428     0.92933     -0.2517   0.0059805
   -0.038055     0.88232    -0.19602   0.0048605
     0.03912     0.80837    -0.11575   0.0058134
     0.03912     0.80837    -0.11575   0.0058134
     0.28239     0.92769    -0.25036   0.0061771
     0.31603     0.97334    -0.24644   0.0091059
     0.49127     0.78807    -0.26979   0.0046676
     0.49127     0.78807    -0.26979   0.0046676
     0.49127     0.78807    -0.26979   0.0046676
     0.55585     0.52219    -0.20352   0.0052824
     0.55585     0.52219    -0.20352   0.0052824
     0.55585     0.52219    -0.20352   0.0052824
     0.55585     0.52219    -0.20352   0.0052824
      0.6071     0.58931    -0.31134   0.0033932
      0.6071     0.58931    -0.31134   0.0033932
      0.8028     0.53823    -0.37914   0.0040073
      0.8028     0.53823    -0.37914   0.0040073
      0.8028     0.53823    -0.37914   0.0040073
      0.8028     0.53823    -0.37914   0.0040073
      0.8028     0.53823    -0.37914   0.0040073
     0.92547     0.73712    -0.23191    0.011876
     0.92547     0.73712    -0.23191    0.011876
     0.92547     0.73712    -0.23191    0.011876
     0.92547     0.73712    -0.23191    0.011876
     0.89485     0.45734    -0.06061    0.009898
     0.89485     0.45734    -0.06061    0.009898
     0.89485     0.45734    -0.06061    0.009898
     0.83713     0.44416  -0.0086713    0.011217
      1.0497     0.61237    -0.18095   0.0075793
     0.92224     0.73007     -0.2692    0.010103
     0.87044     0.55631    -0.38473    0.002962
     0.66792     0.71025    -0.36302   0.0042056
     0.40382     0.96429    -0.25053   0.0078569
     0.34434      1.0979    -0.12362    0.022213
     0.34434      1.0979    -0.12362    0.022213
    0.082423      1.3234     0.21121    0.030719
    0.082423      1.3234     0.21121    0.030719
   -0.016725      1.2226   -0.028693    0.017554
   0.0018062     0.96491    -0.24946   0.0065724
     0.17954      1.0394    -0.23687   0.0089724
   -0.014115      0.7418   -0.012556   0.0065708
   -0.013821     0.80625    -0.11162   0.0053528
     -0.1916     0.76484   -0.082173   0.0054702
    -0.36144     0.79482     -0.2013   0.0041894
    -0.37603     0.61277    0.003935   0.0057868
    -0.10464     0.81725    -0.14116   0.0065033
    -0.10464     0.81725    -0.14116   0.0065033
    -0.10464     0.81725    -0.14116   0.0065033
    -0.10464     0.81725    -0.14116   0.0065033
    -0.12023     0.58518      0.3472   0.0088021
    -0.34465     0.66156    -0.05084   0.0063366
    -0.34465     0.66156    -0.05084   0.0063366
    -0.34465     0.66156    -0.05084   0.0063366
     -0.4374     0.48991    0.040735   0.0069302
    -0.26988     0.53191     0.33437   0.0087791
    -0.36712     0.77139    -0.18553   0.0054326
    -0.46183      1.0459    -0.16225    0.015636
    -0.28198     0.88577    -0.23565   0.0053978
    -0.56678     0.74795    -0.30026   0.0047586
    -0.55024      1.0312    -0.12619    0.018386
    -0.55024      1.0312    -0.12619    0.018386
    -0.81891      1.0815     0.42718    0.030038
     -1.1015     0.87024     0.61135     0.03496
     -1.1015     0.87024     0.61135     0.03496
    -0.90576     0.64008    -0.39363   0.0043328
     -1.0574     0.71205   -0.014606     0.01309
     -1.0574     0.71205   -0.014606     0.01309
     -1.0574     0.71205   -0.014606     0.01309
    -0.86631      0.6074    -0.42772   0.0029385
    -0.72336     0.62805    -0.42308   0.0022692
    -0.63063     0.69547    -0.34547   0.0035589
    -0.70305     0.58604    -0.39988   0.0027266
    -0.41892     0.80103    -0.24039   0.0047518
    -0.45664     0.90791    -0.26648   0.0067969
    -0.45664     0.90791    -0.26648   0.0067969
     -0.4833     0.91169    -0.25389   0.0082797
    -0.67476     0.74221    -0.35748   0.0060836
    -0.75487     0.97544   -0.016298    0.017373
    -0.75487     0.97544   -0.016298    0.017373
    -0.81368     0.85009    -0.16585    0.015227
     -1.0724     0.91187     0.68973    0.036357
     -1.0724     0.91187     0.68973    0.036357
     -1.0724     0.91187     0.68973    0.036357
     -1.0724     0.91187     0.68973    0.036357
    -0.80406      1.0575     0.27843    0.032659
    -0.52232      1.1804     0.16002    0.032037
     -0.8133      1.1014     0.52284    0.041413
    -0.53585     0.95717    -0.23134    0.012364
    -0.53768     0.69733    -0.28284   0.0034144
       -0.43     0.84674    -0.25625    0.005736
    -0.33083       1.064    -0.22981   0.0095664
    -0.60631      1.2497     0.52954    0.043571
     -0.4964     0.96597    -0.23508   0.0093248
     -0.4964     0.96597    -0.23508   0.0093248
     -0.4964     0.96597    -0.23508   0.0093248
     -0.4964     0.96597    -0.23508   0.0093248
    -0.63203     0.92931    -0.23128   0.0093632
    -0.63203     0.92931    -0.23128   0.0093632
    -0.48367      1.0641     -0.1565     0.01893
    -0.28732      1.0821     -0.1874    0.013498
    -0.28732      1.0821     -0.1874    0.013498
    -0.31221      1.0443    -0.21984     0.00961
    -0.31221      1.0443    -0.21984     0.00961
    -0.56988      1.1618     0.20173    0.033037
    -0.56988      1.1618     0.20173    0.033037
    -0.44404      1.0243    -0.20151    0.012627
    -0.44404      1.0243    -0.20151    0.012627
    -0.19282      0.7802    -0.10843    0.005114
    -0.10425      1.0039    -0.25164   0.0083959
     0.12932     0.94633    -0.25144   0.0052398
     0.27635     0.87751    -0.22988    0.004743
     0.24959      1.1276    -0.14013    0.018898
