     MU:      SIGMA:     E_MEASURED:    ERROR:
    -0.83148     0.66111    -0.42833   0.0039643
    -0.73037     0.95967   -0.087392    0.017506
    -0.56031     0.99996    -0.17417    0.014264
    -0.62733      0.8017    -0.31851   0.0065559
    -0.40229     0.68748    -0.12336   0.0048482
    -0.27423      0.9171    -0.24292   0.0046527
    -0.16972     0.89081     -0.2219   0.0051195
    0.081058     0.97188    -0.25483    0.006618
    0.081058     0.97188    -0.25483    0.006618
     0.18073     0.75555   -0.071329   0.0062713
    -0.09362       1.035    -0.24472    0.010691
  -0.0082636      1.2213   -0.082562    0.018599
     -0.1487      1.0723    -0.22714    0.011856
   -0.092451     0.83297    -0.15543   0.0055914
    -0.30103     0.71925   -0.081966   0.0059752
    -0.30103     0.71925   -0.081966   0.0059752
    -0.25025     0.95968    -0.25675   0.0074664
    0.019272     0.91801    -0.23124   0.0051011
    -0.18954      1.1339    -0.16669    0.017012
    -0.18954      1.1339    -0.16669    0.017012
    -0.18954      1.1339    -0.16669    0.017012
    0.080502      1.1401    -0.16962    0.016845
   -0.019589       1.255    0.076971    0.030628
     0.18911      1.3693     0.45071    0.037178
     0.18911      1.3693     0.45071    0.037178
     0.18911      1.3693     0.45071    0.037178
     0.18911      1.3693     0.45071    0.037178
     0.45976      1.1848    0.066942    0.021327
     0.22193      1.3483     0.48021    0.046792
   -0.019888      1.4801     0.97468    0.065848
   -0.013824      1.4098     0.68757    0.054942
     0.23667      1.2512     0.13673    0.039318
      0.1433      1.1762    -0.11358    0.018874
     0.43485      1.0205    -0.20594    0.014343
     0.67905     0.83054    -0.29221   0.0086912
     0.43673      1.1086   -0.083075    0.019633
     0.64002       1.147      0.2559    0.032049
     0.55164      1.2588      0.4661    0.038691
     0.65539      1.1677       0.384    0.044919
     0.65539      1.1677       0.384    0.044919
     0.65539      1.1677       0.384    0.044919
     0.65539      1.1677       0.384    0.044919
     0.51698     0.93677    -0.24437   0.0079014
     0.26583     0.71962   -0.056527   0.0062087
     0.30054     0.50203     0.33738   0.0091798
     0.30054     0.50203     0.33738   0.0091798
     0.21827     0.65607     0.09172   0.0067207
     0.07776      0.7557   -0.033753   0.0062584
     0.16057     0.60308     0.26972   0.0075374
     0.32542     0.59923    0.083963   0.0067116
      0.1305     0.80121     -0.1164   0.0060473
   -0.053875     0.67072     0.14478   0.0082038
    0.027461     0.60565     0.31892   0.0090815
   -0.088628     0.89165    -0.21181   0.0054229
   -0.080335     0.95038    -0.24368    0.006056
    -0.28531     0.72074   -0.071301   0.0061213
    -0.49657      0.6643    -0.21972   0.0042749
    -0.49657      0.6643    -0.21972   0.0042749
    -0.49657      0.6643    -0.21972   0.0042749
    -0.63616     0.74096     -0.3425   0.0043537
    -0.55802      0.7436    -0.29937   0.0038367
    -0.35902     0.90692    -0.24885   0.0059366
    -0.34195      1.0455    -0.21875     0.01021
    -0.30855     0.80661    -0.18575   0.0055497
    -0.51015      0.8932    -0.27193   0.0061697
    -0.51015      0.8932    -0.27193   0.0061697
    -0.66822     0.72738    -0.36262   0.0039093
    -0.74317     0.89981    -0.17151    0.014167
    -0.89723      0.6913     -0.3424   0.0091267
     -0.8704     0.63872     -0.4151    0.003908
     -0.8704     0.63872     -0.4151    0.003908
    -0.64091     0.82625    -0.30317   0.0069551
    -0.64091     0.82625    -0.30317   0.0069551
    -0.79741     0.92424   -0.072081    0.018661
    -0.73435     0.90101    -0.19754    0.013029
    -0.56073     0.64668    -0.28144   0.0037351
    -0.51285     0.73358    -0.26183   0.0043484
    -0.63919     0.51939    -0.28536   0.0051759
    -0.86913     0.54269    -0.36792   0.0039001
     -0.6242     0.45181    -0.11672   0.0085809
     -0.6242     0.45181    -0.11672   0.0085809
     -0.6242     0.45181    -0.11672   0.0085809
     -0.6242     0.45181    -0.11672   0.0085809
    -0.45171     0.49411    0.020597   0.0055038
    -0.71305     0.76324    -0.35026   0.0057436
    -0.98077     0.50268      -0.173   0.0048179
     -1.1402     0.58859    0.046641   0.0080224
     -1.1054     0.50398   0.0081605    0.004332
     -1.1054     0.50398   0.0081605    0.004332
     -1.1432     0.52523    0.068976    0.005761
     -1.1432     0.52523    0.068976    0.005761
     -1.1432     0.52523    0.068976    0.005761
     -1.1432     0.52523    0.068976    0.005761
     -1.1432     0.52523    0.068976    0.005761
     -1.1432     0.52523    0.068976    0.005761
     -1.1432     0.52523    0.068976    0.005761
     -1.0991     0.53954   -0.040872   0.0053863
    -0.96839      0.5463     -0.2836   0.0037602
    -0.81495     0.72453    -0.36811   0.0072883
    -0.68528      0.6514    -0.39641   0.0022764
    -0.84874     0.94646    0.063096     0.02359
     -0.7466     0.75243    -0.35281    0.007029
    -0.64116     0.61605    -0.36659   0.0032301
    -0.64948     0.57356    -0.35417    0.003759
    -0.39724     0.71821    -0.15431   0.0052864
    -0.49151     0.66107    -0.20002   0.0048205
    -0.42512      0.6886     -0.1538   0.0051416
    -0.55494     0.57209    -0.24055   0.0038491
    -0.45317     0.36392     0.41727    0.013908
    -0.18215      0.5275      0.4816   0.0093483
    -0.18215      0.5275      0.4816   0.0093483
    -0.48073     0.48629   -0.019418    0.005851
    -0.47248     0.48146  -0.0019382   0.0064882
    -0.47248     0.48146  -0.0019382   0.0064882
    -0.47248     0.48146  -0.0019382   0.0064882
    -0.52706     0.51373    -0.13536   0.0050458
    -0.52706     0.51373    -0.13536   0.0050458
    -0.39485     0.55625    0.041336   0.0061808
    -0.34673     0.77192    -0.16637   0.0043707
    -0.21122      1.0158    -0.24642   0.0079412
    -0.12181      1.2073   -0.072257    0.018473
   -0.081063      1.0947    -0.21444    0.011101
   0.0070982      1.2104   -0.039733     0.02331
     0.28252     0.95348    -0.24826   0.0077562
     0.28252     0.95348    -0.24826   0.0077562
  -0.0084236      1.0775    -0.22659    0.011628
    -0.20835     0.94391     -0.2418   0.0066115
    -0.37847      1.1126    -0.11853    0.019172
    -0.20688      1.2623      0.1708    0.036696
    -0.46428      1.1405   -0.034277    0.020702
    -0.46428      1.1405   -0.034277    0.020702
    -0.67021     0.91417    -0.22691    0.011923
    -0.71294     0.62668    -0.41924   0.0021776
    -0.68002     0.69484    -0.38736   0.0030806
     -0.4926     0.46038  -0.0093066   0.0055054
    -0.29141      0.7097   -0.060148   0.0064083
    -0.39943     0.47405     0.15861   0.0069948
    -0.41907     0.69162    -0.15337    0.004921
    -0.48131      0.5355   -0.087907   0.0056506
    -0.48131      0.5355   -0.087907   0.0056506
    -0.48131      0.5355   -0.087907   0.0056506
    -0.65703     0.54053    -0.33226   0.0043147
    -0.46742     0.65058    -0.16377   0.0046554
     -0.3397     0.77078    -0.16213   0.0052807
     -0.3397     0.77078    -0.16213   0.0052807
   -0.076736     0.78535   -0.089462   0.0059521
     0.18597     0.97144    -0.24588    0.006978
     0.28978     0.86492    -0.22373   0.0046925
     0.28978     0.86492    -0.22373   0.0046925
     0.18745     0.82835    -0.16379   0.0055758
     0.37945      1.0536    -0.15541    0.016664
     0.53053      1.1941     0.18777    0.039846
     0.53053      1.1941     0.18777    0.039846
     0.53053      1.1941     0.18777    0.039846
     0.68148      1.0245   -0.010741    0.018426
     0.42019     0.74769    -0.19369    0.004694
     0.36205      0.6233  -0.0095272   0.0062275
     0.34983     0.63941  0.00017675   0.0060306
     0.52954     0.58789    -0.21128   0.0042409
     0.82662     0.55796     -0.4167    0.003521
     0.57375     0.78769    -0.30371    0.005077
      0.7667     0.51329     -0.3361   0.0056834
      0.5639     0.47681    -0.13328   0.0051725
      0.5639     0.47681    -0.13328   0.0051725
      0.5639     0.47681    -0.13328   0.0051725
     0.79395     0.59637    -0.44603   0.0024755
     0.54171     0.86986    -0.26172   0.0093722
     0.52558      1.0297    -0.18283    0.013017
     0.38231      1.1431    -0.05458    0.026472
     0.38231      1.1431    -0.05458    0.026472
     0.46015      1.0384    -0.16103    0.013049
      0.6973      1.1443     0.32662    0.039496
      0.6973      1.1443     0.32662    0.039496
     0.54908      1.0299    -0.12119     0.01559
     0.65661      1.1884     0.39963     0.03448
     0.65661      1.1884     0.39963     0.03448
     0.65661      1.1884     0.39963     0.03448
     0.76958      1.1723     0.66761    0.054552
     0.76958      1.1723     0.66761    0.054552
     0.76958      1.1723     0.66761    0.054552
     0.66734      1.1632     0.31712     0.03164
     0.40778      1.2077    0.090159    0.024869
     0.40778      1.2077    0.090159    0.024869
     0.53089       1.061    -0.08131    0.017124
      0.7047     0.86802    -0.23862     0.01396
      0.7047     0.86802    -0.23862     0.01396
     0.42309     0.86227    -0.26416   0.0065345
     0.50198     0.93721    -0.25037   0.0088696
     0.58428     0.89584    -0.25667   0.0094676
     0.43825      1.0389      -0.186    0.013307
     0.24378      1.0376    -0.23059    0.010683
     0.32551      1.2746     0.22741    0.029178
     0.32551      1.2746     0.22741    0.029178
     0.32551      1.2746     0.22741    0.029178
     0.53404      1.3287     0.71755    0.051841
     0.60197       1.232     0.39952    0.041647
     0.34179      1.2729      0.3011    0.038236
     0.26508      1.1436    -0.11395    0.018419
   0.0017899      1.1467    -0.15639    0.015155
   0.0017899      1.1467    -0.15639    0.015155
   0.0031787      1.3789     0.55119    0.055217
     0.18203      1.2213   -0.032269    0.024248
  -0.0024661      1.1238    -0.17517    0.014468
     0.16326     0.91866    -0.24058   0.0047829
     0.17964      0.9862    -0.25729   0.0055439
     0.35002     0.89975    -0.23568   0.0060445
     0.11412      1.0841     -0.1952    0.013674
     0.11412      1.0841     -0.1952    0.013674
     0.11412      1.0841     -0.1952    0.013674
     0.11412      1.0841     -0.1952    0.013674
     0.11412      1.0841     -0.1952    0.013674
     0.11412      1.0841     -0.1952    0.013674
     0.14677      1.3036     0.18982    0.027407
     0.14677      1.3036     0.18982    0.027407
     0.19197      1.2257    0.047812    0.031333
     0.20669      1.0311    -0.24141    0.010206
     0.20669      1.0311    -0.24141    0.010206
     0.34971     0.75159     -0.1526   0.0052416
     0.51332      0.7127    -0.25729   0.0048363
     0.28167     0.65206     0.04685   0.0060177
      0.5333     0.40761     0.12257    0.010806
      0.5333     0.40761     0.12257    0.010806
      0.5333     0.40761     0.12257    0.010806
      0.5333     0.40761     0.12257    0.010806
     0.70658     0.49731    -0.28314   0.0063236
     0.72649     0.55578     -0.3932      0.0035
     0.72649     0.55578     -0.3932      0.0035
     0.85277     0.47409     -0.1607    0.008162
     0.78535     0.41411     0.17148    0.012105
     0.78535     0.41411     0.17148    0.012105
     0.92796      0.7124    -0.29556   0.0081741
     0.74542     0.51598    -0.32942   0.0051575
     0.90194     0.66594    -0.38133   0.0065608
     0.90194     0.66594    -0.38133   0.0065608
     0.89252      0.7618    -0.27188    0.010871
     0.61223     0.47884    -0.18797   0.0064763
     0.61223     0.47884    -0.18797   0.0064763
     0.61223     0.47884    -0.18797   0.0064763
     0.61223     0.47884    -0.18797   0.0064763
     0.49838     0.56868    -0.13514   0.0051434
     0.33378     0.56705     0.13971   0.0074204
     0.33378     0.56705     0.13971   0.0074204
     0.33378     0.56705     0.13971   0.0074204
     0.33378     0.56705     0.13971   0.0074204
     0.33378     0.56705     0.13971   0.0074204
     0.33378     0.56705     0.13971   0.0074204
     0.57903      0.8093    -0.29519   0.0063057
     0.57903      0.8093    -0.29519   0.0063057
     0.81348     0.58286    -0.43623   0.0026439
     0.81348     0.58286    -0.43623   0.0026439
     0.81348     0.58286    -0.43623   0.0026439
      0.8666      0.5725    -0.40473   0.0029873
      0.8666      0.5725    -0.40473   0.0029873
     0.56897      0.8242    -0.28907    0.010556
     0.29897     0.60304      0.1138   0.0074179
     0.49037     0.40149     0.16893   0.0089255
     0.19059     0.52081     0.49235   0.0099798
      0.1629      0.3422      1.5495    0.023098
     0.36551     0.45534     0.28593   0.0082007
     0.13323     0.70348    0.046268   0.0065341
     0.20075      0.6401     0.14444   0.0073969
    0.014622     0.88664    -0.20119   0.0048493
   -0.074904     0.78537   -0.084372   0.0057446
   -0.074904     0.78537   -0.084372   0.0057446
   -0.074904     0.78537   -0.084372   0.0057446
   -0.074904     0.78537   -0.084372   0.0057446
    -0.14919      1.0147    -0.24461   0.0078733
     -0.3906     0.83141    -0.23427   0.0048334
    -0.13496     0.75923   -0.055037   0.0059689
    -0.14681     0.50061      0.6394    0.011458
   0.0089466     0.47487     0.86215    0.013263
   0.0089466     0.47487     0.86215    0.013263
    -0.28776     0.42269     0.61469   0.0095143
    -0.28776     0.42269     0.61469   0.0095143
    -0.45182     0.36872     0.36836    0.011839
    -0.50119     0.61804    -0.19045   0.0041616
    -0.26732     0.87618    -0.22846   0.0041925
    -0.19744      1.0228    -0.24661   0.0077494
    -0.19744      1.0228    -0.24661   0.0077494
    -0.19744      1.0228    -0.24661   0.0077494
   -0.029239      1.2989     0.17709    0.029123
     0.06534      1.3674     0.41094    0.043939
     0.06534      1.3674     0.41094    0.043939
     0.06534      1.3674     0.41094    0.043939
     0.32944      1.3277     0.43529    0.044118
    0.096789      1.3064     0.20817    0.025117
    -0.17186      1.2593     0.05463    0.020343
    -0.10687      1.3883     0.50025    0.038354
     0.00204      1.1089    -0.19025    0.013425
    0.055017     0.83139    -0.14803   0.0063679
     0.28476     0.60199     0.14762   0.0075738
     0.58007     0.86904    -0.28773   0.0071625
     0.58007     0.86904    -0.28773   0.0071625
     0.58007     0.86904    -0.28773   0.0071625
     0.58007     0.86904    -0.28773   0.0071625
      0.4727      1.1131   -0.072645    0.017093
      0.4727      1.1131   -0.072645    0.017093
      0.4727      1.1131   -0.072645    0.017093
      0.4727      1.1131   -0.072645    0.017093
     0.55541      1.2869     0.61406    0.042808
     0.38731       1.223     0.14347    0.026571
     0.38731       1.223     0.14347    0.026571
     0.64482      1.3093     0.81915    0.053829
     0.75648      1.0985     0.34932     0.03678
     0.83449     0.82106    -0.19801    0.014561
     0.77354     0.93645   -0.082373    0.024367
     0.71743      1.0771       0.231    0.030009
     0.79433       1.029     0.19704    0.028937
     0.82813     0.84528     -0.1807    0.012613
      1.0213     0.57254    -0.23876   0.0042753
      1.0719     0.85753     0.47651    0.030736
     0.92043      1.0643     0.71562     0.04215
     0.92043      1.0643     0.71562     0.04215
     0.85122     0.89477   -0.076463    0.015426
     0.85122     0.89477   -0.076463    0.015426
     0.94749      1.1281      1.1114    0.068419
     0.96734     0.92605     0.32897    0.029462
     0.90228      1.0329     0.42613     0.03566
     0.90228      1.0329     0.42613     0.03566
     0.96735      1.0811     0.93058    0.041382
      1.1195      0.8712      0.6778    0.030653
      1.1195      0.8712      0.6778    0.030653
     0.86806     0.95247     0.13036    0.025078
     0.86806     0.95247     0.13036    0.025078
     0.57746     0.99532    -0.16908     0.01415
     0.57746     0.99532    -0.16908     0.01415
     0.43252      1.0118    -0.19007    0.011984
     0.43252      1.0118    -0.19007    0.011984
     0.26028     0.98193    -0.24051   0.0081641
     0.34611     0.70334   -0.099942   0.0057771
    0.081466     0.61528     0.29225   0.0090448
    -0.13144     0.51795     0.59431    0.010682
     0.13387     0.81522    -0.13126   0.0052507
     0.26988     0.60172     0.16595   0.0071553
     0.52493     0.42477    0.053223   0.0085037
     0.66292     0.41151     0.14102    0.013171
     0.66292     0.41151     0.14102    0.013171
     0.54504     0.58944    -0.23802   0.0039307
     0.71759     0.60568    -0.42185   0.0021826
     0.81566     0.61538    -0.44493   0.0025256
     0.81566     0.61538    -0.44493   0.0025256
     0.81566     0.61538    -0.44493   0.0025256
     0.81566     0.61538    -0.44493   0.0025256
     0.73579     0.58001    -0.42271   0.0028805
     0.98039     0.42297     0.17814    0.011483
      1.0125     0.54874    -0.22726   0.0046101
     0.96624     0.41602     0.19713    0.010762
      0.9193     0.42183     0.15368    0.011207
      1.0453     0.45802    0.040754   0.0070369
      1.2675      0.6657     0.70382    0.018729
      1.2675      0.6657     0.70382    0.018729
      1.2386     0.75709      0.8763    0.032801
      1.3032     0.46032     0.67328    0.010057
      1.3032     0.46032     0.67328    0.010057
      1.3032     0.46032     0.67328    0.010057
      1.3032     0.46032     0.67328    0.010057
      1.3032     0.46032     0.67328    0.010057
      1.3032     0.46032     0.67328    0.010057
      1.3032     0.46032     0.67328    0.010057
      1.3032     0.46032     0.67328    0.010057
      1.3324     0.62302     0.97926    0.019893
      1.3324     0.62302     0.97926    0.019893
      1.3324     0.62302     0.97926    0.019893
      1.3324     0.62302     0.97926    0.019893
      1.1873     0.52688     0.19039   0.0080506
      1.1904       0.404     0.51808    0.010583
      1.1904       0.404     0.51808    0.010583
      1.1835     0.47775     0.23386   0.0058972
      1.2599     0.70117     0.80033    0.023211
       1.101     0.48342     0.04864   0.0053717
      1.0489     0.48188   -0.030114   0.0044489
     0.79001     0.64663    -0.43867   0.0036485
      0.5722     0.89623    -0.26371   0.0082857
     0.69131     0.60582    -0.40546   0.0021392
     0.66434     0.43169   -0.023343    0.010709
     0.66434     0.43169   -0.023343    0.010709
     0.66434     0.43169   -0.023343    0.010709
     0.50713     0.72411    -0.26014   0.0041642
     0.50713     0.72411    -0.26014   0.0041642
     0.70105     0.82247    -0.30504   0.0072617
     0.72808     0.52927     -0.3662    0.004536
      0.7658     0.72796      -0.382   0.0057554
     0.81257     0.86069    -0.17912    0.014826
     0.71555      1.0288    0.017284    0.024165
     0.56145     0.94253    -0.23106    0.011677
     0.71941     0.75133    -0.37346   0.0053528
     0.87493     0.68557     -0.3797   0.0066338
      1.0242     0.64177     -0.2155   0.0083542
      1.0242     0.64177     -0.2155   0.0083542
     0.86342     0.41342     0.19705    0.013312
     0.86687     0.49133    -0.23568   0.0067291
     0.71434     0.48111    -0.24061    0.007414
      1.0009      0.6667    -0.23618   0.0093268
     0.78182     0.88641    -0.14883    0.021362
     0.90456     0.79121    -0.19215    0.014354
      1.0876     0.64028   -0.049638    0.010773
      1.0876     0.64028   -0.049638    0.010773
      1.0106     0.68834    -0.18616     0.01056
     0.77147     0.80175    -0.26515    0.011417
     0.99507     0.66863    -0.25425   0.0074871
     0.90659     0.79495    -0.16537    0.013143
      1.0205     0.65312    -0.20726   0.0080615
      1.0205     0.65312    -0.20726   0.0080615
      1.0205     0.65312    -0.20726   0.0080615
      1.0205     0.65312    -0.20726   0.0080615
      1.0205     0.65312    -0.20726   0.0080615
      0.7857     0.38212      0.4549    0.016884
     0.97762     0.40446      0.2729    0.012512
     0.99463     0.41958     0.20081    0.010253
      1.0482     0.43302     0.17192   0.0087581
      1.0482     0.43302     0.17192   0.0087581
      1.0482     0.43302     0.17192   0.0087581
      1.0432     0.58813     -0.1972   0.0050921
     0.76559     0.88661    -0.18277    0.014523
     0.76559     0.88661    -0.18277    0.014523
     0.74012     0.63734    -0.42773   0.0023878
     0.81111     0.65675    -0.43499   0.0036488
     0.98636     0.45328    0.015096   0.0069813
     0.98636     0.45328    0.015096   0.0069813
     0.98636     0.45328    0.015096   0.0069813
     0.98636     0.45328    0.015096   0.0069813
     0.98636     0.45328    0.015096   0.0069813
     0.98636     0.45328    0.015096   0.0069813
     0.98636     0.45328    0.015096   0.0069813
     0.98636     0.45328    0.015096   0.0069813
     0.88209     0.57539    -0.40275   0.0031722
     0.92918     0.57136     -0.3619   0.0037835
     0.92918     0.57136     -0.3619   0.0037835
      1.1484     0.42283     0.32623   0.0083007
     0.94474     0.71597    -0.26726    0.010374
     0.94474     0.71597    -0.26726    0.010374
     0.95747     0.48827    -0.14711   0.0061657
     0.95747     0.48827    -0.14711   0.0061657
     0.72501      0.5978    -0.42075   0.0022995
     0.57343     0.58491     -0.2708   0.0038995
     0.38618     0.61763   -0.026757   0.0057751
     0.38618     0.61763   -0.026757   0.0057751
     0.36588     0.64939   -0.051962   0.0061841
     0.36588     0.64939   -0.051962   0.0061841
     0.51982     0.85731    -0.27818     0.00637
     0.67144     0.62198    -0.39091   0.0024121
     0.67144     0.62198    -0.39091   0.0024121
     0.66047      0.5284    -0.32153    0.004426
     0.55097     0.36918     0.36662    0.016124
     0.83383     0.54507    -0.38611   0.0043082
     0.83383     0.54507    -0.38611   0.0043082
     0.95575     0.56477    -0.32717   0.0037229
     0.95575     0.56477    -0.32717   0.0037229
     0.78231     0.66096    -0.43074   0.0037985
     0.79208     0.69261    -0.41104   0.0043761
     0.93923      0.6771    -0.31575   0.0076268
      1.0593     0.58596    -0.15353   0.0062605
     0.85842     0.45247   -0.072216   0.0094596
     0.85842     0.45247   -0.072216   0.0094596
     0.85842     0.45247   -0.072216   0.0094596
      0.8685     0.44038    0.022533    0.010824
      1.1009     0.70664    0.070876    0.014706
      1.1009     0.70664    0.070876    0.014706
     0.95221     0.89155     0.21728    0.023288
     0.95221     0.89155     0.21728    0.023288
     0.95027      1.1338      1.1405     0.05464
     0.95027      1.1338      1.1405     0.05464
      1.0107     0.92609     0.46577    0.029302
     0.98297      1.0578     0.86408     0.04438
     0.98297      1.0578     0.86408     0.04438
      0.6927     0.95992    -0.11937    0.017521
      0.6927     0.95992    -0.11937    0.017521
     0.63965     0.91686    -0.22119    0.014268
     0.63965     0.91686    -0.22119    0.014268
     0.49425      1.0263    -0.17065    0.014059
     0.49425      1.0263    -0.17065    0.014059
     0.49425      1.0263    -0.17065    0.014059
     0.28955      1.0044    -0.23862   0.0089072
     0.12736     0.79003    -0.10506    0.005446
    0.039251     0.69939    0.062003   0.0074114
     0.17179     0.45225     0.79139    0.012951
    0.051364      0.4939     0.73733    0.012702
   -0.043008     0.26973      3.1221    0.055117
      0.2444     0.40655      0.8041    0.012699
     0.32378      0.3885     0.59016   0.0086032
     0.32378      0.3885     0.59016   0.0086032
     0.32378      0.3885     0.59016   0.0086032
     0.36652     0.65313   -0.049496   0.0056754
     0.12094     0.86986    -0.19815    0.004945
     0.14601     0.82784     -0.1633   0.0056413
    -0.15064      0.7062    0.032682   0.0069606
    -0.15064      0.7062    0.032682   0.0069606
    -0.39604     0.64476   -0.074019   0.0063361
    -0.69447     0.67884    -0.39082   0.0043955
    -0.73175     0.38042     0.45789    0.017281
     -1.0011     0.64001    -0.24932   0.0075901
    -0.74857     0.51814    -0.34977   0.0051229
    -0.74857     0.51814    -0.34977   0.0051229
    -0.64863     0.43844   -0.039733     0.01012
    -0.66345     0.42458    0.041003    0.011189
    -0.48685      0.4819   -0.037318   0.0060808
    -0.48685      0.4819   -0.037318   0.0060808
    -0.48685      0.4819   -0.037318   0.0060808
    -0.74749     0.75532    -0.37129   0.0049569
    -0.89972     0.47542    -0.14885   0.0078023
    -0.69078     0.52064    -0.32922   0.0048223
    -0.69078     0.52064    -0.32922   0.0048223
    -0.69078     0.52064    -0.32922   0.0048223
    -0.64821     0.71573     -0.3548   0.0040612
    -0.64821     0.71573     -0.3548   0.0040612
    -0.64821     0.71573     -0.3548   0.0040612
    -0.64821     0.71573     -0.3548   0.0040612
    -0.78743     0.51375    -0.33508   0.0048745
    -0.78743     0.51375    -0.33508   0.0048745
    -0.78743     0.51375    -0.33508   0.0048745
    -0.89549     0.69372    -0.34755   0.0060308
    -0.89549     0.69372    -0.34755   0.0060308
     -0.9551     0.82038   -0.035494    0.017296
    -0.99891      1.0387     0.88916    0.045969
    -0.99891      1.0387     0.88916    0.045969
    -0.99891      1.0387     0.88916    0.045969
     -1.1208     0.76185     0.32653    0.024591
     -1.0332      0.4773   -0.035223   0.0055149
     -1.0332      0.4773   -0.035223   0.0055149
     -1.0988     0.48972    0.029563   0.0045426
    -0.93209     0.63174    -0.37231   0.0043846
    -0.74265      0.8968    -0.18458    0.013729
    -0.59893      1.1046    0.039696    0.026447
    -0.75435     0.90011    -0.11678    0.017671
    -0.75435     0.90011    -0.11678    0.017671
    -0.75435     0.90011    -0.11678    0.017671
    -0.74482     0.89559    -0.20868    0.011955
     -0.7059     0.85198    -0.28039   0.0093178
    -0.88037     0.62694      -0.419   0.0033821
    -0.69386     0.65003    -0.40813   0.0020114
    -0.81616     0.67734    -0.41576   0.0041269
    -0.81616     0.67734    -0.41576   0.0041269
    -0.81616     0.67734    -0.41576   0.0041269
    -0.81616     0.67734    -0.41576   0.0041269
     -1.0815     0.84233     0.47573    0.028017
     -1.0815     0.84233     0.47573    0.028017
     -1.0815     0.84233     0.47573    0.028017
     -1.3625     0.67367      1.4022    0.024135
     -1.3625     0.67367      1.4022    0.024135
     -1.1052     0.65617    0.015197    0.013083
     -1.1052     0.65617    0.015197    0.013083
     -1.1052     0.65617    0.015197    0.013083
     -1.1174     0.61429  -0.0055127   0.0084843
     -1.1174     0.61429  -0.0055127   0.0084843
     -1.1174     0.61429  -0.0055127   0.0084843
     -1.2681     0.53649     0.49406    0.011828
     -1.2681     0.53649     0.49406    0.011828
     -1.2681     0.53649     0.49406    0.011828
     -1.2681     0.53649     0.49406    0.011828
     -1.2681     0.53649     0.49406    0.011828
    -0.97085     0.51223    -0.21121   0.0049323
    -0.78192     0.52092    -0.35623   0.0054448
    -0.85403     0.43594    0.027052    0.010316
    -0.84396     0.45928    -0.11467   0.0082169
    -0.95726      0.4819    -0.12016   0.0063801
     -1.1964      0.7049     0.45471    0.021638
     -1.1964      0.7049     0.45471    0.021638
     -1.1964      0.7049     0.45471    0.021638
    -0.92746     0.52339    -0.28087   0.0043006
    -0.89769     0.46747    -0.11734   0.0078312
    -0.64019     0.67978     -0.3664   0.0032158
    -0.93312     0.48618    -0.17576   0.0063134
    -0.80622     0.52618    -0.35835   0.0044163
    -0.80622     0.52618    -0.35835   0.0044163
    -0.80622     0.52618    -0.35835   0.0044163
     -1.0377     0.74509   -0.035331    0.013193
     -1.0377     0.74509   -0.035331    0.013193
     -1.2111     0.70981     0.57729    0.021276
     -1.2111     0.70981     0.57729    0.021276
     -1.1947     0.75515     0.68153    0.026133
     -1.1947     0.75515     0.68153    0.026133
     -1.0133     0.56163    -0.24179   0.0041008
    -0.85716      0.7345    -0.31972   0.0080391
    -0.85716      0.7345    -0.31972   0.0080391
    -0.88358     0.81577    -0.16775     0.01351
    -0.88358     0.81577    -0.16775     0.01351
    -0.88358     0.81577    -0.16775     0.01351
    -0.98929     0.62918    -0.29267   0.0065044
    -0.98929     0.62918    -0.29267   0.0065044
     -1.1402     0.48901     0.12074   0.0049272
     -1.1402     0.48901     0.12074   0.0049272
     -1.1402     0.48901     0.12074   0.0049272
     -1.1402     0.48901     0.12074   0.0049272
     -1.1402     0.48901     0.12074   0.0049272
     -1.0522     0.37581     0.53167    0.014512
     -1.0522     0.37581     0.53167    0.014512
      -1.097     0.63899   -0.037333      0.0102
      -1.097     0.63899   -0.037333      0.0102
    -0.97843     0.89362     0.23704    0.024971
    -0.77503      1.0317     0.17845    0.026052
    -0.77503      1.0317     0.17845    0.026052
    -0.77503      1.0317     0.17845    0.026052
    -0.52461     0.93958    -0.26076    0.008508
    -0.23424     0.96742     -0.2535   0.0067454
    -0.48082     0.76055    -0.25536   0.0041786
    -0.66326     0.60042    -0.37647   0.0027834
    -0.66326     0.60042    -0.37647   0.0027834
    -0.66326     0.60042    -0.37647   0.0027834
    -0.66326     0.60042    -0.37647   0.0027834
    -0.66326     0.60042    -0.37647   0.0027834
    -0.50122     0.55513    -0.14623   0.0051153
    -0.50122     0.55513    -0.14623   0.0051153
    -0.32878     0.39895     0.53177   0.0094036
    -0.40926     0.53165    0.052327   0.0056484
    -0.40926     0.53165    0.052327   0.0056484
    -0.18602     0.73629   -0.039419   0.0062699
    -0.18602     0.73629   -0.039419   0.0062699
    -0.22544     0.88805    -0.22588   0.0046059
    -0.21615     0.76566   -0.097038   0.0057901
    -0.33803      0.8561     -0.2397   0.0046649
    -0.53674     0.94689    -0.23983    0.010832
    -0.53674     0.94689    -0.23983    0.010832
    -0.24608      1.1737   -0.065867    0.019127
   -0.057621     0.87771    -0.19538   0.0048563
    -0.19629      1.1286    -0.14125    0.016983
    -0.45707      1.0278    -0.16939    0.014678
     -0.6973     0.93263    -0.16394    0.013684
    -0.65034      0.6391    -0.37254   0.0024175
    -0.65435     0.40836     0.13377    0.012125
     -0.5801     0.49402    -0.18844   0.0055821
     -0.5801     0.49402    -0.18844   0.0055821
    -0.47615     0.52149   -0.058218   0.0059749
    -0.47615     0.52149   -0.058218   0.0059749
    -0.47615     0.52149   -0.058218   0.0059749
     -0.2872     0.65851    0.021486   0.0072544
    -0.26559     0.79563    -0.15928   0.0049822
    -0.09989      1.0242    -0.23937   0.0069514
    -0.09989      1.0242    -0.23937   0.0069514
    -0.09989      1.0242    -0.23937   0.0069514
     -0.3094       1.057     -0.1999    0.010559
    -0.18879      1.1921   -0.061321    0.021067
    -0.18879      1.1921   -0.061321    0.021067
    -0.15534     0.89872    -0.21917    0.005659
    -0.24851     0.71439   -0.039349   0.0057184
    -0.54417     0.98977    -0.18407    0.013189
    -0.44188      1.1088    -0.08262    0.019609
    -0.52788     0.84387    -0.27908   0.0068492
    -0.63895      0.6154    -0.35904   0.0029788
    -0.80611      0.6605    -0.42442   0.0045398
    -0.56235     0.70655    -0.29861   0.0035049
    -0.63035     0.78946    -0.32967   0.0051706
    -0.53024     0.77739    -0.28727   0.0053245
    -0.66386      0.7572    -0.34673   0.0051227
    -0.36576       1.051    -0.20094    0.011542
    -0.11424      1.0328    -0.25756    0.007616
    -0.37875     0.91026    -0.26651    0.006016
    -0.66816     0.89944    -0.21185    0.011588
    -0.51939     0.64048    -0.22865   0.0045359
    -0.26955     0.69307  -0.0039914   0.0056961
    -0.56854     0.77842    -0.30416   0.0046748
    -0.62081     0.90964    -0.22425    0.012973
    -0.62081     0.90964    -0.22425    0.012973
    -0.90708     0.65554    -0.37107   0.0057141
    -0.90708     0.65554    -0.37107   0.0057141
     -1.1045     0.56496   -0.049757   0.0059073
     -1.1045     0.56496   -0.049757   0.0059073
     -1.1045     0.56496   -0.049757   0.0059073
     -1.0707      0.3714      0.5813    0.014895
     -1.1123     0.39721     0.43907    0.011331
     -1.1123     0.39721     0.43907    0.011331
     -1.2915     0.51015     0.57228   0.0081345
     -1.0878     0.36485     0.60309    0.016875
     -1.0878     0.36485     0.60309    0.016875
     -1.0878     0.36485     0.60309    0.016875
     -1.0878     0.36485     0.60309    0.016875
     -1.3541     0.45104     0.89642   0.0098987
     -1.1928     0.40691     0.50676   0.0094979
      -1.204     0.42183     0.44202   0.0094291
     -1.1082     0.35178     0.79165    0.017389
    -0.89488     0.54765     -0.3629   0.0036963
     -0.8702     0.81854    -0.18416    0.013717
    -0.75363     0.97225   -0.053757    0.017397
     -0.5803     0.86418    -0.28361     0.00661
     -0.6427     0.61394    -0.35949    0.002415
    -0.44008     0.65643    -0.13072   0.0047883
    -0.39791     0.52716    0.073973    0.007608
    -0.28139     0.32256      1.0167    0.014788
    -0.28139     0.32256      1.0167    0.014788
    -0.29886      0.3641     0.75392    0.010884
    -0.29886      0.3641     0.75392    0.010884
   -0.079851     0.55273     0.50755    0.010573
   -0.079851     0.55273     0.50755    0.010573
     0.19047     0.66708    0.086538    0.007264
    0.043768     0.77324   -0.070543   0.0061006
   -0.045104     0.63219     0.24162   0.0082867
     -0.2586     0.54484     0.31992   0.0093607
    -0.11452     0.68439     0.09394   0.0077304
    -0.24379      0.9746    -0.25045   0.0067898
    -0.53128      0.6875    -0.25941   0.0040411
    -0.49322     0.71693    -0.24569    0.004987
    -0.69795     0.70032    -0.39413   0.0032873
    -0.80912     0.71019     -0.4041   0.0051684
    -0.80912     0.71019     -0.4041   0.0051684
    -0.86286     0.88578   -0.063364    0.015923
    -0.86286     0.88578   -0.063364    0.015923
    -0.86286     0.88578   -0.063364    0.015923
    -0.58101      1.0902    0.021654    0.027321
     -0.3872      1.0405    -0.20005    0.012333
    -0.14206     0.74386   -0.023029    0.006119
    -0.22386     0.96638    -0.24262   0.0074973
    -0.34388      1.1482   -0.061998    0.018541
    -0.38644     0.89664    -0.26079   0.0063198
    -0.14635      1.1929   -0.091574    0.018617
    -0.14635      1.1929   -0.091574    0.018617
    0.072456      1.0642     -0.2394   0.0082204
     0.16326      1.1679    -0.11655    0.018564
     0.32613     0.98873    -0.24742   0.0085761
     0.21083     0.95836    -0.25325   0.0059092
     0.11124      1.1917   -0.062207    0.024535
     0.13539      1.0314    -0.24969   0.0090889
    0.070196      1.0398    -0.24894   0.0086128
    -0.18918       1.073     -0.2222    0.010583
     -0.3699     0.97643    -0.26206   0.0073046
    -0.56543      1.1625     0.14487    0.030617
    -0.40155      1.0005    -0.23374    0.010757
    -0.20481     0.96389    -0.25709   0.0056618
    -0.31081       1.224    0.063604    0.032148
   -0.094947      1.0637    -0.23391     0.00952
   -0.094947      1.0637    -0.23391     0.00952
    -0.32086     0.84399    -0.21379   0.0055237
    -0.17399      1.0245    -0.24158    0.013176
    0.058971       1.246    0.042359    0.027263
    -0.20919      1.1518    -0.12953    0.015447
    -0.45321      1.2406     0.26683    0.034331
    -0.45321      1.2406     0.26683    0.034331
    -0.22013      1.3074     0.29574     0.03304
    -0.13403      1.2059     -0.0744    0.018939
    -0.13403      1.2059     -0.0744    0.018939
    -0.23343      1.2336    0.075326    0.032076
    0.050684     0.99938    -0.25875   0.0056677
     0.19121      0.7494   -0.068928   0.0065869
     0.31918     0.97041    -0.25199   0.0081753
     0.23604      1.0333    -0.24339    0.010465
    0.020802      1.1028    -0.21033      0.0119
   -0.088667      1.2523    0.078683    0.026207
    0.025044      1.3541     0.35383     0.04227
     0.21533      1.2442    0.046155    0.023008
     0.32272       1.082    -0.16598     0.01673
     0.32272       1.082    -0.16598     0.01673
     0.35942     0.99638    -0.24587   0.0096252
     0.17021      1.0499    -0.23939   0.0086771
     0.17021      1.0499    -0.23939   0.0086771
     0.21719       1.312     0.28035    0.036498
     0.26733       1.239    0.084121    0.026278
     0.26733       1.239    0.084121    0.026278
    0.043723       1.374     0.52136    0.044116
    -0.17992      1.0833     -0.2171    0.010731
    -0.15124     0.94572    -0.25029   0.0053047
    0.052395     0.76458   -0.044929   0.0063909
   -0.067176     0.85029    -0.16663   0.0058955
    -0.20326     0.83439    -0.18723   0.0055523
    -0.20326     0.83439    -0.18723   0.0055523
    0.023523      1.0839    -0.21656    0.012781
    0.017895       0.806    -0.11358   0.0056855
    -0.20582     0.80036    -0.14086   0.0054455
    -0.10322     0.94463    -0.24107   0.0049172
    -0.30025      1.0192    -0.22662    0.010527
    -0.25434       1.109    -0.15577    0.016556
   -0.081018     0.96969    -0.25162   0.0060697
    -0.13608     0.67612     0.10421    0.007614
     0.14829     0.62575     0.21422    0.007623
    0.097552     0.72041    0.031152   0.0062462
     0.18987     0.59857     0.26854   0.0076114
     0.18987     0.59857     0.26854   0.0076114
    0.049202     0.82384    -0.13222   0.0063105
    0.049202     0.82384    -0.13222   0.0063105
    0.049202     0.82384    -0.13222   0.0063105
      0.2221     0.66815    0.058372   0.0062392
     0.27033     0.79375    -0.16096   0.0051822
     0.45708      0.6718    -0.17539    0.004958
     0.45708      0.6718    -0.17539    0.004958
     0.75607     0.64099    -0.43191    0.002617
     0.62989     0.64646    -0.35114   0.0029681
     0.62989     0.64646    -0.35114   0.0029681
     0.39399      0.9358    -0.26783   0.0074705
     0.39399      0.9358    -0.26783   0.0074705
     0.39399      0.9358    -0.26783   0.0074705
     0.49311     0.98968     -0.2348    0.010453
     0.29356      1.1012    -0.16867    0.012785
     0.29356      1.1012    -0.16867    0.012785
     0.55023      0.8119    -0.29589   0.0055844
      0.5243      1.0442    -0.14699    0.015986
     0.62356     0.99687    -0.13781    0.017175
     0.64636      1.1192     0.12539    0.023928
     0.46715     0.96389    -0.24442   0.0074268
     0.41153      1.0616    -0.14959    0.018667
     0.50153      1.2051     0.13438    0.025994
     0.50153      1.2051     0.13438    0.025994
     0.50956     0.91536    -0.26701   0.0070554
     0.58287     0.69905    -0.31325   0.0035324
     0.58287     0.69905    -0.31325   0.0035324
      0.6701     0.51192    -0.30041   0.0058583
     0.92716     0.74473    -0.23787     0.01117
      0.9418     0.50837    -0.23276   0.0048852
      1.2137     0.51952     0.28093   0.0069898
      1.1278     0.41025     0.35837    0.010369
     0.86159      0.3616     0.69832     0.02053
     0.97716     0.35161      0.7576    0.016348
     0.97716     0.35161      0.7576    0.016348
     0.97716     0.35161      0.7576    0.016348
     0.97716     0.35161      0.7576    0.016348
      1.0412     0.41914     0.22464    0.010406
      1.0412     0.41914     0.22464    0.010406
      1.0669     0.43326     0.16845   0.0092747
      1.2787     0.50563     0.52326   0.0079479
      1.3281     0.37386      1.0727    0.016562
      1.3281     0.37386      1.0727    0.016562
      1.3281     0.37386      1.0727    0.016562
      1.3281     0.37386      1.0727    0.016562
      1.3281     0.37386      1.0727    0.016562
      1.3281     0.37386      1.0727    0.016562
      1.3281     0.37386      1.0727    0.016562
      1.3281     0.37386      1.0727    0.016562
      1.0368     0.29295      1.5221    0.033913
     0.96832     0.28519      1.7938    0.030584
     0.96832     0.28519      1.7938    0.030584
     0.96832     0.28519      1.7938    0.030584
     0.96832     0.28519      1.7938    0.030584
      1.1952     0.42588     0.41165   0.0087834
      1.1952     0.42588     0.41165   0.0087834
     0.93197     0.51955    -0.27154   0.0046106
     0.93197     0.51955    -0.27154   0.0046106
     0.93197     0.51955    -0.27154   0.0046106
     0.93197     0.51955    -0.27154   0.0046106
       1.073     0.58719    -0.13545   0.0060027
       1.073     0.58719    -0.13545   0.0060027
      1.2057     0.64603     0.35853    0.017436
     0.97267     0.37233     0.53817    0.015179
     0.68488     0.36811     0.56622    0.018203
      0.7007     0.44951    -0.10139    0.008839
     0.43291     0.72412    -0.19661   0.0056063
     0.43291     0.72412    -0.19661   0.0056063
     0.39017     0.72244    -0.15921   0.0053251
     0.39017     0.72244    -0.15921   0.0053251
     0.52947     0.70293    -0.26596   0.0037627
     0.53456     0.43684   0.0060709   0.0069982
     0.53456     0.43684   0.0060709   0.0069982
     0.53456     0.43684   0.0060709   0.0069982
     0.66455     0.73276    -0.36213   0.0042071
     0.88902     0.72157    -0.33766   0.0073671
     0.75418     0.70184     -0.3981   0.0043009
     0.59214     0.82633     -0.2918    0.006259
     0.59214     0.82633     -0.2918    0.006259
     0.33633     0.87067    -0.23502   0.0047904
     0.55331      1.1161    -0.01756    0.021916
     0.64693      1.1738     0.33447    0.034979
       0.383     0.91842    -0.25202   0.0082476
       0.383     0.91842    -0.25202   0.0082476
     0.66027     0.80068     -0.3268   0.0060623
     0.86278     0.91201    0.011315    0.017711
     0.67489      1.0846    0.095718    0.026414
     0.56647     0.98223     -0.1889    0.012826
     0.74072     0.86916    -0.21806    0.012775
     0.92365     0.69846    -0.32746   0.0071891
      1.0324     0.66147    -0.17555   0.0088928
     0.86433      0.5703     -0.4168   0.0028021
      0.7282     0.50107    -0.29386   0.0065147
     0.48381     0.57408    -0.12978   0.0051194
     0.73829     0.79185    -0.31858   0.0088772
     0.73829     0.79185    -0.31858   0.0088772
     0.82473     0.71194    -0.38072   0.0062971
      0.7265       0.716    -0.38162   0.0051033
      0.4682     0.78736    -0.25113   0.0057026
     0.35059     0.80219    -0.21332   0.0054191
    0.064425     0.72102    0.025908   0.0063564
   -0.042733     0.76201   -0.045299   0.0061667
    0.036315      0.7042    0.075476   0.0079489
    0.036315      0.7042    0.075476   0.0079489
   -0.056589     0.90248    -0.21655   0.0053801
     0.14107      1.0969    -0.20853    0.012164
    0.025667      1.3161     0.20847    0.032451
    -0.11889      1.0534    -0.23531    0.010672
    -0.39095     0.83372    -0.23946   0.0047086
    -0.57047     0.85809    -0.28738   0.0057236
    -0.50267     0.62941    -0.19326   0.0047688
    -0.38093     0.86862    -0.25209   0.0047244
    -0.21996      0.8897    -0.21765   0.0053036
    -0.29999      1.0127    -0.25465   0.0083426
    -0.29999      1.0127    -0.25465   0.0083426
    -0.33701     0.79132    -0.17642   0.0056421
    -0.60072     0.79822    -0.31566   0.0041913
    -0.47681     0.57217    -0.11069   0.0053973
    -0.41764     0.40626     0.26245    0.008416
    -0.18178     0.53522     0.46942    0.010803
    -0.22337     0.44782     0.70453    0.011174
    -0.42128     0.74263    -0.20119   0.0048111
    -0.42128     0.74263    -0.20119   0.0048111
    -0.19531     0.93492    -0.24638   0.0055856
    -0.45426     0.79624    -0.24857   0.0050762
    -0.15803     0.74923   -0.048824   0.0066397
   -0.080856     0.67528     0.13383   0.0068074
   -0.080856     0.67528     0.13383   0.0068074
     0.16242      0.7946    -0.12166   0.0051852
     0.19605     0.84025    -0.17444   0.0057245
     0.19605     0.84025    -0.17444   0.0057245
     0.42302      1.1279   -0.082273    0.018277
     0.28119     0.83168    -0.20043   0.0052046
     0.28119     0.83168    -0.20043   0.0052046
     0.28119     0.83168    -0.20043   0.0052046
     0.03133     0.72673    0.015734   0.0067728
     0.03133     0.72673    0.015734   0.0067728
     0.08258     0.79385   -0.091656   0.0066972
     0.08258     0.79385   -0.091656   0.0066972
     0.27828     0.74278   -0.097629   0.0059238
    0.044683      0.5432     0.54202   0.0097349
     0.32501     0.41354      0.5077   0.0088529
     0.32501     0.41354      0.5077   0.0088529
     0.32501     0.41354      0.5077   0.0088529
     0.44768     0.61242    -0.11832   0.0044578
     0.59698     0.53236    -0.26023   0.0043956
     0.87713     0.75093    -0.29652   0.0085422
     0.87713     0.75093    -0.29652   0.0085422
     0.84651     0.47115    -0.14855   0.0094961
     0.84651     0.47115    -0.14855   0.0094961
     0.84651     0.47115    -0.14855   0.0094961
     0.78879     0.45797    -0.11618   0.0095433
      1.0013     0.62618    -0.26659   0.0059889
      0.8739     0.74388    -0.29413    0.010979
      0.8221     0.57012    -0.42241   0.0029115
      0.8221     0.57012    -0.42241   0.0029115
     0.55801     0.82416    -0.29825   0.0053496
     0.49852     0.95777    -0.20323    0.015972
     0.42183      1.2306      0.1595    0.025714
     0.15991      1.4561     0.83931    0.050294
     0.15991      1.4561     0.83931    0.050294
    0.060761      1.3554     0.42922    0.039803
    0.079292      1.0977    -0.19808    0.011612
     0.25702      1.1721   -0.067675    0.020112
    0.063371     0.87454    -0.19741   0.0047586
    0.063665       0.939    -0.23653   0.0075878
    -0.11411     0.89758    -0.21191   0.0056704
    -0.28396     0.92756    -0.25599   0.0052377
    -0.29854     0.74551    -0.11145   0.0051878
   -0.027154     0.94999     -0.2466   0.0058366
   -0.027154     0.94999     -0.2466   0.0058366
    -0.11673     0.70085    0.048353   0.0069708
    -0.11673     0.70085    0.048353   0.0069708
    -0.13233     0.46878     0.78194      0.0119
    -0.35674     0.54516     0.13776   0.0077162
    -0.35674     0.54516     0.13776   0.0077162
    -0.35674     0.54516     0.13776   0.0077162
    -0.44949     0.37351     0.34269    0.011277
    -0.28197     0.41551     0.64226   0.0097949
    -0.37922     0.65499   -0.069272   0.0053395
    -0.47392     0.92952    -0.24311    0.010884
    -0.29407     0.76937    -0.13702   0.0059602
    -0.57888     0.63155    -0.29934   0.0036476
    -0.56233     0.91483    -0.25241   0.0083583
    -0.56233     0.91483    -0.25241   0.0083583
      -0.831     0.96513     0.10316    0.024318
     -1.1135     0.75384     0.26351    0.016706
     -1.1135     0.75384     0.26351    0.016706
    -0.91785     0.52368    -0.29485   0.0043284
     -1.0695     0.59565    -0.14078    0.006952
    -0.95979     0.85849     0.10964    0.021853
    -0.95979     0.85849     0.10964    0.021853
    -0.76868     0.75384    -0.35922   0.0058117
    -0.62574     0.77449    -0.33103   0.0051122
      -0.533      0.8419     -0.2871   0.0060075
    -0.60543     0.73247    -0.33281   0.0037007
     -0.3213     0.94747    -0.25778   0.0059769
     -0.3213     0.94747    -0.25778   0.0059769
    -0.50317      1.1918     0.15431    0.033266
    -0.52983      1.1956     0.18342    0.028128
    -0.72129      1.0261    0.063578    0.024008
     -0.8014      1.2593      1.0729    0.051886
     -0.8014      1.2593      1.0729    0.051886
    -0.86021       1.134     0.77132    0.039484
     -1.1189      1.1958      2.5422     0.08817
     -1.1189      1.1958      2.5422     0.08817
     -1.1189      1.1958      2.5422     0.08817
     -1.1189      1.1958      2.5422     0.08817
    -0.85059      1.3414       1.807    0.082133
    -0.56885      1.4643      1.7925     0.10675
    -0.85983      1.3853      2.2415     0.11026
    -0.58238      1.2411     0.43737    0.039011
    -0.58421     0.98121    -0.18733    0.012801
    -0.47653      1.1306   -0.023901    0.023667
    -0.37735      1.3479     0.46313    0.039483
    -0.37735      1.3479     0.46313    0.039483
    -0.26744      1.0642    -0.21317    0.012767
    -0.26744      1.0642    -0.21317    0.012767
    -0.30823      1.1549     -0.0884    0.020533
    -0.30823      1.1549     -0.0884    0.020533
    -0.44387      1.1182    -0.10177    0.016353
    -0.44387      1.1182    -0.10177    0.016353
     -0.2955       1.253     0.11548    0.033951
   -0.099159       1.271     0.13019    0.030035
   -0.099159       1.271     0.13019    0.030035
    -0.12405      1.2332    0.011829    0.023966
      0.1126      1.0368    -0.25235   0.0073898
    -0.14507      1.1544    -0.12292    0.018355
    -0.14507      1.1544    -0.12292    0.018355
   -0.019222      1.0169    -0.24129   0.0070269
     -0.2133      1.1357    -0.14951    0.016643
    0.037917     0.89161    -0.20545   0.0049304
     0.12649      1.1153    -0.17526     0.01913
     0.36005      1.0577    -0.19637    0.011486
     0.50708     0.98892    -0.22503    0.010552
     0.50708     0.98892    -0.22503    0.010552
