     ACCEPTANCE:
      0.74257
       0.7451
      0.74757
         0.75
      0.75238
      0.75472
      0.75701
      0.75926
      0.75229
      0.75455
      0.75676
      0.75893
      0.76106
      0.76316
      0.76522
      0.75862
      0.76068
      0.76271
      0.76471
      0.75833
      0.75207
       0.7541
       0.7561
      0.75806
        0.752
      0.74603
      0.74016
      0.74219
      0.74419
      0.74615
      0.74809
         0.75
      0.75188
      0.75373
      0.75556
      0.75735
      0.75912
      0.76087
      0.76259
      0.75714
      0.75177
      0.74648
      0.74825
         0.75
      0.75172
      0.74658
       0.7483
         0.75
      0.75168
      0.75333
      0.75497
      0.75658
      0.75817
      0.75974
      0.76129
      0.76282
      0.76433
      0.75949
      0.75472
      0.75625
      0.75776
      0.75926
      0.76074
       0.7622
      0.76364
      0.75904
      0.76048
       0.7619
      0.76331
      0.76471
      0.76023
      0.76163
      0.75723
      0.75862
         0.76
      0.76136
      0.76271
      0.76404
      0.76536
      0.76667
      0.76243
      0.75824
       0.7541
      0.75543
      0.75676
      0.75806
      0.75936
      0.76064
      0.75661
      0.75789
      0.75393
         0.75
      0.74611
      0.74227
      0.73846
      0.73469
      0.73604
      0.73737
      0.73869
         0.74
      0.74129
      0.74257
      0.74384
       0.7451
      0.74634
      0.74757
      0.74879
         0.75
       0.7512
      0.75238
      0.74882
         0.75
      0.75117
      0.74766
      0.74419
      0.74537
      0.74194
      0.74312
      0.74429
      0.74545
      0.74661
      0.74775
      0.74888
         0.75
      0.74667
      0.74779
       0.7489
         0.75
      0.75109
      0.75217
      0.74892
         0.75
      0.75107
      0.75214
      0.75319
      0.75424
      0.75527
       0.7563
      0.75732
      0.75417
      0.75104
      0.75207
      0.75309
       0.7541
      0.75102
      0.75203
      0.75304
      0.75403
        0.751
        0.752
      0.75299
      0.75397
      0.75099
      0.74803
      0.74902
         0.75
      0.75097
      0.75194
       0.7529
      0.75385
      0.75479
      0.75573
      0.75665
      0.75379
      0.75094
      0.75188
      0.75281
      0.75373
      0.75465
      0.75185
      0.75277
      0.75368
      0.75092
      0.75182
      0.75273
         0.75
      0.74729
       0.7482
      0.74552
      0.74286
      0.74377
      0.74468
      0.74205
      0.74296
      0.74386
      0.74126
      0.74216
      0.74306
      0.74394
      0.74483
       0.7457
      0.74658
      0.74403
       0.7415
      0.74237
      0.74324
      0.74411
      0.74497
      0.74582
      0.74333
      0.74419
      0.74503
      0.74587
      0.74671
      0.74754
      0.74837
      0.74919
      0.74675
      0.74434
      0.74194
      0.73955
      0.73718
      0.73802
      0.73567
      0.73651
      0.73734
      0.73502
      0.73585
      0.73668
       0.7375
      0.73832
      0.73602
      0.73375
      0.73148
      0.73231
      0.73313
      0.73089
      0.73171
      0.73252
       0.7303
      0.73112
      0.73193
      0.73273
      0.73054
      0.73134
      0.73214
      0.72997
      0.72781
      0.72566
      0.72647
      0.72727
      0.72515
      0.72303
      0.72093
      0.71884
      0.71676
      0.71758
      0.71552
      0.71633
      0.71429
      0.71225
      0.71307
      0.71105
      0.71186
      0.71268
      0.71348
      0.71429
      0.71508
      0.71588
      0.71667
      0.71745
      0.71823
      0.71901
      0.71703
      0.71507
      0.71311
       0.7139
      0.71467
      0.71545
      0.71622
      0.71698
      0.71505
      0.71582
       0.7139
      0.71467
      0.71543
      0.71618
      0.71693
      0.71504
      0.71316
      0.71391
      0.71466
      0.71279
      0.71094
      0.71169
      0.71244
      0.71318
      0.71392
      0.71465
      0.71538
      0.71611
      0.71684
      0.71501
       0.7132
      0.71139
      0.71212
      0.71033
      0.70854
      0.70677
       0.7075
      0.70823
      0.70647
       0.7072
      0.70792
      0.70864
      0.70936
      0.71007
      0.71078
      0.71149
       0.7122
       0.7129
      0.71359
      0.71186
      0.71256
      0.71084
      0.71154
      0.71223
      0.71292
      0.71122
       0.7119
      0.71259
       0.7109
      0.71158
      0.70991
      0.71059
      0.70892
       0.7096
      0.70794
      0.70862
       0.7093
      0.70998
      0.71065
      0.71132
      0.71198
      0.71264
       0.7133
      0.71167
      0.71233
      0.71298
      0.71364
      0.71202
      0.71041
       0.7088
      0.70946
      0.71011
      0.71076
      0.71141
      0.71205
      0.71269
      0.71333
      0.71175
      0.71239
      0.71302
      0.71145
      0.70989
      0.70833
      0.70678
      0.70524
       0.7037
      0.70217
      0.70282
       0.7013
      0.69978
      0.69828
      0.69892
      0.69957
      0.69807
      0.69872
      0.69936
          0.7
      0.70064
      0.70127
       0.7019
      0.70253
      0.70316
      0.70168
      0.70021
      0.70084
      0.69937
          0.7
      0.70062
      0.70124
      0.70186
      0.70248
      0.70309
       0.7037
      0.70431
      0.70492
      0.70348
      0.70408
      0.70468
      0.70528
      0.70588
      0.70648
      0.70707
      0.70766
      0.70624
      0.70683
      0.70741
        0.708
      0.70858
      0.70916
      0.70775
      0.70635
      0.70495
      0.70356
      0.70414
      0.70472
       0.7053
      0.70588
       0.7045
      0.70312
       0.7037
      0.70428
      0.70291
      0.70349
      0.70406
      0.70463
      0.70328
      0.70192
      0.70058
      0.69923
       0.6979
      0.69656
      0.69524
      0.69582
      0.69639
      0.69508
      0.69565
      0.69623
      0.69492
      0.69549
      0.69418
      0.69476
      0.69533
       0.6959
       0.6946
      0.69517
      0.69388
      0.69444
      0.69501
      0.69373
      0.69429
      0.69485
      0.69541
      0.69414
       0.6947
      0.69343
      0.69399
      0.69455
       0.6951
      0.69565
       0.6962
      0.69495
      0.69369
      0.69424
      0.69479
      0.69355
       0.6941
      0.69286
       0.6934
      0.69217
      0.69272
      0.69326
      0.69204
      0.69258
      0.69136
       0.6919
      0.69069
      0.69123
      0.69002
      0.68881
      0.68935
       0.6899
      0.69043
      0.69097
      0.69151
      0.69204
      0.69257
       0.6931
      0.69191
      0.69072
      0.69125
      0.69178
      0.69231
      0.69283
      0.69165
      0.69218
       0.6927
      0.69322
      0.69374
      0.69426
      0.69309
       0.6936
      0.69412
      0.69463
      0.69347
      0.69231
      0.69282
      0.69333
      0.69384
      0.69269
      0.69154
      0.69205
      0.69091
      0.68977
      0.68863
      0.68914
      0.68801
      0.68689
       0.6874
      0.68627
      0.68679
       0.6873
      0.68618
      0.68506
      0.68558
      0.68608
      0.68498
      0.68548
      0.68599
       0.6865
        0.687
       0.6875
       0.6864
       0.6853
      0.68581
      0.68631
       0.6868
       0.6873
       0.6878
      0.68671
      0.68562
      0.68454
      0.68504
      0.68396
      0.68289
      0.68339
      0.68232
      0.68281
      0.68175
      0.68069
      0.68118
      0.68012
      0.67907
      0.67957
      0.67852
      0.67747
      0.67643
      0.67538
      0.67588
      0.67638
      0.67688
      0.67737
      0.67786
      0.67835
      0.67732
      0.67629
      0.67678
      0.67727
      0.67776
      0.67825
      0.67873
      0.67771
      0.67669
      0.67718
      0.67616
      0.67665
      0.67564
      0.67612
      0.67511
       0.6756
      0.67608
      0.67507
      0.67556
      0.67456
      0.67356
      0.67404
      0.67305
      0.67353
      0.67254
      0.67155
      0.67057
      0.66959
      0.67007
       0.6691
      0.66958
       0.6686
      0.66909
      0.66957
       0.6686
      0.66763
      0.66811
      0.66859
      0.66906
      0.66954
      0.66858
      0.66762
      0.66667
      0.66571
      0.66619
      0.66524
      0.66572
      0.66619
      0.66525
      0.66572
      0.66478
      0.66525
      0.66573
       0.6662
      0.66667
      0.66573
       0.6662
      0.66667
      0.66713
       0.6676
      0.66806
      0.66852
      0.66898
      0.66944
      0.66852
      0.66898
      0.66805
      0.66713
      0.66759
      0.66804
       0.6685
      0.66758
      0.66667
      0.66712
      0.66758
      0.66667
      0.66712
      0.66757
      0.66803
      0.66848
      0.66893
      0.66938
      0.66982
      0.67027
      0.67072
      0.67116
       0.6716
      0.67204
      0.67248
      0.67292
      0.67336
       0.6738
      0.67423
      0.67467
       0.6751
       0.6742
      0.67463
      0.67374
      0.67417
      0.67328
      0.67239
      0.67282
      0.67325
      0.67237
       0.6728
      0.67323
      0.67235
      0.67147
      0.67059
      0.67102
      0.67145
      0.67188
       0.6723
      0.67273
      0.67315
      0.67358
        0.674
      0.67442
      0.67484
      0.67526
      0.67568
      0.67481
      0.67522
      0.67436
      0.67478
      0.67391
      0.67433
      0.67474
      0.67516
      0.67557
      0.67598
       0.6764
      0.67681
      0.67722
      0.67762
      0.67803
      0.67718
      0.67758
      0.67673
      0.67588
      0.67629
      0.67669
       0.6771
       0.6775
       0.6779
       0.6783
       0.6787
      0.67786
      0.67826
      0.67866
      0.67906
      0.67946
      0.67985
      0.68025
      0.68064
      0.68103
      0.68143
      0.68182
      0.68221
       0.6826
      0.68299
      0.68337
      0.68254
      0.68293
      0.68331
       0.6837
      0.68408
      0.68447
      0.68364
      0.68402
       0.6844
      0.68357
      0.68396
      0.68434
      0.68472
       0.6851
      0.68547
      0.68585
      0.68623
       0.6866
      0.68698
      0.68735
      0.68653
       0.6869
      0.68728
      0.68646
      0.68683
       0.6872
      0.68639
      0.68676
      0.68713
       0.6875
      0.68787
      0.68824
       0.6886
      0.68779
      0.68816
      0.68852
      0.68889
      0.68925
      0.68961
      0.68998
      0.69034
       0.6907
      0.69106
      0.69142
      0.69177
      0.69097
      0.69133
      0.69053
      0.68973
      0.69009
      0.69045
       0.6908
      0.69001
      0.69037
      0.69072
      0.68993
      0.69029
       0.6895
      0.68871
      0.68907
      0.68942
      0.68864
      0.68899
      0.68934
      0.68969
      0.69005
       0.6904
      0.69074
      0.69109
      0.69032
      0.69066
      0.69101
      0.69024
      0.69058
      0.69093
      0.69128
      0.69162
      0.69196
      0.69231
      0.69265
      0.69188
      0.69111
      0.69034
      0.69069
      0.68992
      0.69027
      0.69061
      0.69095
      0.69019
      0.68943
      0.68867
      0.68791
      0.68716
       0.6864
      0.68565
        0.686
      0.68634
      0.68559
      0.68484
       0.6841
      0.68444
       0.6837
      0.68404
       0.6833
      0.68256
      0.68182
      0.68216
      0.68143
      0.68177
      0.68211
      0.68245
       0.6828
      0.68314
       0.6824
      0.68274
      0.68201
      0.68235
      0.68269
      0.68196
      0.68124
      0.68158
      0.68191
      0.68225
      0.68259
      0.68187
       0.6822
      0.68254
      0.68288
      0.68321
      0.68249
      0.68282
      0.68316
      0.68349
      0.68382
      0.68416
      0.68449
      0.68482
      0.68515
      0.68548
       0.6858
      0.68613
      0.68542
      0.68574
      0.68607
       0.6864
      0.68672
      0.68705
      0.68737
      0.68769
      0.68698
      0.68731
      0.68763
      0.68795
      0.68827
      0.68859
      0.68891
      0.68923
      0.68955
      0.68987
      0.69018
      0.68948
       0.6898
      0.69011
      0.69043
      0.69074
      0.69106
      0.69137
      0.69168
      0.69098
       0.6913
      0.69161
      0.69192
      0.69223
      0.69153
      0.69184
      0.69215
      0.69146
      0.69177
      0.69208
      0.69138
      0.69069
        0.691
      0.69031
      0.69062
      0.68993
      0.69024
      0.69055
      0.69085
      0.69017
      0.68948
      0.68979
       0.6901
      0.69041
      0.68972
      0.69003
      0.68935
      0.68867
      0.68898
      0.68928
      0.68959
      0.68989
      0.68922
      0.68952
      0.68982
      0.69013
      0.69043
      0.68976
      0.69006
      0.69036
      0.69066
      0.69096
      0.69126
      0.69156
      0.69186
      0.69216
      0.69246
      0.69179
      0.69208
      0.69142
      0.69171
      0.69201
      0.69135
      0.69068
      0.69098
      0.69128
      0.69157
      0.69187
      0.69216
      0.69245
      0.69275
      0.69209
      0.69238
      0.69267
      0.69202
      0.69231
       0.6926
      0.69289
      0.69223
      0.69253
      0.69282
      0.69311
       0.6934
      0.69369
      0.69303
      0.69332
      0.69361
       0.6939
      0.69418
      0.69353
      0.69382
      0.69411
      0.69346
      0.69281
      0.69216
      0.69245
      0.69274
      0.69302
      0.69331
      0.69359
      0.69388
      0.69416
      0.69352
       0.6938
      0.69316
      0.69344
       0.6928
      0.69309
      0.69245
      0.69273
      0.69301
      0.69238
      0.69266
      0.69294
      0.69322
      0.69259
      0.69287
      0.69315
      0.69343
      0.69371
      0.69399
      0.69427
      0.69364
