     MU:      SIGMA:     E_MEASURED:    ERROR:
    -0.24936     0.59781     0.17986    0.008579
    -0.14825     0.89637    -0.22132   0.0050595
     0.02181     0.93666    -0.24064   0.0056537
   -0.045211      0.7384   0.0023844   0.0059347
     0.17983     0.62418     0.19816   0.0073675
     0.30789      0.8538    -0.21763   0.0049314
      0.4124     0.82751    -0.24852   0.0052132
     0.66318     0.90858    -0.23619    0.010841
     0.60806     0.63869     -0.3286   0.0028501
     0.70773     0.42236    0.066269    0.011133
     0.43338     0.70182    -0.18057   0.0054261
     0.51874     0.88811    -0.27858   0.0065503
      0.3783     0.73908    -0.16743   0.0053288
     0.43455     0.49978    0.049594   0.0064007
     0.43455     0.49978    0.049594   0.0064007
     0.43455     0.49978    0.049594   0.0064007
     0.48533     0.74021    -0.24841   0.0044826
     0.75486     0.69854    -0.40216   0.0033232
     0.54604     0.91444    -0.26542    0.010255
     0.54604     0.91444    -0.26542    0.010255
     0.41398     0.96144    -0.25163   0.0080794
     0.68402     0.96763    -0.12946      0.0158
     0.58393      1.0825    0.013931     0.02524
     0.79263      1.1969     0.78454    0.047854
     0.79263      1.1969     0.78454    0.047854
     0.56215       1.272     0.54738    0.034675
     0.56215       1.272     0.54738    0.034675
      0.8328      1.0875     0.41748    0.028707
     0.59498       1.251     0.58314    0.047724
     0.35316      1.3828     0.65412     0.04755
     0.35922      1.3125     0.46438    0.047155
     0.60972      1.1539     0.22366    0.037819
     0.51635      1.0789   -0.094041    0.021697
      0.8079     0.92316   -0.028038    0.022332
      1.0521     0.73323    0.012008    0.015919
     0.80978      1.0113     0.16933     0.02691
      1.0131      1.0496     0.97252    0.046402
     0.92469      1.1615      1.1452     0.05817
      1.0284      1.0704      1.2618    0.071888
      0.7727      1.3597       1.618    0.089587
      0.7727      1.3597       1.618    0.089587
      0.7727      1.3597       1.618    0.089587
     0.63429      1.1288     0.18979    0.028003
     0.38314     0.91161    -0.25425   0.0055418
     0.41785     0.69401    -0.16088   0.0053232
     0.41785     0.69401    -0.16088   0.0053232
     0.33558     0.84805    -0.23208   0.0046887
     0.19507     0.94768    -0.25012   0.0051699
     0.27788     0.79506    -0.16065   0.0047529
     0.44273     0.79121     -0.2426   0.0048605
     0.24781     0.99319    -0.26158   0.0060235
    0.063433      0.8627    -0.17144    0.005136
     0.14477     0.79763    -0.11564   0.0056412
     0.02868      1.0836    -0.21903    0.010824
    0.036974      1.1424    -0.16185    0.015628
      -0.168     0.91273     -0.2224   0.0069286
    -0.37926     0.85628    -0.24475   0.0055316
    -0.12923     0.85323    -0.17785   0.0049631
   -0.016149     0.63318     0.24783   0.0090517
    -0.15574     0.70985    0.028837   0.0064973
   -0.077602     0.71248    0.047759   0.0064694
      0.1214     0.87581    -0.19043     0.00616
     0.13847      1.0144     -0.2527   0.0078725
     0.17187     0.77549   -0.097283   0.0057531
   -0.029735     0.86208    -0.17377   0.0048386
  -0.0044269     0.97978    -0.24415   0.0061881
     -0.1625     0.81396    -0.14544   0.0052599
    -0.23745      0.9864    -0.25415   0.0080063
    -0.39151     0.77788    -0.20337    0.004946
    -0.36467      0.7253    -0.13692   0.0050449
    -0.42938     0.91776    -0.24577   0.0094342
    -0.19989      1.1053    -0.17312    0.018082
   -0.030216      1.0087    -0.25243   0.0079213
    -0.18672      1.1067    -0.20038    0.013604
    -0.12366      1.0835    -0.22146    0.011332
    0.049958     0.82914    -0.14671   0.0054605
    0.097839     0.91603    -0.22045   0.0060071
   -0.028494     0.70184    0.067704   0.0083357
    -0.25843     0.72515   -0.060433   0.0059356
   -0.013511     0.63427     0.23002   0.0088195
     0.24638     0.46516     0.57353    0.011541
     0.24638     0.46516     0.57353    0.011541
     0.24638     0.46516     0.57353    0.011541
     0.41887     0.50746    0.069563   0.0058987
     0.15754     0.77658    -0.10117   0.0055043
    -0.11018     0.51603     0.61306    0.010405
    -0.26962     0.60193     0.15315   0.0074567
    -0.23484     0.51733      0.4147    0.010468
    -0.23484     0.51733      0.4147    0.010468
    -0.27263     0.53858     0.30291   0.0088647
    -0.55727     0.50842    -0.17813     0.00529
    -0.55727     0.50842    -0.17813     0.00529
    -0.55727     0.50842    -0.17813     0.00529
    -0.85386     0.57524    -0.42078   0.0027741
    -0.85386     0.57524    -0.42078   0.0027741
     -1.0785      0.7526     0.13333    0.019834
     -1.0344     0.76691    0.061267    0.019799
     -0.9037     0.77367    -0.22276    0.013496
    -0.75026      0.9519   -0.088047    0.017887
    -0.62059     0.87877    -0.25489   0.0091523
    -0.78405      1.1738     0.72582    0.054635
    -0.68191      0.9798   -0.094584     0.01783
    -0.57647     0.84342    -0.31175   0.0056816
    -0.58479     0.80093    -0.30331   0.0056408
    -0.33255     0.94557    -0.24575   0.0072149
    -0.42682     0.88843    -0.26852   0.0054885
    -0.36043     0.91597    -0.25885   0.0072659
    -0.49025     0.79946    -0.27024    0.004771
    -0.38848     0.59129   0.0037934   0.0059595
    -0.11746     0.75487   -0.048007   0.0062724
   -0.073206     0.67818     0.11403   0.0070578
    -0.37178     0.63697   -0.039479   0.0068433
    -0.36354     0.63214   -0.015579   0.0067203
    -0.58726     0.36648     0.43763    0.018685
    -0.58726     0.36648     0.43763    0.018685
    -0.64184     0.39875     0.22924    0.014063
    -0.64184     0.39875     0.22924    0.014063
    -0.50963     0.44128    0.026865   0.0075341
    -0.46151     0.65695    -0.16025   0.0042286
      -0.326     0.90083      -0.247    0.004816
    -0.23659      1.0923    -0.19559    0.012735
    -0.19584     0.97974    -0.25362   0.0088124
    -0.10768      1.0954    -0.20368    0.011464
     0.16774     0.83851    -0.17417   0.0050167
     0.44137      1.0667    -0.16196    0.016692
     0.15043      1.1908   -0.077333     0.01977
   -0.049501      1.0571    -0.22235    0.011015
    -0.21962      1.2258     0.02589    0.023777
   -0.048034      1.3756     0.55328    0.053284
    -0.30543      1.2537    0.079747    0.025798
    -0.30543      1.2537    0.079747    0.025798
    -0.51136      1.0274    -0.17759     0.01416
    -0.55408     0.73991     -0.2995   0.0037574
    -0.52117     0.80808    -0.29029   0.0040627
    -0.33375     0.57362     0.11133   0.0074196
    -0.13256     0.82294     -0.1492   0.0057174
    -0.24058     0.58728     0.22832    0.007981
    -0.26022     0.80486    -0.16743   0.0054455
    -0.32246     0.64874   0.0071496   0.0064672
     -0.5937     0.35541        0.57    0.017578
     -0.5937     0.35541        0.57    0.017578
    -0.76942     0.36043     0.71626     0.01975
     -0.5798     0.47049    -0.13703   0.0073326
    -0.45208     0.59069   -0.087797   0.0050915
    -0.45208     0.59069   -0.087797   0.0050915
    -0.18912     0.60526     0.23046    0.008924
    0.073581     0.79134   -0.090346   0.0054528
      0.1774     0.68483    0.058046   0.0074004
      0.1774     0.68483    0.058046   0.0074004
    0.075067     0.64826     0.17551   0.0067644
     0.26707     0.87349    -0.22499   0.0052708
     0.41815       1.014      -0.211    0.011518
     0.55271      1.1036    0.012702    0.030666
     0.63834      1.0954     0.06049    0.024264
     0.78929      0.9258   -0.068288    0.016208
       0.528     0.64898    -0.24181   0.0038263
     0.46986     0.52459   -0.060333   0.0051843
     0.45764      0.5407   -0.035796    0.005589
     0.63735     0.48917    -0.24491   0.0058111
     0.93443     0.45925   -0.053777   0.0088779
     0.68156     0.68897    -0.38591   0.0030546
     0.87451     0.41457     0.17643    0.014215
     0.67171      0.3781     0.42319    0.017452
     0.67171      0.3781     0.42319    0.017452
     0.67171      0.3781     0.42319    0.017452
     0.90176     0.49766    -0.21874   0.0066761
     0.64952     0.77115    -0.33963   0.0045266
     0.63339     0.93104    -0.22201     0.01073
     0.49012      1.0444    -0.14437    0.019531
     0.49012      1.0444    -0.14437    0.019531
     0.56796     0.93968    -0.22039    0.012196
     0.80511      1.0456     0.25022    0.032335
     0.80511      1.0456     0.25022    0.032335
     0.65689      0.9312    -0.18037    0.012982
     0.76442      1.0897     0.27554    0.028454
     0.76442      1.0897     0.27554    0.028454
     0.73224      1.2098     0.60621    0.046878
     0.84521      1.1937       1.006    0.060806
     0.84521      1.1937       1.006    0.060806
     0.65136      1.4103      1.5711    0.081458
     0.54912      1.4011      1.0452    0.052018
     0.28956      1.4456     0.84584    0.049951
     0.28956      1.4456     0.84584    0.049951
     0.41267      1.2989     0.38748    0.033392
     0.58648       1.106    0.041195    0.023881
     0.58648       1.106    0.041195    0.023881
     0.30488      1.1002    -0.14951    0.017949
     0.38377      1.1752   0.0084287    0.021454
     0.46607      1.1338    0.009863     0.02731
     0.32004      1.2768     0.20763    0.027362
     0.12556      1.2756     0.13437    0.028362
     0.20729      1.5125      1.1289    0.062998
     0.20729      1.5125      1.1289    0.062998
     0.20729      1.5125      1.1289    0.062998
     0.41583      1.5667      1.9628    0.080354
     0.48376        1.47      1.2718    0.066771
     0.22358      1.5109      1.3777     0.10648
     0.14687      1.3816     0.50875    0.042697
    -0.11643      1.3847     0.43619    0.036419
    -0.11643      1.3847     0.43619    0.036419
    -0.11643      1.3847     0.43619    0.036419
    0.062429      1.2271    -0.02915    0.028166
    -0.12207      1.1296    -0.16628    0.016092
    0.043655     0.92445    -0.24141   0.0049392
    0.060033     0.99199    -0.25737   0.0049629
     0.23041     0.90553    -0.22173    0.005883
  -0.0054805      1.0899    -0.20176    0.014031
  -0.0054805      1.0899    -0.20176    0.014031
  -0.0054805      1.0899    -0.20176    0.014031
     -0.1382      1.3775     0.46956    0.040344
     -0.1382      1.3775     0.46956    0.040344
     -0.1382      1.3775     0.46956    0.040344
    -0.10556       1.597      1.6021    0.081721
    -0.10556       1.597      1.6021    0.081721
   -0.060357      1.5191      1.2057    0.070388
   -0.045639      1.3245     0.25315    0.036071
   -0.045639      1.3245     0.25315    0.036071
    0.097379       1.045    -0.24074   0.0077421
       0.261      1.0061    -0.24575   0.0075045
    0.029345     0.94548    -0.23899   0.0045121
     0.28098     0.70103   -0.039805   0.0068374
     0.55866     0.62133    -0.26232    0.003922
     0.67348     0.44373   -0.081496   0.0094954
     0.67348     0.44373   -0.081496   0.0094954
     0.84676     0.53343    -0.36226   0.0040594
     0.86667     0.59191    -0.42134   0.0028507
     0.80292     0.32829      1.1598     0.02206
     0.80292     0.32829      1.1598     0.02206
      0.7355     0.26831      2.3813    0.036048
      0.7355     0.26831      2.3813    0.036048
      0.8781      0.5666    -0.39979   0.0030327
      0.8781      0.5666    -0.39979   0.0030327
      1.0346     0.71657   -0.094889    0.014004
      1.0346     0.71657   -0.094889    0.014004
      1.0252     0.81243     0.11589     0.01932
     0.74491     0.52947    -0.36306   0.0046782
     0.74491     0.52947    -0.36306   0.0046782
     0.74491     0.52947    -0.36306   0.0046782
     0.46183     0.72515    -0.22165   0.0044861
     0.34798       0.815    -0.20905    0.005913
     0.18339     0.81337     -0.1588   0.0047582
     0.18339     0.81337     -0.1588   0.0047582
    0.001587     0.63237     0.25064    0.008375
    0.001587     0.63237     0.25064    0.008375
    0.001587     0.63237     0.25064    0.008375
    -0.11545     0.53643      0.5276    0.012038
      0.1298     0.77868   -0.075216   0.0053506
      0.1298     0.77868   -0.075216   0.0053506
     0.36426     0.55224     0.10242   0.0073517
     0.11335     0.75768    -0.05535   0.0066551
    -0.11614     0.77726   -0.072328   0.0063523
    -0.06302     0.76691   -0.059264   0.0065592
     0.22644     0.92776    -0.23771   0.0062092
   -0.071186      1.1794   -0.080454    0.022742
    -0.34118      0.9583     -0.2485   0.0083551
    -0.14979     0.75674   -0.055467   0.0064628
    -0.44957     0.87606    -0.27014   0.0054934
    -0.47725     0.69746    -0.21482   0.0051102
    -0.27465     0.81059    -0.17666   0.0049003
    -0.50693      1.0587    -0.12549    0.017732
    -0.43941     0.99535    -0.19381    0.013087
    -0.43941     0.99535    -0.19381    0.013087
    -0.52894     0.89408     -0.2822   0.0094382
    -0.30704     0.61205    0.082498    0.006788
    -0.51363     0.41231     0.11273    0.010836
    -0.51363     0.41231     0.11273    0.010836
    -0.58792      0.6416    -0.30922   0.0031048
    -0.82933     0.45835    -0.11045   0.0081295
    -0.57368     0.38616     0.26899    0.013209
    -0.57368     0.38616     0.26899    0.013209
    -0.41793     0.36043     0.43457    0.011959
    -0.41793     0.36043     0.43457    0.011959
    -0.41793     0.36043     0.43457    0.011959
    -0.41793     0.36043     0.43457    0.011959
    -0.58199     0.30646      1.4047    0.033809
    -0.63135     0.55578    -0.33013    0.004171
    -0.39748     0.81392    -0.23909   0.0043963
    -0.32761     0.96058    -0.25033   0.0067237
     -0.4775      1.1535    0.014561    0.019762
     -0.4775      1.1535    0.014561    0.019762
     -0.3093      1.4296     0.86003    0.065042
    -0.21472      1.4981      1.1553    0.075261
    -0.21472      1.4981      1.1553    0.075261
    -0.18382      1.7572      3.4785     0.16517
    0.080278      1.7174       3.046     0.15063
    -0.15237      1.6962      2.7645     0.12356
    -0.42102      1.6491      2.7345     0.12724
    -0.35603       1.778      3.9198     0.18449
    -0.24712      1.4986      1.3062    0.079036
    -0.19414      1.2212   -0.021923    0.020778
    0.035597     0.99175    -0.24687   0.0063091
     0.33091      1.2588     0.14339    0.024572
     0.33091      1.2588     0.14339    0.024572
     0.33091      1.2588     0.14339    0.024572
     0.33091      1.2588     0.14339    0.024572
     0.22354      1.5029      1.1874    0.063549
     0.22354      1.5029      1.1874    0.063549
     0.22354      1.5029      1.1874    0.063549
     0.41083       1.451      1.1209    0.069368
     0.49354      1.6248      2.7508     0.10994
     0.32544      1.5609      1.9185     0.10104
     0.32544      1.5609      1.9185     0.10104
     0.58295      1.6472      3.0611     0.12992
     0.69461      1.4363      1.8422     0.10652
     0.77262      1.1589     0.62153    0.047446
     0.71168      1.2743     0.94493    0.064674
     0.65556      1.4149      1.5949    0.080846
     0.73246      1.3668      1.4717    0.073577
     0.76627      1.1831     0.64384    0.047935
      0.9594     0.91041     0.21852     0.02641
        1.01      1.1954      1.8902    0.082869
     0.85856      1.4022      2.4679     0.11736
      1.1126      1.3232      3.5132     0.12083
      1.0434      1.1536      1.5365    0.063276
      1.0434      1.1536      1.5365    0.063276
      1.1397       1.387      4.5917     0.16846
      1.1595      1.1849      2.7083    0.094029
      1.0945      1.2917      3.1623     0.13023
      1.0945      1.2917      3.1623     0.13023
      1.1596        1.34      4.1608      0.1234
      1.3118        1.13      3.7592      0.1027
      1.3118        1.13      3.7592      0.1027
      1.0603      1.2113      2.1315    0.085947
      1.0603      1.2113      2.1315    0.085947
     0.76966      1.2542      0.9842    0.073433
     0.76966      1.2542      0.9842    0.073433
     0.62472      1.2706     0.66685     0.05126
     0.62472      1.2706     0.66685     0.05126
     0.45249      1.2408     0.25081     0.03307
     0.53831     0.96219    -0.22948    0.011419
     0.27367     0.87412    -0.21225   0.0056529
    0.060758      0.7768   -0.068405   0.0061221
     0.32607      1.0741    -0.16741    0.015531
     0.46208     0.86057    -0.26678   0.0061403
     0.71713     0.68362    -0.40568   0.0031459
     0.85512     0.67036     -0.4038   0.0059744
     0.65427     0.45374    -0.11792   0.0075329
     0.53639     0.63166     -0.2504   0.0042133
     0.70895      0.6479    -0.41448   0.0022152
     0.80702      0.6576    -0.42626   0.0036919
     0.80702      0.6576    -0.42626   0.0036919
     0.80702      0.6576    -0.42626   0.0036919
     0.80702      0.6576    -0.42626   0.0036919
     0.72715     0.62223    -0.42755   0.0019968
     0.97174     0.46519   -0.044791   0.0070759
      1.0039     0.59096    -0.27077   0.0055502
     0.95759     0.45824    -0.03504   0.0074427
     0.91065     0.46405    -0.09126   0.0075411
      1.0366     0.50024    -0.09944   0.0045369
      1.2588     0.70792     0.76156    0.020257
      1.2974     0.86192      1.8165    0.052585
      1.2686     0.95331      2.1007    0.059263
      1.3332     0.65654      1.1108    0.023133
      1.3787     0.46532      1.0203    0.014612
      1.3787     0.46532      1.0203    0.014612
      1.3787     0.46532      1.0203    0.014612
       1.196     0.26699      2.1928    0.041758
       1.196     0.26699      2.1928    0.041758
       1.196     0.26699      2.1928    0.041758
       1.196     0.26699      2.1928    0.041758
      1.2252     0.42969     0.47801   0.0083845
      1.1957     0.62354     0.29452    0.012633
      1.2583     0.69585     0.78585    0.022116
      1.2583     0.69585     0.78585    0.022116
      1.1132     0.59972    -0.04263   0.0080253
      1.1163     0.47684    0.097184   0.0048407
      1.1163     0.47684    0.097184   0.0048407
      1.1094     0.55059   -0.032855   0.0059834
      1.1858       0.774     0.67439     0.02782
      1.0268     0.55626    -0.22283   0.0046435
     0.97475     0.55472     -0.2924   0.0042943
     0.71589     0.71947    -0.38591   0.0048258
     0.49808     0.96907    -0.23348    0.011399
     0.61719     0.67865     -0.3491    0.002614
     0.59021     0.50453    -0.22494    0.005668
     0.59021     0.50453    -0.22494    0.005668
     0.59021     0.50453    -0.22494    0.005668
     0.43301     0.79695     -0.2445    0.004786
     0.61271      1.0725    0.021942    0.021943
     0.80662      1.1709     0.70343    0.046709
     0.83365      0.8777    -0.14567    0.014457
     0.87137      1.0764     0.51773    0.038061
     0.91815      1.2091       1.311    0.063142
     0.82112      1.3773      1.9981     0.10059
     0.66703       1.291       0.896    0.058816
     0.82499      1.0998      0.4263    0.033267
     0.98051       1.034     0.74154    0.041819
      1.1298      0.9902      1.3409    0.053208
      1.1298      0.9902      1.3409    0.053208
     0.96899     0.76185    -0.13277    0.012213
     0.97245     0.83976    0.044944     0.01834
     0.81991     0.82954    -0.22898    0.010589
     0.81991     0.82954    -0.22898    0.010589
     0.60087      1.0492    -0.04693    0.022012
     0.72361     0.95405   -0.083567     0.01877
     0.90669     0.80311    -0.12278    0.019224
      1.0448      1.0942      1.3063    0.056207
     0.96779      1.1422      1.2619     0.06418
     0.72864      1.2557      1.0081    0.054739
     0.95224      1.1225      1.0105    0.046381
     0.86376      1.2489      1.3361    0.069649
     0.97764       1.107      1.1094    0.051523
     0.97764       1.107      1.1094    0.051523
     0.97764       1.107      1.1094    0.051523
     0.97764       1.107      1.1094    0.051523
     0.97764       1.107      1.1094    0.051523
     0.74287     0.83602    -0.28144    0.010436
     0.93479     0.85836     0.03702    0.020529
      0.9518     0.87349     0.11885    0.022483
      1.0054     0.88692     0.31323    0.027145
      1.0187     0.69447    -0.16034    0.011597
      1.2658     0.63958     0.65982    0.016466
      1.2658     0.63958     0.65982    0.016466
     0.98818     0.93807     0.46838    0.035845
     0.98818     0.93807     0.46838    0.035845
     0.96272      0.6888    -0.28857    0.008247
      1.0337     0.70821   -0.098467    0.013936
       1.209     0.50474     0.27831   0.0075962
       1.209     0.50474     0.27831   0.0075962
       1.209     0.50474     0.27831   0.0075962
       1.209     0.50474     0.27831   0.0075962
       1.209     0.50474     0.27831   0.0075962
      1.2167     0.42855     0.45082   0.0084104
      1.2167     0.42855     0.45082   0.0084104
      1.2167     0.42855     0.45082   0.0084104
      1.1124     0.55065   -0.036892   0.0055359
      1.1595     0.54662    0.096844   0.0060703
      1.1595     0.54662    0.096844   0.0060703
      1.3787     0.39809       1.183    0.015063
      1.1751     0.69123     0.33239     0.01813
      1.0069     0.44771     0.05377   0.0087329
      1.0069     0.44771     0.05377   0.0087329
      1.0069     0.44771     0.05377   0.0087329
     0.77446     0.55724    -0.41486   0.0035522
     0.62288     0.54435    -0.30831    0.004422
     0.43563     0.57707   -0.051761   0.0058874
     0.43563     0.57707   -0.051761   0.0058874
     0.41532     0.60884   -0.057078     0.00584
     0.41532     0.60884   -0.057078     0.00584
     0.56927     0.81676    -0.29282   0.0062294
     0.72089     0.58142    -0.41589   0.0024143
      0.4288     0.39134     0.27578   0.0092558
     0.41783     0.29776      1.0474    0.023424
     0.41783     0.29776      1.0474    0.023424
     0.70069     0.47366    -0.21873   0.0073127
     0.70069     0.47366    -0.21873   0.0073127
     0.82261     0.49335     -0.2652   0.0065073
      1.1121     0.74352     0.22399    0.020731
     0.93868     0.83971   -0.034365    0.018374
     0.94845     0.87137    0.066598    0.019932
      1.0956     0.85585     0.51535    0.028163
      1.2157     0.76471     0.81531    0.026733
      1.0148     0.63122     -0.2457   0.0088329
     0.79295     0.58478    -0.43772   0.0026773
     0.79295     0.58478    -0.43772   0.0026773
     0.80303     0.57269    -0.42964   0.0028187
     0.80303     0.57269    -0.42964   0.0028187
      0.8133     0.73831    -0.36534   0.0061769
     0.66466     0.92322    -0.19003    0.013053
     0.66466     0.92322    -0.19003    0.013053
     0.66272      1.1655     0.34334    0.035587
     0.66272      1.1655     0.34334    0.035587
     0.72314     0.95776   -0.096456    0.018671
     0.69542      1.0894     0.12578    0.032352
     0.83248      1.0127      0.2072    0.030078
     0.54221     0.91484    -0.25098   0.0093198
     0.54221     0.91484    -0.25098   0.0093198
     0.48916     0.87178     -0.2701   0.0067665
     0.48916     0.87178     -0.2701   0.0067665
     0.34376     0.98125    -0.24386   0.0075424
     0.34724      1.1024    -0.16565    0.014507
     0.34724      1.1024    -0.16565    0.014507
     0.14255      1.0805    -0.21405     0.01106
   -0.019641     0.86611    -0.18167   0.0048013
    -0.10775     0.77548   -0.087806   0.0061786
    0.024786     0.52834      0.5846    0.011531
   -0.095638     0.56999     0.40526    0.009744
    -0.19001     0.34582      1.3926    0.019085
    0.097397     0.48264     0.75577     0.01445
     0.17678     0.46459     0.74624    0.011905
     0.35105     0.36295     0.56114    0.010389
     0.35105     0.36295     0.56114    0.010389
     0.39378     0.62758   -0.052476   0.0055234
      0.1482     0.84431    -0.17718   0.0050118
     0.17327     0.80229    -0.13597   0.0054959
    -0.12338     0.68065    0.095772   0.0067263
    -0.12338     0.68065    0.095772   0.0067263
    -0.36878      0.6192  -0.0027845   0.0069488
    -0.66721     0.65328      -0.384   0.0028988
    -0.70449     0.35486     0.78398    0.021843
    -0.97387     0.61446    -0.31079   0.0055754
    -0.72131     0.49259    -0.27471   0.0067033
    -0.72131     0.49259    -0.27471   0.0067033
    -0.62137     0.41289     0.11278    0.011724
    -0.63619     0.39903     0.20565    0.012447
    -0.45959     0.45635     0.05752   0.0062761
    -0.45959     0.45635     0.05752   0.0062761
    -0.45959     0.45635     0.05752   0.0062761
    -0.72023     0.72977    -0.38386   0.0041337
    -0.87246     0.44987   -0.035588    0.009079
    -0.66352     0.49509    -0.27389   0.0064286
    -0.74327     0.35053     0.88315    0.019864
    -0.74327     0.35053     0.88315    0.019864
     -0.7007     0.54562    -0.37207   0.0038334
     -0.8556     0.72981    -0.33013   0.0087347
     -0.8556     0.72981    -0.33013   0.0087347
     -0.8556     0.72981    -0.33013   0.0087347
    -0.99482     0.52783    -0.21906    0.004397
    -0.72785     0.55081    -0.39957   0.0037666
    -0.84257     0.32139      1.2416    0.027912
    -0.95063     0.50136     -0.1953   0.0050504
    -0.95063     0.50136     -0.1953   0.0050504
     -1.0102     0.62802    -0.26331   0.0066577
     -1.0541     0.84634     0.35485    0.026823
     -1.0541     0.84634     0.35485    0.026823
     -1.0541     0.84634     0.35485    0.026823
     -1.1759     0.56949     0.16099   0.0081134
     -1.1759     0.56949     0.16099   0.0081134
     -1.1759     0.56949     0.16099   0.0081134
     -1.2415     0.58191     0.42979    0.012958
     -1.0748     0.72393    0.055821     0.01642
    -0.88533     0.98899     0.25801    0.025501
    -0.74161      1.1967     0.63986    0.050229
    -0.89703      0.9923     0.38345    0.030303
    -0.89703      0.9923     0.38345    0.030303
    -0.89703      0.9923     0.38345    0.030303
     -0.8875     0.98778      0.2729    0.026593
    -0.84858     0.94417    0.030437    0.019844
     -1.0231     0.71914   -0.097575    0.012736
    -0.83654     0.74222    -0.34527   0.0073346
    -0.95884     0.76953    -0.11558    0.013477
    -0.95884     0.76953    -0.11558    0.013477
    -0.95884     0.76953    -0.11558    0.013477
    -0.88977     0.49872    -0.24926   0.0067626
     -1.1551     0.66371     0.22063    0.016899
     -1.3918     0.78396      2.1737    0.045041
     -1.3918     0.78396      2.1737    0.045041
     -1.3918     0.78396      2.1737    0.045041
     -1.3918     0.78396      2.1737    0.045041
     -1.1345     0.76645     0.43769    0.024673
     -1.1345     0.76645     0.43769    0.024673
     -1.1345     0.76645     0.43769    0.024673
     -1.1466     0.72457     0.30703    0.017507
     -1.1466     0.72457     0.30703    0.017507
     -1.1145     0.48781    0.065183   0.0044968
     -1.2653     0.41001     0.65707    0.012157
     -1.4548     0.45129      1.4757    0.014742
     -1.4548     0.45129      1.4757    0.014742
     -1.4627     0.53784       1.665    0.019347
     -1.4627     0.53784       1.665    0.019347
     -1.1654     0.51359     0.14632   0.0055424
    -0.97643     0.52228     -0.2214   0.0041031
     -1.0485      0.4373     0.13928   0.0088559
     -1.0385     0.46064    0.024497   0.0067835
     -1.1518     0.48326      0.1579   0.0055042
      -1.391     0.70626      1.6968    0.034469
      -1.391     0.70626      1.6968    0.034469
      -1.391     0.70626      1.6968    0.034469
      -1.122     0.52475   0.0072883   0.0053032
     -1.0922     0.46883    0.071592   0.0057593
     -0.8347     0.68114    -0.40355   0.0046827
     -0.8347     0.68114    -0.40355   0.0046827
     -0.7078     0.72115    -0.38095   0.0052467
    -0.67281     0.53486    -0.33898   0.0040627
    -0.67281     0.53486    -0.33898   0.0040627
    -0.90429     0.75377     -0.2734   0.0093622
     -1.1794     0.53178      0.1775   0.0060675
     -1.3528     0.49651     0.86766    0.010022
     -1.4578     0.54559       1.626    0.020846
     -1.4414     0.59093      1.6486    0.021739
     -1.4414     0.59093      1.6486    0.021739
       -1.26     0.39741      0.7351    0.010828
     -1.1038     0.57027   -0.060625   0.0058463
     -1.1038     0.57027   -0.060625   0.0058463
     -1.1302     0.65154    0.094648    0.011439
     -1.1302     0.65154    0.094648    0.011439
     -1.1302     0.65154    0.094648    0.011439
     -1.2359     0.46495     0.40931   0.0068405
     -1.2359     0.46495     0.40931   0.0068405
     -1.3868     0.32478       1.755    0.026155
     -1.3868     0.32478       1.755    0.026155
     -1.3868     0.32478       1.755    0.026155
     -1.3868     0.32478       1.755    0.026155
     -1.5696     0.57306      2.7863    0.030014
     -1.4816     0.45986      1.6789    0.013823
     -1.4816     0.45986      1.6789    0.013823
     -1.5264     0.72304        3.22    0.050746
     -1.5264     0.72304        3.22    0.050746
     -1.4078     0.97767       3.961    0.086537
     -1.2044      1.1157      2.6669    0.081384
     -1.2044      1.1157      2.6669    0.081384
     -1.2044      1.1157      2.6669    0.081384
    -0.95403      1.0236     0.58444    0.036867
    -0.66365      1.0515   -0.045701    0.020264
    -0.91024      0.8446    -0.06234    0.019184
     -1.0927     0.68447    0.018697    0.013151
     -1.1708     0.47239     0.21503   0.0052632
     -1.1708     0.47239     0.21503   0.0052632
     -1.0785     0.51601   -0.061976   0.0049155
     -1.0785     0.51601   -0.061976   0.0049155
    -0.91644     0.47072    -0.12503    0.007585
    -0.91644     0.47072    -0.12503    0.007585
      -0.744     0.31454      1.3805    0.026959
    -0.82448     0.44724   -0.058324    0.010314
    -0.82448     0.44724   -0.058324    0.010314
    -0.60124     0.65188    -0.32602    0.003736
     -0.5943     0.48028    -0.18502   0.0067698
    -0.63372     0.63205    -0.35694   0.0030112
    -0.62443     0.50966    -0.26295   0.0046173
    -0.74631      0.6001    -0.43032    0.002158
    -0.94502     0.69089    -0.30039   0.0094194
    -0.76015     0.98508    0.019691    0.018338
    -0.46949      1.2119     0.16678    0.025793
    -0.28103     0.91591      -0.238   0.0064277
     -0.4197      1.1668    0.041902    0.026316
    -0.68049       1.066    0.079823    0.019805
    -0.92071     0.97083     0.28725    0.029864
    -0.87376      0.6773    -0.39355    0.006489
    -0.87776     0.44656   -0.035485   0.0098022
    -0.80351     0.53221    -0.37107    0.004842
    -0.80351     0.53221    -0.37107    0.004842
    -0.69956     0.55969    -0.38441   0.0035555
    -0.69956     0.55969    -0.38441   0.0035555
    -0.52802     0.44902   -0.033824   0.0070985
    -0.33907     0.58604    0.098934    0.007327
    -0.31746     0.72316   -0.097474   0.0051211
    -0.15176     0.95176    -0.24209   0.0057136
    -0.15176     0.95176    -0.24209   0.0057136
    -0.30348      1.0589    -0.18907    0.011635
    -0.51299      1.0916   -0.051488    0.019117
    -0.39238      1.2267     0.14342    0.028734
    -0.39238      1.2267     0.14342    0.028734
    -0.35893     0.93335    -0.25988   0.0060874
     -0.4521     0.74903    -0.22569   0.0053864
    -0.74776      1.0244    0.053467    0.019236
    -0.64546      1.1434     0.22204    0.032727
    -0.73147     0.87851    -0.22276    0.011863
    -0.84253     0.65004    -0.42657   0.0046631
     -1.0097     0.69514    -0.14857    0.013337
    -0.76594     0.74118    -0.37168   0.0054378
    -0.83394      0.8241    -0.24881    0.010643
    -0.73383     0.81202    -0.29775   0.0097507
    -0.86744     0.79183    -0.23721    0.011797
    -0.56935      1.0856   -0.015311    0.023401
    -0.31783      1.0674    -0.20578    0.010686
    -0.58233      0.9449    -0.23578     0.01085
    -0.87175     0.93408      0.1233    0.025326
    -0.72298     0.67511     -0.4115   0.0034669
    -0.47314     0.72771    -0.22522   0.0046054
    -0.77212     0.81306    -0.29221   0.0093474
     -0.8244     0.94428    0.070472    0.024413
     -0.8244     0.94428    0.070472    0.024413
     -1.1107     0.69017     0.10555      0.0159
      -1.069       0.533    -0.10689   0.0042932
     -1.2664     0.44242     0.55181   0.0080662
     -1.2664     0.44242     0.55181   0.0080662
     -1.4866     0.68808      2.4741    0.037139
     -1.4528     0.49452      1.4665    0.016528
     -1.4944     0.52033      1.8384    0.019103
     -1.4944     0.52033      1.8384    0.019103
     -1.4944     0.52033      1.8384    0.019103
     -1.2907     0.37504     0.94653    0.012513
     -1.2907     0.37504     0.94653    0.012513
     -1.2907     0.37504     0.94653    0.012513
     -1.2907     0.37504     0.94653    0.012513
      -1.557     0.46123      2.3098    0.020251
     -1.3957      0.4171       1.181    0.012819
     -1.4069     0.43202      1.2084    0.012286
     -1.3111     0.36197      1.1012    0.020653
     -1.0978     0.55784   -0.054589   0.0055531
     -1.0731     0.82873     0.35039    0.029187
    -0.95656     0.98244     0.41996    0.028951
    -0.78323     0.87437    -0.19001    0.013194
    -0.84563     0.62413    -0.43665    0.002638
    -0.64301     0.66662     -0.3664   0.0032741
    -0.60084     0.53735    -0.27414   0.0047507
    -0.48432     0.33275     0.66826    0.021381
    -0.48432     0.33275     0.66826    0.021381
    -0.50179     0.37429     0.33569    0.014106
    -0.50179     0.37429     0.33569    0.014106
    -0.28278     0.56292     0.23714   0.0089333
    -0.28278     0.56292     0.23714   0.0089333
   -0.012457     0.67727     0.12804   0.0073373
    -0.15916     0.78343    -0.11325   0.0059558
    -0.24803     0.64238    0.094391   0.0063842
    -0.46153     0.55503   -0.065453   0.0052803
    -0.31745     0.69458   -0.058413   0.0059437
    -0.44672     0.98479    -0.23622    0.012672
    -0.73421     0.69769    -0.40335   0.0039892
    -0.69615     0.72712    -0.37348   0.0051579
    -0.90088     0.71051    -0.32873   0.0090693
      -1.012     0.72038    -0.11808    0.011899
     -0.8621      0.6276    -0.43377   0.0032725
    -0.91584     0.80319    -0.15504    0.011952
    -0.91584     0.80319    -0.15504    0.011952
    -0.91584     0.80319    -0.15504    0.011952
    -0.63399      1.0076   -0.085554    0.019946
    -0.44018      0.9579    -0.24039   0.0093243
    -0.19504     0.66127     0.10631   0.0061857
    -0.27684     0.88379    -0.22835   0.0050393
    -0.39686      1.0656    -0.17866    0.011458
    -0.43942     0.81405    -0.25039   0.0054985
    -0.19933      1.1103    -0.18274    0.013289
    -0.48725      1.3494     0.80941    0.062771
    -0.26845      1.2206    0.028179    0.025762
    -0.17765      1.3244     0.27805    0.032606
    -0.01478      1.1452    -0.16206    0.015466
    -0.13008      1.1148    -0.19798    0.012218
    -0.22966      1.3482     0.48005    0.041949
    -0.20551      1.1878   -0.070123    0.021617
    -0.27071      1.1963   -0.006977    0.026511
    -0.27071      1.1963   -0.006977    0.026511
    -0.45142      1.0997   -0.086706    0.017481
    -0.64696      1.2857     0.72275    0.052802
    -0.48308      1.1237   -0.044016    0.022038
    -0.28634      1.0871    -0.20782     0.01295
    -0.39234      1.3472     0.61934    0.059848
    -0.17648       1.187     -0.0401    0.039451
    -0.05523      1.0442    -0.24353   0.0080338
    -0.28114     0.82445    -0.18078    0.005281
    -0.13427      1.0049    -0.24842    0.010694
    0.098689      1.2265   0.0092484    0.027778
    -0.16947      1.1322     -0.1618       0.013
    -0.41349      1.2211     0.18792    0.032278
    -0.41349      1.2211     0.18792    0.032278
    -0.18041      1.2878     0.21655    0.037015
   -0.094312      1.1863    -0.10774    0.020153
   -0.094312      1.1863    -0.10774    0.020153
    -0.19371      1.2141    0.017782    0.026047
    0.090401     0.97984    -0.25415   0.0056356
     0.23093     0.72986   -0.049438   0.0065533
      0.3589     0.95087    -0.25244   0.0081446
     0.27575      1.0137    -0.24661   0.0096224
    0.060519      1.0833    -0.23141   0.0098063
    -0.04895      1.2327    0.028833    0.025929
    0.064762      1.3346     0.29368      0.0506
     0.25505      1.2246     0.04241    0.024818
     0.36244      1.0625      -0.181    0.015145
     0.36244      1.0625      -0.181    0.015145
     0.39914     0.97684     -0.2409    0.012384
     0.20992      1.0304    -0.24532    0.009168
     0.33011      1.1507    -0.07931    0.022301
     0.37709      1.4129     0.80763    0.047001
     0.42724      1.3399      0.6596    0.050175
     0.42724      1.3399      0.6596    0.050175
     0.20362      1.4749      1.0928    0.067757
   -0.020021      1.1841    -0.10199    0.019469
   0.0086572      1.0465    -0.24554    0.008793
      0.2123      0.8654    -0.20582   0.0050232
    0.092726     0.95112    -0.22649   0.0060538
   -0.043356     0.93521    -0.24089   0.0054393
   -0.043356     0.93521    -0.24089   0.0054393
     0.18342      1.1848   -0.083381     0.02112
      0.1778     0.90683    -0.23181   0.0056481
   -0.045917     0.90119    -0.21552   0.0049737
    0.056679      1.0455    -0.24778   0.0068727
    -0.14035        1.12    -0.17385    0.014191
   -0.094437      1.2098   -0.014977    0.024892
    0.078884      1.0705    -0.23552   0.0099135
    0.023817     0.77695    -0.06256   0.0057091
     0.30819     0.72657   -0.097151   0.0057302
     0.25745     0.82123    -0.18148   0.0054611
     0.34977     0.69939   -0.083635   0.0057393
     0.48992     0.45506   0.0090121   0.0066735
     0.34925     0.68033   -0.069573   0.0066268
     0.34925     0.68033   -0.069573   0.0066268
     0.34925     0.68033   -0.069573   0.0066268
     0.52215     0.52464    -0.14681    0.005234
     0.57038     0.65024    -0.29824   0.0030932
     0.75713     0.52829    -0.36876   0.0044563
     0.75713     0.52829    -0.36876   0.0044563
     0.75713     0.52829    -0.36876   0.0044563
     0.63095     0.53377    -0.29512   0.0041936
     0.37603     0.78108    -0.20505   0.0051506
     0.14013      1.0704    -0.21748   0.0099436
     0.14013      1.0704    -0.21748   0.0099436
     0.14013      1.0704    -0.21748   0.0099436
     0.23925      1.1243    -0.18371    0.011604
    0.039704      1.2358   -0.013369     0.01939
    0.039704      1.2358   -0.013369     0.01939
     0.29637     0.94651      -0.256   0.0072342
     0.27044      1.1788   -0.062595    0.020417
      0.3697      1.1315    -0.10335    0.018758
      0.3925      1.2538     0.18807    0.027071
     0.21329      1.0985    -0.18401    0.013153
     0.15767      1.1963   -0.034113     0.02212
     0.24767      1.3397     0.31692    0.032314
     0.24767      1.3397     0.31692    0.032314
      0.2557        1.05    -0.21582   0.0087353
     0.32901     0.83366    -0.21385   0.0053713
     0.32901     0.83366    -0.21385   0.0053713
     0.41625     0.64653    -0.09702   0.0054465
      0.6733     0.87934    -0.24662    0.010115
     0.68794     0.64299    -0.40023   0.0024566
     0.95985     0.65414    -0.32583    0.005408
     0.87398     0.54487    -0.37056   0.0040691
     0.60773     0.49621    -0.21962   0.0052944
      0.7233     0.48623    -0.25721   0.0069111
      0.7233     0.48623    -0.25721   0.0069111
      0.7233     0.48623    -0.25721   0.0069111
      0.8437     0.42189     0.12887     0.01217
     0.90771     0.48942    -0.20635   0.0066804
     0.90771     0.48942    -0.20635   0.0066804
     0.93341     0.50354    -0.22546   0.0051272
      1.1452     0.57591    0.061839   0.0077032
      1.1947     0.44414     0.34548   0.0075753
      1.0988     0.25746      2.4347    0.048326
      1.0988     0.25746      2.4347    0.048326
      1.0988     0.25746      2.4347    0.048326
      1.2853     0.35867      1.0304    0.018136
      1.2853     0.35867      1.0304    0.018136
      1.4833     0.42165      1.7136    0.015776
      1.3749     0.36009      1.3546    0.018377
      1.0835     0.27918        1.79    0.036808
      1.0151     0.27142       2.065    0.046297
      1.0151     0.27142       2.065    0.046297
      1.0151     0.27142       2.065    0.046297
      1.0151     0.27142       2.065    0.046297
       1.242     0.41211     0.57232    0.010237
       1.242     0.41211     0.57232    0.010237
     0.97872     0.50578    -0.18021   0.0047838
     0.97872     0.50578    -0.18021   0.0047838
      1.2665     0.41262     0.66088    0.011211
      1.2665     0.41262     0.66088    0.011211
      1.2665     0.41262     0.66088    0.011211
      1.2665     0.41262     0.66088    0.011211
      1.3992     0.47146      1.1237    0.012918
      1.3992     0.47146      1.1237    0.012918
      1.1114     0.46723     0.10731    0.005666
      1.1272     0.54864    0.018847   0.0059104
     0.85942     0.82325    -0.19257    0.011919
     0.67041     0.63978    -0.38732   0.0025801
     0.62768     0.63809    -0.35039   0.0030223
     0.62768     0.63809    -0.35039   0.0030223
     0.76698     0.61859    -0.43976    0.002099
     0.76698     0.61859    -0.43976    0.002099
     0.76698     0.61859    -0.43976    0.002099
     0.76698     0.61859    -0.43976    0.002099
     0.76698     0.61859    -0.43976    0.002099
     0.99145      0.6074    -0.29496   0.0051416
      0.8566     0.58767    -0.42375    0.003197
     0.69457     0.71216    -0.37668   0.0044745
     0.69457     0.71216    -0.37668   0.0044745
     0.43875     0.75649    -0.21458   0.0041204
     0.65573      1.0019    -0.12723    0.016703
     0.74935      1.0596      0.1714    0.026289
     0.48542     0.80425    -0.26904   0.0053431
     0.48542     0.80425    -0.26904   0.0053431
      0.7627     0.68651    -0.41252    0.004679
     0.96521     0.79784   -0.038544    0.016057
     0.77731      0.9704   0.0013714    0.020896
      0.6689     0.86806    -0.26989   0.0084442
     0.84315     0.75499    -0.31845   0.0091743
      1.0261     0.58429    -0.23124   0.0051678
      1.1348      0.5473    0.019469   0.0067415
     0.96675     0.45613   -0.024202   0.0084544
     0.83063      0.3869     0.40929    0.017707
     0.58624     0.45991    -0.11948   0.0074349
     0.84071     0.67768    -0.41087   0.0044289
     0.84071     0.67768    -0.41087   0.0044289
     0.84071     0.67768    -0.41087   0.0044289
     0.74248     0.68174    -0.41493   0.0031847
     0.48418      0.7531    -0.25027   0.0044588
     0.36657     0.76793    -0.19146   0.0054405
    0.080407     0.68676    0.084648   0.0071913
   -0.026751     0.72775    0.014705   0.0068111
    0.052297     0.66994     0.14483   0.0078076
    0.052297     0.66994     0.14483   0.0078076
   -0.040608     0.86822    -0.18482   0.0049413
     0.15705      1.0626      -0.219    0.011334
    0.041649      1.2818     0.11234    0.027862
    -0.10291      1.0192    -0.24928   0.0077964
    -0.37497     0.79946     -0.2151   0.0052759
    -0.55448     0.82383    -0.28879   0.0051924
    -0.48668     0.59515    -0.15047    0.004866
    -0.36495     0.83436    -0.22992   0.0047633
    -0.20398     0.85544    -0.19265   0.0054817
      -0.284     0.97839     -0.2475   0.0082038
      -0.284     0.97839     -0.2475   0.0082038
    -0.32102     0.75706    -0.13763   0.0053118
    -0.58473     0.76396    -0.31656   0.0039736
    -0.46083     0.53791   -0.053306   0.0056055
    -0.40165       0.372     0.42575    0.010702
     -0.1658     0.50096     0.60602    0.011265
    -0.20739     0.41356     0.89107    0.013785
     -0.4053     0.70837    -0.15431    0.004803
     -0.2578     0.62659     0.12458   0.0068495
   -0.031828     0.81889    -0.12213   0.0062896
    -0.29078      0.6802   -0.018075   0.0065018
   0.0054515      0.6332     0.24539   0.0079366
    0.082626     0.55924     0.47302    0.010012
    0.082626     0.55924     0.47302    0.010012
      0.3259     0.67856   -0.046399   0.0059719
     0.35953     0.72421    -0.13168   0.0057822
     0.53477     0.53895    -0.18434   0.0047824
     0.76174     0.82659    -0.28569   0.0087723
     0.61991     0.53038    -0.28757   0.0048017
     0.61991     0.53038    -0.28757   0.0048017
     0.61991     0.53038    -0.28757   0.0048017
     0.37005     0.42543     0.33393   0.0081174
     0.37005     0.42543     0.33393   0.0081174
      0.4213     0.49255     0.10277   0.0068197
      0.4213     0.49255     0.10277   0.0068197
       0.617     0.44148   -0.069153   0.0095816
      0.3834      0.2419      2.2334    0.051413
      0.3834      0.2419      2.2334    0.051413
      0.3834      0.2419      2.2334    0.051413
      0.3834      0.2419      2.2334    0.051413
     0.50607     0.44079    0.011073   0.0080623
     0.50607     0.44079    0.011073   0.0080623
     0.78622     0.65936    -0.43472   0.0028592
     0.84721     0.82274    -0.20919    0.012992
     0.81659     0.54295    -0.39013   0.0038045
      1.0731     0.32232       1.089    0.020238
      1.0731     0.32232       1.089    0.020238
      1.0154     0.30914      1.2949    0.026619
       1.228     0.47735     0.37748   0.0071102
      1.1005     0.59505   -0.044656   0.0072137
      1.0487     0.42129     0.23311   0.0097665
     0.84622     0.57523    -0.41864    0.003067
     0.58212     0.82927    -0.29924   0.0056721
     0.52264     0.96288    -0.20269    0.016208
     0.44594      1.2358     0.24201    0.033301
     0.18402      1.4612     0.82649    0.052088
     0.18402      1.4612     0.82649    0.052088
    0.084874      1.3605     0.41888    0.037405
     0.10341      1.1028    -0.18387    0.013212
     0.28113      1.1772   -0.047109    0.020623
    0.087484     0.87965    -0.21061    0.004734
    0.087778     0.94411    -0.24314   0.0065727
   -0.090001     0.90269    -0.21589   0.0051704
    -0.25984     0.93267     -0.2551   0.0052963
    -0.27443     0.75062   -0.099856   0.0049356
  -0.0030408      0.9551    -0.24559   0.0060349
  -0.0030408      0.9551    -0.24559   0.0060349
    -0.09262     0.70596    0.043163   0.0065085
     0.14484     0.48611     0.68205    0.013532
     0.12925     0.25404      2.9241    0.042047
   -0.095162     0.33042      1.9906    0.029952
   -0.095162     0.33042      1.9906    0.029952
   -0.095162     0.33042      1.9906    0.029952
    -0.18791     0.15877      4.3865     0.10321
    -0.18791     0.15877      4.3865     0.10321
    -0.28516     0.39826     0.70263   0.0095962
    -0.37986     0.67278   -0.097199   0.0060158
    -0.20001     0.51264      0.5086    0.010182
    -0.48481     0.37481     0.30746    0.011775
    -0.46827      0.6581    -0.17456    0.004997
    -0.73829     0.84096    -0.24772    0.012211
      -1.007     0.89125     0.32465    0.025498
     -1.2895     0.67997     0.89054    0.022087
     -1.2895     0.67997     0.89054    0.022087
     -1.0938      0.4498     0.15859   0.0058915
     -1.2455     0.52178     0.39106   0.0077786
     -1.1358     0.78462     0.45097    0.024507
     -1.1358     0.78462     0.45097    0.024507
    -0.94465     0.67997    -0.30252    0.009001
     -0.8017     0.70062    -0.40235   0.0051623
    -0.70896     0.76803    -0.34432   0.0057229
    -0.78139      0.6586    -0.43054   0.0028264
    -0.49726      0.8736    -0.27817   0.0054736
    -0.49726      0.8736    -0.27817   0.0054736
    -0.67913      1.1179     0.21505    0.035414
    -0.70579      1.1217     0.27255    0.030661
    -0.89725     0.95222     0.19881    0.022781
    -0.97736      1.1855      1.4962    0.056061
    -0.97736      1.1855      1.4962    0.056061
     -1.0362      1.0601       1.151    0.049264
     -1.2949      1.1219      3.6279    0.094445
     -1.2949      1.1219      3.6279    0.094445
     -1.2949      1.1219      3.6279    0.094445
     -1.2949      1.1219      3.6279    0.094445
     -1.0265      1.2675      2.4601    0.086384
    -0.74481      1.3904      1.8264     0.10462
     -1.0358      1.3114      2.8297     0.11776
    -0.75834      1.1672     0.53368    0.038393
    -0.76017     0.90734    -0.16497    0.014712
    -0.65249      1.0568   0.0052026    0.020711
    -0.55332       1.274     0.43066    0.037481
     -0.8288      1.4597      2.5682     0.11635
    -0.71889       1.176     0.46543    0.037987
    -0.71889       1.176     0.46543    0.037987
    -0.71889       1.176     0.46543    0.037987
    -0.71889       1.176     0.46543    0.037987
    -0.71889       1.176     0.46543    0.037987
    -0.71889       1.176     0.46543    0.037987
    -0.57053      1.3108     0.64033    0.050165
    -0.37418      1.3288     0.53179    0.053367
    -0.37418      1.3288     0.53179    0.053367
    -0.39907      1.2909     0.37057    0.034233
    -0.16242      1.0946    -0.21981   0.0096511
    -0.42009      1.2121     0.17496    0.034694
    -0.42009      1.2121     0.17496    0.034694
    -0.29424      1.0746    -0.20249    0.011511
    -0.29424      1.0746    -0.20249    0.011511
   -0.043026     0.83051    -0.14429   0.0051721
    0.045545      1.0542    -0.22357    0.015534
     0.27911     0.99664    -0.26293   0.0067953
     0.42614     0.92782    -0.25878   0.0062096
     0.39938      1.1779    0.032728    0.024364
