     ACCEPTANCE:
      0.74257
       0.7451
      0.74757
         0.75
      0.75238
      0.75472
      0.75701
      0.75926
      0.76147
      0.76364
      0.76577
      0.76786
      0.76991
      0.77193
      0.76522
      0.75862
      0.76068
      0.75424
       0.7563
         0.75
      0.75207
       0.7541
       0.7561
         0.75
        0.744
      0.74603
      0.74016
      0.74219
      0.74419
      0.74615
      0.74809
         0.75
      0.75188
      0.75373
      0.75556
      0.75735
      0.75912
      0.76087
      0.76259
      0.76429
      0.75887
      0.75352
      0.75524
      0.75694
      0.75862
      0.75342
       0.7551
      0.75676
      0.75839
         0.76
      0.76159
      0.76316
      0.76471
      0.76623
      0.76774
      0.76923
       0.7707
      0.77215
      0.77358
        0.775
       0.7764
      0.77778
      0.77914
      0.78049
      0.78182
      0.78313
      0.78443
      0.78571
      0.78698
      0.78824
      0.78947
       0.7907
      0.79191
       0.7931
      0.79429
      0.79545
      0.79661
      0.79775
      0.79888
          0.8
       0.8011
       0.7967
      0.79235
      0.79348
      0.79459
       0.7957
      0.79679
      0.79787
      0.79365
      0.79474
      0.79581
      0.79167
      0.78756
      0.78866
      0.78462
      0.78061
      0.78173
      0.78283
      0.78392
        0.785
      0.78607
      0.78713
      0.78818
      0.78922
      0.79024
      0.79126
      0.79227
      0.79327
      0.79426
      0.79524
      0.79621
      0.79717
      0.79812
      0.79439
       0.7907
      0.79167
      0.78802
      0.78899
      0.78995
      0.79091
      0.79186
      0.79279
      0.79372
      0.79464
      0.79111
      0.79204
      0.79295
      0.79386
      0.79476
      0.79565
      0.79221
       0.7931
      0.79399
      0.79487
      0.79574
      0.79661
      0.79747
      0.79832
      0.79498
      0.79583
      0.79253
      0.79339
      0.79424
      0.79508
      0.79184
      0.79268
      0.79352
      0.79435
      0.79116
        0.792
      0.79283
      0.79365
      0.79051
      0.79134
      0.79216
      0.79297
      0.79377
      0.79457
      0.79537
      0.79231
       0.7931
      0.79389
      0.79468
      0.79167
      0.78868
      0.78947
      0.79026
      0.79104
      0.79182
      0.78889
      0.78967
      0.79044
      0.79121
      0.79197
      0.79273
      0.78986
        0.787
      0.78777
      0.78495
      0.78571
      0.78648
      0.78723
      0.78445
      0.78521
      0.78596
      0.78322
      0.78397
      0.78125
      0.78201
      0.78276
      0.78351
      0.78425
      0.78157
      0.77891
      0.77966
      0.78041
      0.78114
      0.78188
      0.78261
         0.78
      0.77741
      0.77815
      0.77888
      0.77961
      0.78033
      0.78105
      0.78176
      0.77922
       0.7767
      0.77419
       0.7717
      0.76923
      0.76997
      0.76752
      0.76825
      0.76899
      0.76656
       0.7673
      0.76803
      0.76875
      0.76947
      0.77019
       0.7678
      0.76543
      0.76615
      0.76687
      0.76453
       0.7622
      0.76292
      0.76061
      0.76133
      0.75904
      0.75976
      0.75749
      0.75821
      0.75893
      0.75964
       0.7574
      0.75811
      0.75882
      0.75953
      0.75731
       0.7551
      0.75291
      0.75072
      0.75145
      0.75216
         0.75
      0.75072
      0.75143
      0.75214
      0.75284
      0.75071
      0.75141
      0.75211
      0.75281
       0.7535
      0.75419
      0.75487
      0.75556
      0.75623
      0.75414
      0.75482
      0.75549
      0.75342
      0.75137
      0.75204
      0.75272
      0.75339
      0.75405
      0.75472
      0.75269
      0.75067
      0.74866
      0.74667
      0.74734
      0.74801
      0.74868
      0.74934
      0.74737
      0.74803
      0.74869
      0.74674
      0.74479
      0.74545
      0.74611
      0.74677
      0.74742
      0.74807
      0.74872
      0.74936
         0.75
      0.74809
      0.74619
       0.7443
      0.74495
      0.74559
      0.74372
      0.74185
       0.7425
      0.74314
      0.74129
      0.74194
      0.74257
      0.74321
      0.74384
      0.74447
       0.7451
      0.74572
      0.74634
      0.74696
      0.74757
      0.74576
      0.74638
      0.74458
      0.74519
       0.7458
      0.74402
      0.74224
      0.74286
      0.74347
      0.74171
      0.74232
      0.74292
      0.74353
      0.74178
      0.74239
      0.74065
      0.74126
      0.74186
      0.74246
      0.74306
      0.74365
      0.74424
      0.74483
      0.74541
      0.74371
      0.74429
      0.74487
      0.74545
      0.74376
      0.74208
      0.74266
      0.74324
      0.74382
      0.74439
      0.74497
      0.74554
       0.7461
      0.74667
      0.74501
      0.74558
      0.74614
       0.7467
      0.74505
      0.74561
      0.74617
      0.74454
      0.74292
       0.7413
      0.74187
      0.74026
      0.74082
      0.73922
      0.73978
      0.74034
      0.73876
      0.73932
      0.73987
      0.74043
      0.74098
      0.74153
      0.74207
      0.74262
      0.74316
       0.7437
      0.74214
      0.74268
      0.74322
      0.74375
      0.74428
      0.74481
      0.74534
      0.74587
      0.74639
      0.74691
      0.74743
      0.74795
      0.74642
      0.74694
      0.74745
      0.74797
      0.74645
      0.74696
      0.74747
      0.74798
      0.74849
        0.749
       0.7495
         0.75
       0.7505
        0.751
       0.7495
      0.74802
      0.74653
      0.74506
      0.74556
      0.74606
      0.74656
      0.74706
      0.74755
      0.74805
      0.74854
      0.74903
      0.74757
      0.74806
      0.74855
      0.74903
      0.74759
      0.74615
      0.74472
       0.7433
      0.74379
      0.74237
      0.74095
      0.74144
      0.74194
      0.74053
      0.74102
      0.74151
        0.742
       0.7406
      0.73921
       0.7397
      0.74019
      0.74067
      0.73929
      0.73978
       0.7384
      0.73889
      0.73937
      0.73985
      0.74033
      0.73897
      0.73945
       0.7381
      0.73857
      0.73905
      0.73953
         0.74
      0.74047
      0.74094
      0.74141
      0.74188
      0.74054
      0.74101
      0.73968
      0.74014
      0.74061
      0.73929
      0.73975
      0.73843
       0.7389
      0.73936
      0.73982
      0.74028
      0.73898
      0.73944
      0.73814
       0.7386
      0.73905
      0.73776
      0.73822
      0.73868
      0.73913
      0.73958
      0.74003
      0.74048
      0.74093
      0.74138
      0.74182
      0.74055
      0.74099
      0.74144
      0.74188
      0.74232
      0.74106
       0.7415
      0.74194
      0.74237
      0.74281
      0.74324
      0.74199
      0.74242
      0.74286
      0.74329
      0.74204
       0.7408
      0.74124
      0.74167
       0.7421
      0.74086
      0.73964
      0.74007
      0.73884
      0.73762
      0.73641
      0.73684
      0.73563
      0.73443
      0.73486
      0.73366
      0.73409
      0.73453
      0.73333
      0.73214
      0.73258
      0.73301
      0.73183
      0.73226
      0.73269
      0.73312
      0.73355
      0.73397
       0.7328
      0.73323
      0.73365
      0.73408
       0.7345
      0.73492
      0.73534
      0.73418
      0.73302
      0.73344
      0.73386
      0.73428
      0.73312
      0.73197
      0.73083
      0.73125
      0.73011
      0.72897
      0.72939
      0.72826
      0.72868
       0.7291
      0.72798
      0.72685
      0.72727
      0.72615
      0.72657
      0.72699
      0.72741
      0.72783
      0.72824
      0.72866
      0.72755
      0.72644
      0.72686
      0.72727
      0.72769
       0.7281
      0.72851
      0.72741
      0.72632
      0.72673
      0.72714
      0.72754
      0.72646
      0.72687
      0.72578
      0.72619
       0.7266
      0.72552
      0.72593
      0.72485
      0.72378
      0.72419
      0.72312
      0.72353
      0.72247
      0.72141
      0.72035
      0.72076
      0.72117
      0.72012
      0.72052
      0.71948
      0.71988
      0.72029
      0.71925
      0.71821
      0.71861
      0.71902
      0.71942
      0.71983
      0.72023
       0.7192
       0.7196
      0.71857
      0.71897
      0.71795
      0.71693
      0.71733
      0.71773
      0.71813
      0.71853
      0.71893
      0.71932
      0.71972
      0.72011
      0.72051
       0.7209
      0.72129
      0.72168
      0.72207
      0.72245
      0.72284
      0.72323
      0.72361
      0.72261
      0.72299
      0.72199
      0.72238
      0.72276
      0.72314
      0.72352
      0.72253
      0.72291
      0.72329
      0.72367
      0.72268
      0.72306
      0.72343
      0.72381
      0.72418
      0.72456
      0.72493
       0.7253
      0.72568
      0.72605
      0.72642
      0.72678
      0.72715
      0.72752
      0.72788
      0.72825
      0.72861
      0.72897
      0.72933
      0.72969
      0.72872
      0.72908
      0.72944
       0.7298
      0.72884
      0.72787
      0.72823
      0.72859
      0.72763
      0.72799
      0.72703
      0.72608
      0.72513
      0.72549
      0.72585
      0.72621
      0.72656
      0.72692
      0.72727
      0.72763
      0.72798
      0.72833
      0.72868
      0.72903
      0.72938
      0.72973
      0.72879
      0.72914
      0.72821
      0.72855
      0.72762
      0.72797
      0.72832
      0.72866
      0.72901
      0.72935
       0.7297
      0.73004
      0.73038
      0.73072
      0.73106
       0.7314
      0.73174
      0.73082
       0.7299
      0.73024
      0.73058
      0.73091
      0.73125
      0.73159
      0.73192
      0.73225
      0.73259
      0.73292
      0.73325
      0.73358
      0.73391
      0.73424
      0.73457
       0.7349
      0.73522
      0.73555
      0.73587
       0.7362
      0.73652
      0.73684
      0.73716
      0.73748
       0.7378
      0.73812
      0.73844
      0.73876
      0.73908
      0.73818
       0.7385
      0.73881
      0.73792
      0.73824
      0.73855
      0.73887
      0.73918
       0.7395
      0.73981
      0.74012
      0.74043
      0.74074
      0.74105
      0.74017
      0.74048
      0.74078
      0.74109
       0.7414
      0.74171
      0.74083
      0.74113
      0.74144
      0.74175
      0.74205
      0.74235
      0.74266
      0.74178
      0.74209
      0.74239
      0.74269
      0.74299
      0.74329
      0.74359
      0.74389
      0.74419
      0.74448
      0.74478
      0.74508
      0.74421
      0.74451
      0.74365
      0.74279
      0.74309
      0.74338
      0.74368
      0.74397
      0.74427
      0.74456
      0.74485
      0.74514
      0.74429
      0.74344
      0.74374
      0.74403
      0.74318
      0.74347
      0.74376
      0.74405
      0.74434
      0.74463
      0.74492
      0.74521
      0.74437
      0.74466
      0.74494
      0.74523
      0.74552
       0.7458
      0.74609
      0.74637
      0.74665
      0.74693
      0.74722
      0.74638
      0.74667
      0.74695
      0.74723
       0.7464
      0.74668
      0.74696
      0.74724
      0.74752
       0.7467
      0.74587
      0.74615
      0.74533
      0.74452
       0.7448
      0.74508
      0.74536
      0.74454
      0.74373
      0.74292
       0.7432
      0.74239
      0.74267
      0.74187
      0.74215
      0.74134
      0.74054
      0.73974
      0.74002
      0.73922
       0.7395
      0.73978
      0.74006
      0.74034
      0.74062
       0.7409
      0.74118
      0.74145
      0.74066
      0.73987
      0.74015
      0.74043
       0.7407
      0.74098
      0.74019
      0.74047
      0.74074
      0.74101
      0.74129
      0.74051
      0.74078
      0.74105
      0.74132
       0.7416
      0.74187
      0.74214
      0.74241
      0.74268
      0.74295
      0.74322
      0.74348
      0.74375
      0.74298
      0.74324
      0.74351
      0.74378
      0.74404
      0.74431
      0.74457
      0.74483
       0.7451
      0.74536
      0.74459
      0.74486
      0.74512
      0.74538
      0.74564
       0.7459
      0.74616
      0.74642
      0.74566
       0.7449
      0.74516
      0.74542
      0.74568
      0.74593
      0.74619
      0.74645
      0.74671
      0.74696
      0.74722
      0.74747
      0.74773
      0.74798
      0.74824
      0.74849
      0.74774
      0.74699
      0.74624
      0.74549
      0.74474
        0.745
      0.74426
      0.74451
      0.74377
      0.74402
      0.74428
      0.74354
       0.7428
      0.74206
      0.74232
      0.74158
      0.74184
      0.74111
      0.74136
      0.74063
       0.7399
      0.74016
      0.73943
      0.73969
      0.73994
       0.7402
      0.74045
       0.7407
      0.74096
      0.74121
      0.74049
      0.74074
      0.74099
      0.74125
       0.7415
      0.74175
        0.742
      0.74225
       0.7425
      0.74275
      0.74203
      0.74228
      0.74156
      0.74181
      0.74206
      0.74135
      0.74159
      0.74184
      0.74209
      0.74234
      0.74258
      0.74283
      0.74308
      0.74332
      0.74261
      0.74286
       0.7431
       0.7424
      0.74264
      0.74288
      0.74313
      0.74242
      0.74267
      0.74291
      0.74315
       0.7434
      0.74364
      0.74294
      0.74318
      0.74342
      0.74366
       0.7439
      0.74321
      0.74345
      0.74369
      0.74299
       0.7423
       0.7416
      0.74185
      0.74209
      0.74233
      0.74257
       0.7428
      0.74304
      0.74328
      0.74259
      0.74283
      0.74214
      0.74238
       0.7417
      0.74194
      0.74125
      0.74149
      0.74173
      0.74197
       0.7422
      0.74244
      0.74267
      0.74199
      0.74223
      0.74155
      0.74179
      0.74202
      0.74226
      0.74249
      0.74273
