     MU:      SIGMA:     E_MEASURED:    ERROR:
    0.067482      0.7044    0.055807   0.0074456
     0.16859       1.003     -0.2582   0.0061116
     0.33865      1.0432    -0.22137    0.010666
     0.27163     0.84499    -0.20045   0.0055554
     0.49667     0.73077    -0.25668   0.0039578
     0.62473     0.96039     -0.1851    0.013866
     0.72924     0.93409     -0.1122    0.015882
     0.98002      1.0152     0.68992     0.03244
     0.92491     0.74527     -0.2382   0.0096187
      1.0246     0.52894    -0.17353   0.0044085
     0.75023     0.80841    -0.30591   0.0093805
     0.83558     0.99469     0.10664    0.023359
     0.69515     0.84567    -0.28192   0.0095381
      0.7514     0.60636    -0.43718    0.002232
      0.7514     0.60636    -0.43718    0.002232
      0.7514     0.60636    -0.43718    0.002232
     0.80218      0.8468    -0.19489    0.016531
     0.80218      0.8468    -0.19489    0.016531
     0.59336      1.0627   -0.056072    0.023846
     0.59336      1.0627   -0.056072    0.023846
      0.4613      1.1097   -0.085941    0.021439
     0.73134      1.1159     0.25422    0.032655
     0.63125      1.2308     0.53376     0.04761
     0.63125      1.2308     0.53376     0.04761
     0.63125      1.2308     0.53376     0.04761
     0.40078      1.3059     0.39108    0.035127
     0.40078      1.3059     0.39108    0.035127
     0.67143      1.1214     0.20495    0.026801
      0.4336       1.285     0.46485    0.045333
     0.19178      1.4167     0.67202    0.052391
     0.19785      1.3464     0.44775    0.046868
     0.44835      1.1878     0.11318    0.032291
     0.35497      1.1129    -0.14758    0.016704
     0.64652     0.95709    -0.15836    0.017468
     0.89072     0.76715       -0.25    0.010468
      0.6484      1.0452    0.016082    0.022672
     0.85169      1.0836     0.49022      0.0351
     0.76331      1.1954      0.6441    0.042114
     0.86706      1.1043     0.66526    0.046942
     0.61132      1.3936      1.2416    0.078626
     0.61132      1.3936      1.2416    0.078626
     0.61132      1.3936      1.2416    0.078626
     0.47292      1.1627    0.087639      0.0259
     0.22177     0.94553    -0.24751   0.0064345
     0.25648     0.72793    -0.06602   0.0054655
     0.25648     0.72793    -0.06602   0.0054655
      0.1742     0.88197    -0.21528   0.0048974
    0.033695     0.98161    -0.26422   0.0042522
      0.1165     0.82899    -0.14844   0.0051847
     0.28136     0.82514    -0.19027   0.0045735
    0.086436      1.0271    -0.26215   0.0060346
    -0.09794     0.89662    -0.21658   0.0053549
   -0.016604     0.83156      -0.139   0.0050855
    -0.13269      1.1176    -0.17639    0.013376
     -0.1244      1.1763    -0.10987    0.016898
    -0.32937     0.94665    -0.23699    0.010219
    -0.54063      0.8902    -0.27578   0.0083827
     -0.2906     0.88715    -0.24023   0.0043158
    -0.17752      0.6671     0.11411   0.0072887
    -0.31712     0.74377    -0.12806    0.005177
    -0.23898      0.7464   -0.076165   0.0054548
   -0.039978     0.90973    -0.21353   0.0064768
   -0.022907      1.0483    -0.24584   0.0082871
    0.010496     0.80942    -0.12266   0.0059568
    -0.19111       0.896    -0.22665   0.0051991
     -0.1658      1.0137    -0.25396   0.0081205
    -0.32387     0.84789    -0.22686   0.0046365
    -0.39882      1.0203    -0.20872    0.012124
    -0.55288     0.81181     -0.2934   0.0048751
    -0.52605     0.75923    -0.28167   0.0037268
    -0.59075     0.95169    -0.18049    0.013409
    -0.36126      1.1392      -0.084    0.019719
    -0.19159      1.0426     -0.2322    0.011678
    -0.34809      1.1406    -0.11078    0.017258
    -0.28503      1.1174    -0.18941    0.012757
    -0.11142     0.86306    -0.19207   0.0054742
   -0.063534     0.94996    -0.23004   0.0065097
    -0.18987     0.73577   -0.040456   0.0065524
    -0.41981     0.75907    -0.20309    0.004164
    -0.17488     0.66819    0.092718   0.0069822
    0.085011     0.49908     0.71374    0.014431
    0.085011     0.49908     0.71374    0.014431
    0.085011     0.49908     0.71374    0.014431
      0.2575     0.54138     0.31313   0.0085675
  -0.0038336     0.81051    -0.11975   0.0056975
    -0.27155     0.54995     0.29706   0.0085057
    -0.43099     0.63586    -0.11762   0.0048794
    -0.39621     0.55125    0.054379    0.005696
    -0.39621     0.55125    0.054379    0.005696
      -0.434      0.5725   -0.041933   0.0048267
    -0.71865     0.54234    -0.37433   0.0039436
    -0.71865     0.54234    -0.37433   0.0039436
    -0.71865     0.54234    -0.37433   0.0039436
     -1.0152     0.60916    -0.25359   0.0067765
     -1.0152     0.60916    -0.25359   0.0067765
     -1.0152     0.60916    -0.25359   0.0067765
    -0.97108     0.62347    -0.32016   0.0063946
    -0.84041     0.63023    -0.43138   0.0033835
    -0.68697     0.80846    -0.31444   0.0085913
     -0.5573     0.73533    -0.29041   0.0041766
    -0.72076      1.0304    0.063044    0.025676
    -0.61862     0.83636    -0.27804   0.0081227
    -0.51318     0.69998     -0.2587   0.0043287
     -0.5215     0.65749    -0.23717   0.0044059
    -0.26926     0.80213    -0.16141   0.0056587
    -0.36353     0.74499     -0.1537   0.0051046
    -0.29714     0.77253    -0.14952   0.0053842
    -0.42696     0.65602    -0.11777   0.0052406
    -0.32519     0.44785     0.41754    0.009523
   -0.054169     0.61143     0.30754   0.0082452
  -0.0099163     0.53474     0.59151       0.011
    -0.30849     0.49353     0.34063   0.0087537
    -0.30025      0.4887     0.39015   0.0094333
    -0.30025      0.4887     0.39015   0.0094333
    -0.30025      0.4887     0.39015   0.0094333
    -0.35483     0.52097     0.21177   0.0066981
    -0.35483     0.52097     0.21177   0.0066981
    -0.22261     0.56349     0.31307    0.008464
    -0.17449     0.77916   -0.092453   0.0048621
   -0.038982       1.023    -0.24998   0.0073795
    0.050422      1.2145   -0.045055    0.020213
     0.09117       1.102    -0.21419    0.011289
     0.17933      1.2176   -0.019913    0.021838
     0.45475     0.96072    -0.25234    0.010554
     0.45475     0.96072    -0.25234    0.010554
     0.16381      1.0848    -0.21603    0.013127
   -0.036118     0.95115     -0.2335   0.0063349
    -0.20624      1.1198     -0.1629    0.016299
   -0.034651      1.2696     0.12907    0.034346
    -0.29205      1.1477    -0.12315    0.018573
    -0.29205      1.1477    -0.12315    0.018573
    -0.49798     0.92141    -0.25878   0.0084073
     -0.5407     0.63392    -0.25547   0.0042664
    -0.50779     0.70208    -0.23913   0.0041721
    -0.32037     0.46762     0.37872   0.0083664
    -0.11918     0.71694     0.01818   0.0067068
     -0.2272     0.48128     0.56589    0.010564
    -0.24684     0.69886   -0.014581   0.0061332
    -0.24684     0.69886   -0.014581   0.0061332
    -0.51807     0.40553     0.11162    0.010129
    -0.51807     0.40553     0.11162    0.010129
    -0.69379     0.41056     0.16807    0.012351
    -0.50418     0.52061    -0.10198   0.0051786
    -0.37646     0.64081   -0.042702   0.0057498
    -0.37646     0.64081   -0.042702   0.0057498
     -0.1135     0.65538        0.15    0.007542
      0.1492     0.84147    -0.16893   0.0050767
     0.25302     0.73495   -0.069105   0.0058264
     0.25302     0.73495   -0.069105   0.0058264
     0.15069     0.69838    0.033924   0.0065432
     0.34269     0.92361    -0.24222   0.0067039
     0.49377      1.0642    -0.13709    0.016157
     0.49377      1.0642    -0.13709    0.016157
      0.5794      1.0559    -0.10071    0.017451
     0.73035      0.8863    -0.20364    0.011876
     0.46906     0.60948    -0.13242   0.0049169
     0.41092     0.48509     0.10582   0.0061496
      0.3987     0.50121     0.13433   0.0065452
     0.57841     0.44968   -0.088577   0.0074007
     0.57841     0.44968   -0.088577   0.0074007
     0.32554      0.6794   -0.047453   0.0061091
     0.51849       0.405     0.13117   0.0093475
     0.31569     0.36853     0.66359   0.0096674
     0.31569     0.36853     0.66359   0.0096674
     0.31569     0.36853     0.66359   0.0096674
     0.54574     0.48809    -0.13305   0.0057748
      0.2935     0.76158    -0.13629   0.0050103
     0.27737     0.92147     -0.2491   0.0046709
      0.1341      1.0348    -0.23194    0.011572
      0.1341      1.0348    -0.23194    0.011572
     0.21194     0.93011    -0.23214    0.006375
     0.44909       1.036    -0.18151     0.01264
     0.66965      1.2352     0.65336    0.043632
     0.52143      1.1208    0.036929    0.024721
     0.62895      1.2793     0.69294    0.044563
     0.62895      1.2793     0.69294    0.044563
     0.62895      1.2793     0.69294    0.044563
     0.74192      1.2633     0.93265    0.062831
     0.74192      1.2633     0.93265    0.062831
     0.54808      1.4798       1.668     0.07193
     0.44584      1.4707       1.376    0.077993
     0.18628      1.5152      1.1997    0.057947
     0.18628      1.5152      1.1997    0.057947
     0.30939      1.3684     0.63228    0.045306
      0.4832      1.1755    0.069924    0.023753
      0.4832      1.1755    0.069924    0.023753
     0.20159      1.1697    -0.09947    0.018858
     0.20159      1.1697    -0.09947    0.018858
     0.28389      1.1284    -0.11297    0.018266
     0.13786      1.2714    0.088468    0.025075
   -0.056616      1.2702     0.11371    0.028313
    0.025115      1.5071      1.0237    0.058275
    0.025115      1.5071      1.0237    0.058275
    0.025115      1.5071      1.0237    0.058275
     0.23365      1.5613      1.6342    0.081687
     0.30158      1.4646     0.90339     0.05852
    0.041401      1.5055      1.1872    0.088674
   -0.035312      1.3762     0.42785    0.034721
     -0.2986      1.3793     0.58046    0.039481
     -0.2986      1.3793     0.58046    0.039481
     -0.2986      1.3793     0.58046    0.039481
    -0.11975      1.2217   -0.026213    0.028196
    -0.30425      1.1242    -0.11136    0.018275
    -0.13852     0.91903    -0.23325   0.0060403
    -0.12215     0.98657    -0.25537   0.0051445
    0.048234     0.90012    -0.20861    0.005543
    -0.18766      1.0844    -0.18171    0.016133
    -0.18766      1.0844    -0.18171    0.016133
    -0.18766      1.0844    -0.18171    0.016133
    -0.18766      1.0844    -0.18171    0.016133
    -0.18766      1.0844    -0.18171    0.016133
    -0.18766      1.0844    -0.18171    0.016133
    -0.15501      1.3039     0.20575     0.03057
    -0.15501      1.3039     0.20575     0.03057
    -0.10981      1.2261    0.037774    0.030421
   -0.095093      1.0314    -0.24473   0.0085719
   -0.095093      1.0314    -0.24473   0.0085719
    0.047925     0.75196   -0.025535   0.0056859
     0.21154     0.71307   -0.016867   0.0073679
   -0.020109     0.65243     0.19643   0.0073594
     0.23152     0.40798      0.8243    0.012858
      0.5092     0.32828     0.80907    0.020664
      0.5092     0.32828     0.80907    0.020664
      0.5092     0.32828     0.80907    0.020664
     0.68248     0.41798    0.074965    0.013094
     0.70239     0.47646    -0.20769   0.0078065
     0.70239     0.47646    -0.20769   0.0078065
     0.70239     0.47646    -0.20769   0.0078065
     0.63498     0.41648    0.078839    0.011062
     0.63498     0.41648    0.078839    0.011062
     0.77758     0.71477    -0.39087   0.0051621
     0.77758     0.71477    -0.39087   0.0051621
     0.93411     0.86473    0.016956    0.019894
     0.93411     0.86473    0.016956    0.019894
     0.92468      0.9606     0.24958    0.028682
     0.64439     0.67764     -0.3675    0.002905
     0.69444     0.47713     -0.2184   0.0072779
     0.69444     0.47713     -0.2184   0.0072779
     0.41136     0.67281    -0.12601   0.0054611
     0.29751     0.76265    -0.13608   0.0061864
     0.13291     0.76102    -0.07509   0.0061243
     0.13291     0.76102    -0.07509   0.0061243
     0.13291     0.76102    -0.07509   0.0061243
     0.13291     0.76102    -0.07509   0.0061243
     0.13291     0.76102    -0.07509   0.0061243
    0.015881     0.66508     0.16542   0.0085443
     0.26113     0.90733    -0.24063   0.0062319
     0.26113     0.90733    -0.24063   0.0062319
     0.49558     0.68089    -0.23013   0.0043707
     0.24468     0.88633     -0.2351   0.0048297
    0.015191     0.90591    -0.21041   0.0048568
    0.068307     0.89556    -0.21111   0.0051377
    0.068307     0.89556    -0.21111   0.0051377
    -0.22932      1.1473    -0.10187    0.017791
    -0.49932      0.9261    -0.25469   0.0086455
    -0.30792     0.72454   -0.086359   0.0061166
    -0.60771     0.84386     -0.2938   0.0065364
    -0.63539     0.66526    -0.35813   0.0030091
    -0.43278      0.7784    -0.23189   0.0051994
    -0.66506      1.0265  -0.0082135    0.022731
    -0.59755     0.96316    -0.14806    0.015494
    -0.59755     0.96316    -0.14806    0.015494
    -0.68707     0.86188    -0.25812    0.011532
    -0.46518     0.57985    -0.10523   0.0053073
    -0.46518     0.57985    -0.10523   0.0053073
    -0.46518     0.57985    -0.10523   0.0053073
    -0.53947     0.80915    -0.29563   0.0042705
    -0.78088      0.6259    -0.44023   0.0026735
    -0.52523     0.55371    -0.17331   0.0043585
    -0.53709     0.29509      1.6013    0.027643
    -0.38133     0.26936      1.4819    0.030798
    -0.38133     0.26936      1.4819    0.030798
    -0.38133     0.26936      1.4819    0.030798
    -0.38133     0.26936      1.4819    0.030798
    -0.38133     0.26936      1.4819    0.030798
    -0.43069     0.51868    0.032395   0.0058445
    -0.19683     0.77682   -0.099788   0.0057198
    -0.12695     0.92348    -0.23468   0.0057906
    -0.27684      1.1164    -0.14876    0.014259
    -0.27684      1.1164    -0.14876    0.014259
    -0.10864      1.3924     0.53949    0.045684
   -0.014059      1.4609     0.77862    0.048167
   -0.014059      1.4609     0.77862    0.048167
   -0.014059      1.4609     0.77862    0.048167
     0.25004      1.4212      0.7493    0.054885
    0.017389      1.3999     0.60954    0.045499
    -0.25126      1.3528     0.38838    0.032165
    -0.18627      1.4818     0.95104    0.057889
   -0.077359      1.2024    -0.05269    0.021038
   -0.024382      0.9249    -0.23036   0.0047909
     0.20536     0.69549    0.029064    0.007558
     0.50067     0.96255     -0.2409   0.0086847
     0.50067     0.96255     -0.2409   0.0086847
     0.50067     0.96255     -0.2409   0.0086847
     0.50067     0.96255     -0.2409   0.0086847
      0.3933      1.2066    0.070713    0.024936
     0.45903      1.3607     0.70727    0.048557
     0.45903      1.3607     0.70727    0.048557
     0.45903      1.3607     0.70727    0.048557
     0.54174      1.5345      2.1637    0.096283
     0.37364      1.4706      1.3493    0.083271
     0.37364      1.4706      1.3493    0.083271
     0.63115      1.5569      2.4485     0.11379
     0.74281       1.346      1.4003     0.07358
     0.82082      1.0686     0.42181    0.040359
     0.75988       1.184     0.67053    0.055888
     0.70376      1.3246      1.2092    0.069267
     0.78066      1.2765      1.1162    0.066164
     0.81446      1.0928     0.44281    0.036461
      1.0076     0.82011     0.09601    0.024489
      1.0582      1.1051      1.5809    0.067824
     0.90676      1.3119      2.1313      0.1087
     0.90676      1.3119      2.1313      0.1087
     0.83755      1.1423     0.63398    0.046276
     0.83755      1.1423     0.63398    0.046276
     0.93382      1.3757      2.6242     0.11716
     0.95367      1.1736      1.2409    0.059468
     0.95367      1.1736      1.2409    0.059468
     0.95367      1.1736      1.2409    0.059468
      1.0188      1.2219      1.9862    0.073203
      1.1709      1.0119      1.6501    0.056705
      1.1709      1.0119      1.6501    0.056705
     0.91946      1.0932     0.78317    0.044835
     0.73616      1.3073      1.0665    0.066226
     0.44555      1.3501     0.63517    0.061735
     0.44555      1.3501     0.63517    0.061735
     0.30062      1.3666     0.56963    0.046178
     0.30062      1.3666     0.56963    0.046178
     0.12838      1.3368     0.37178    0.041411
     0.21421      1.0582    -0.22712    0.011363
   -0.050438     0.97009    -0.23405   0.0065164
    -0.26335     0.87277     -0.2283   0.0050804
    0.001967        1.17   -0.099737    0.020644
     0.13797     0.95654    -0.23693   0.0066984
     0.39303     0.77959    -0.21288   0.0044647
     0.53102     0.76633    -0.29075   0.0042738
     0.53102     0.76633    -0.29075   0.0042738
     0.41313     0.94426    -0.26032   0.0082508
     0.58569      0.9605    -0.20277    0.012807
     0.68376      0.9702    -0.14267    0.015369
     0.68376      0.9702    -0.14267    0.015369
     0.68376      0.9702    -0.14267    0.015369
     0.69199     0.81313    -0.32222   0.0070898
     0.61212     0.77776     -0.3206   0.0060347
     0.85672     0.62072    -0.43393   0.0032678
     0.88883     0.74649    -0.28805   0.0096708
     0.84257     0.61376    -0.43436   0.0031009
     0.79562     0.61958    -0.44817   0.0022153
     0.92159     0.65577    -0.36866    0.006482
      1.1438     0.86345     0.74682    0.033942
      1.1438     0.86345     0.74682    0.033942
      1.1149     0.95483      1.0121    0.043156
      1.1796     0.65807     0.28227    0.014691
      1.2251     0.46684     0.38415   0.0073595
      1.2251     0.46684     0.38415   0.0073595
      1.1922     0.73812     0.57031    0.024682
      1.0094      0.5398    -0.21959   0.0045517
      1.0094      0.5398    -0.21959   0.0045517
      1.0094      0.5398    -0.21959   0.0045517
      1.0094      0.5398    -0.21959   0.0045517
      1.0386     0.70249    -0.10627    0.012676
      1.0386     0.70249    -0.10627    0.012676
      1.1013     0.77481     0.28637    0.019309
      1.1013     0.77481     0.28637    0.019309
     0.95613     0.67867    -0.30283   0.0072135
     0.95923     0.55579    -0.30666   0.0034567
     0.95923     0.55579    -0.30666   0.0034567
     0.95233     0.62955    -0.34382   0.0063796
      1.0288     0.85296     0.25642    0.027376
      0.8698     0.63521    -0.42341     0.00364
     0.81771     0.63367    -0.43908   0.0039401
     0.55885     0.79843    -0.30158   0.0051983
     0.34105       1.048    -0.21259    0.012386
     0.46015     0.75761     -0.2359   0.0049519
     0.43318     0.58349   -0.063156    0.005827
     0.51387     0.34794     0.56363    0.017257
     0.51387     0.34794     0.56363    0.017257
     0.35667     0.64036   -0.019599   0.0056099
     0.53637     0.91595    -0.23991   0.0093817
     0.73029      1.0143   0.0091206    0.022655
     0.75731     0.72111    -0.38724   0.0044742
     0.79503      0.9198     -0.1048     0.01775
     0.84181      1.0525     0.35207    0.029646
     0.74478      1.2207     0.72898    0.046547
     0.59069      1.1344     0.11525    0.026482
     0.74865     0.94317   -0.093916    0.017906
     0.90417     0.87741  -0.0039708    0.019023
      1.0535     0.83361     0.28425    0.023684
      1.0535     0.83361     0.28425    0.023684
     0.89265     0.60526     -0.4131   0.0030369
     0.89611     0.68317     -0.3701   0.0074064
     0.74357     0.67295    -0.42071    0.003234
     0.74357     0.67295    -0.42071    0.003234
     0.52453     0.89265    -0.26504   0.0083032
     0.64727     0.79746    -0.32269     0.00678
     0.83036     0.64652    -0.43415   0.0038825
     0.96847     0.93759     0.33582     0.02873
     0.89145     0.98565     0.27395    0.030563
      0.6523      1.0991     0.22759    0.034484
      0.8759     0.96594     0.16778    0.024882
     0.78742      1.0923      0.3871    0.033264
      0.9013     0.95043     0.20959    0.027346
      0.9013     0.95043     0.20959    0.027346
      0.9013     0.95043     0.20959    0.027346
      0.9013     0.95043     0.20959    0.027346
      0.9013     0.95043     0.20959    0.027346
     0.66653     0.67943    -0.38651   0.0030116
     0.85845     0.70177    -0.36575   0.0067834
     0.87546     0.71689    -0.34685   0.0072269
     0.92905     0.73033    -0.25341   0.0093148
     0.94237     0.53788    -0.30159   0.0037347
      1.1895     0.48299     0.25162   0.0061809
      1.1845      0.6381     0.27023    0.013233
     0.90687     0.93659     0.17276    0.026139
     0.90687     0.93659     0.17276    0.026139
      0.8814     0.68732    -0.37139   0.0060305
     0.95238     0.70673    -0.26886   0.0098011
      1.1276     0.50326    0.064967   0.0044493
      1.1276     0.50326    0.064967   0.0044493
      1.1276     0.50326    0.064967   0.0044493
      1.1276     0.50326    0.064967   0.0044493
      1.1276     0.50326    0.064967   0.0044493
      1.1354     0.42706     0.28358     0.00925
      1.1354     0.42706     0.28358     0.00925
      1.1354     0.42706     0.28358     0.00925
      1.0311     0.54917    -0.19761   0.0044081
      1.0782     0.54514     -0.1095   0.0049137
      1.0782     0.54514     -0.1095   0.0049137
      1.2974     0.39661     0.84358    0.012957
      1.0937     0.68975    0.016708     0.01379
      0.9256     0.44623   0.0030879   0.0092714
      0.9256     0.44623   0.0030879   0.0092714
      0.9256     0.44623   0.0030879   0.0092714
     0.69314     0.55576    -0.37823   0.0039569
     0.54156     0.54287    -0.19759   0.0046305
     0.35431     0.57559    0.085703   0.0059862
     0.35431     0.57559    0.085703   0.0059862
       0.334     0.60735    0.058826   0.0069586
       0.334     0.60735    0.058826   0.0069586
     0.48795     0.81527     -0.2644    0.005844
     0.63957     0.57994     -0.3483   0.0033224
     0.34748     0.38986      0.4926    0.010125
     0.33651     0.29628     0.95523    0.016984
     0.33651     0.29628     0.95523    0.016984
     0.61937     0.47217    -0.18187   0.0066497
     0.61937     0.47217    -0.18187   0.0066497
     0.74129     0.49187    -0.26717   0.0064184
      1.0308     0.74204   -0.021748    0.014867
     0.85736     0.83823    -0.17946    0.014076
     0.86713     0.86988     -0.1012    0.015672
      1.0143     0.85437     0.22566    0.026123
      1.1344     0.76323     0.41911    0.022742
     0.93347     0.62974    -0.37505   0.0044546
     0.71163     0.58329    -0.41081   0.0027581
     0.71163     0.58329    -0.41081   0.0027581
     0.72171      0.5712    -0.40636   0.0028852
     0.72171      0.5712    -0.40636   0.0028852
     0.73198     0.73682    -0.37539   0.0053329
     0.58334     0.92173    -0.23808   0.0088742
     0.58334     0.92173    -0.23808   0.0088742
      0.5814       1.164     0.20792    0.031169
      0.5814       1.164     0.20792    0.031169
     0.64182     0.95628    -0.17386    0.015584
      0.6141      1.0879    0.053818    0.033603
     0.75117      1.0112    0.046965    0.024055
     0.46089     0.91336    -0.25664   0.0094294
     0.46089     0.91336    -0.25664   0.0094294
     0.40785      0.8703    -0.25969   0.0052751
     0.40785      0.8703    -0.25969   0.0052751
     0.26244     0.97977     -0.2451     0.01361
     0.26593      1.1009    -0.18558    0.011574
     0.26593      1.1009    -0.18558    0.011574
    0.061229       1.079    -0.21862    0.010494
    -0.10096     0.86463    -0.18246    0.004833
    -0.18907     0.77399   -0.099873   0.0056815
   -0.056533     0.52685     0.57503    0.010876
    -0.17696     0.56851     0.35171   0.0093985
    -0.27133     0.34433     0.96924    0.011166
    0.016078     0.48115     0.83537    0.012998
    0.095464      0.4631     0.86331    0.014089
     0.26973     0.36146     0.87298    0.012015
     0.26973     0.36146     0.87298    0.012015
     0.31247     0.62609    0.059747   0.0064304
    0.066882     0.84282    -0.17064   0.0050535
    0.091953     0.80081    -0.11563   0.0052516
     -0.2047     0.67917    0.051169   0.0067672
     -0.2047     0.67917    0.051169   0.0067672
     -0.4501     0.61772    -0.11379   0.0060387
    -0.74853      0.6518    -0.42649   0.0032156
     -0.7858     0.35338     0.82776    0.019896
     -1.0552     0.61297    -0.15914   0.0082768
    -0.80263      0.4911    -0.26371   0.0069123
    -0.80263      0.4911    -0.26371   0.0069123
    -0.70269     0.41141     0.16183    0.012705
    -0.71751     0.39754     0.28126    0.012605
    -0.54091     0.45487   -0.069875   0.0076463
    -0.54091     0.45487   -0.069875   0.0076463
    -0.54091     0.45487   -0.069875   0.0076463
    -0.80155     0.72829    -0.37637   0.0057387
    -0.95378     0.44839    0.012406   0.0088194
    -0.74484      0.4936    -0.28344   0.0066355
    -0.74484      0.4936    -0.28344   0.0066355
    -0.74484      0.4936    -0.28344   0.0066355
    -0.70227     0.68869    -0.39454    0.003058
    -0.70227     0.68869    -0.39454    0.003058
    -0.70227     0.68869    -0.39454    0.003058
    -0.70227     0.68869    -0.39454    0.003058
    -0.84148     0.48672    -0.22848    0.007632
    -0.84148     0.48672    -0.22848    0.007632
    -0.84148     0.48672    -0.22848    0.007632
    -0.94954     0.66669    -0.31387   0.0075938
    -0.94954     0.66669    -0.31387   0.0075938
     -1.0092     0.79335    0.020505    0.017423
      -1.053      1.0117      1.0441    0.046838
      -1.053      1.0117      1.0441    0.046838
      -1.053      1.0117      1.0441    0.046838
     -1.1748     0.73482     0.49074    0.021932
     -1.0873     0.45026      0.1326   0.0075449
     -1.0873     0.45026      0.1326   0.0075449
     -1.1528     0.46269     0.20546   0.0055615
    -0.98615     0.60471    -0.30315   0.0047572
    -0.79671     0.86977    -0.16782    0.015412
    -0.65298      1.0775    0.033657    0.025206
    -0.80841     0.87307    -0.10498    0.017523
    -0.80841     0.87307    -0.10498    0.017523
    -0.79489      1.0954     0.37747    0.033094
    -0.78535      1.0909     0.35034    0.027039
    -0.74643      1.0472      0.1158    0.021793
    -0.92091     0.82221   -0.070209    0.018292
    -0.73439      0.8453    -0.25345    0.010958
    -0.85669     0.87261   -0.086381    0.014233
    -0.85669     0.87261   -0.086381    0.014233
    -0.85669     0.87261   -0.086381    0.014233
    -0.78762     0.60179    -0.44094   0.0023761
      -1.053     0.76678     0.11543    0.018137
     -1.2896     0.88703      1.9196    0.053095
     -1.2896     0.88703      1.9196    0.053095
     -1.2896     0.88703      1.9196    0.053095
     -1.2896     0.88703      1.9196    0.053095
     -1.0323     0.86953     0.36545    0.028296
     -1.0323     0.86953     0.36545    0.028296
     -1.0323     0.86953     0.36545    0.028296
     -1.0445     0.82765     0.22714    0.021671
     -1.0445     0.82765     0.22714    0.021671
     -1.0123     0.59089    -0.25849   0.0057813
     -1.1631     0.51309     0.14014    0.005548
     -1.1631     0.51309     0.14014    0.005548
     -1.1631     0.51309     0.14014    0.005548
      -1.171     0.59964     0.14255    0.010388
      -1.171     0.59964     0.14255    0.010388
    -0.87373     0.57538    -0.40887   0.0032092
    -0.68479     0.58408    -0.39148    0.002819
     -0.7569     0.49909    -0.29714   0.0065721
    -0.74683     0.52243    -0.35783   0.0046088
    -0.86014     0.54505     -0.3765   0.0033807
     -1.0993     0.76805     0.22851     0.02115
     -1.0993     0.76805     0.22851     0.02115
     -1.0993     0.76805     0.22851     0.02115
    -0.83033     0.58654    -0.43275   0.0026937
    -0.80057     0.53062    -0.37019   0.0044628
    -0.54307     0.74293    -0.29244   0.0043027
      -0.836     0.54933    -0.40035   0.0039627
     -0.7091     0.58934    -0.40861   0.0025864
     -0.7091     0.58934    -0.40861   0.0025864
     -0.7091     0.58934    -0.40861   0.0025864
    -0.94058     0.80824    -0.11244    0.012878
     -1.2157     0.58626     0.31654    0.010166
     -1.3891     0.55098      1.1314     0.01481
     -1.3891     0.55098      1.1314     0.01481
     -1.3727     0.59633      1.1875    0.018225
     -1.3727     0.59633      1.1875    0.018225
     -1.1913      0.4028     0.51991   0.0092038
     -1.0351     0.57567    -0.21807   0.0051273
     -1.0351     0.57567    -0.21807   0.0051273
     -1.0616     0.65694    -0.10698   0.0091625
     -1.0616     0.65694    -0.10698   0.0091625
     -1.0616     0.65694    -0.10698   0.0091625
     -1.1673     0.47035     0.21915   0.0053665
     -1.1673     0.47035     0.21915   0.0053665
     -1.3182     0.33018      1.4104    0.025552
     -1.3182     0.33018      1.4104    0.025552
     -1.3182     0.33018      1.4104    0.025552
     -1.3182     0.33018      1.4104    0.025552
     -1.5009     0.57845      2.1008    0.028086
     -1.4129     0.46526      1.1855    0.011647
     -1.4129     0.46526      1.1855    0.011647
     -1.4578     0.72844      2.4869     0.04389
     -1.4578     0.72844      2.4869     0.04389
     -1.3392     0.98306      3.0829    0.078255
     -1.1358      1.1211      2.1643     0.07697
     -1.1358      1.1211      2.1643     0.07697
     -1.1358      1.1211      2.1643     0.07697
    -0.88535       1.029     0.40064    0.033916
    -0.59497      1.0569    -0.11238     0.01739
    -0.84156     0.84999    -0.15374    0.015158
      -1.024     0.68986    -0.15001    0.010855
     -1.1021     0.47779    0.062531   0.0053423
     -1.1021     0.47779    0.062531   0.0053423
     -1.0098     0.52141    -0.18598    0.003762
     -1.0098     0.52141    -0.18598    0.003762
    -0.84777     0.47612    -0.19126   0.0075549
    -0.84777     0.47612    -0.19126   0.0075549
    -0.84777     0.47612    -0.19126   0.0075549
    -0.92825     0.60882    -0.37597   0.0040714
    -0.81046     0.45611     -0.1104   0.0089771
    -0.58722     0.66075    -0.31232   0.0039545
    -0.58028     0.48915    -0.18047    0.005522
     -0.6197     0.64092    -0.34825   0.0029721
    -0.61041     0.51853    -0.26241   0.0043994
    -0.73228     0.60897    -0.42818   0.0020666
    -0.93099     0.69975    -0.30037   0.0092993
    -0.74613     0.99395    0.031738    0.019325
    -0.45547      1.2208     0.19572    0.028382
    -0.26701     0.92477    -0.24152   0.0060669
    -0.40568      1.1756    0.054355    0.027912
    -0.66646      1.0748    0.083231    0.023112
    -0.90669     0.97969      0.2914    0.031201
    -0.85973     0.68617    -0.40001   0.0057055
    -0.86374     0.45542   -0.083317   0.0097065
    -0.78948     0.54108    -0.39273   0.0045158
    -0.78948     0.54108    -0.39273   0.0045158
    -0.68554     0.56855    -0.38534   0.0030695
    -0.68554     0.56855    -0.38534   0.0030695
      -0.514     0.45789   -0.019348   0.0068592
    -0.32505     0.59491     0.10563   0.0073178
    -0.30344     0.73202    -0.10536   0.0052918
    -0.13774     0.96063    -0.23756   0.0056306
    -0.13774     0.96063    -0.23756   0.0056306
    -0.28945      1.0677    -0.18099    0.012785
    -0.49897      1.1005   -0.055296    0.019444
    -0.37836      1.2356     0.15038    0.032957
    -0.37836      1.2356     0.15038    0.032957
    -0.34491     0.94222    -0.25399   0.0069751
    -0.43807     0.75789    -0.22421   0.0053387
    -0.73373      1.0333    0.063244    0.019731
    -0.63144      1.1523     0.21083    0.029758
    -0.71745     0.88737    -0.21557     0.01133
    -0.82851     0.65891    -0.42183    0.004665
    -0.99567       0.704    -0.16057    0.012761
    -0.75192     0.75005     -0.3702   0.0052069
    -0.81991     0.83296    -0.24007    0.010849
    -0.71981     0.82089    -0.29833   0.0096109
    -0.85342      0.8007    -0.23306    0.011323
    -0.55533      1.0945   -0.023095    0.022362
    -0.30381      1.0763    -0.18609     0.01378
    -0.56831     0.95377    -0.21266    0.017252
    -0.85773     0.94294     0.10977    0.024948
    -0.70896     0.68398    -0.40387   0.0032175
    -0.45911     0.73657    -0.22062    0.004747
     -0.7581     0.82193    -0.29541    0.008653
    -0.81038     0.95314    0.052709    0.021519
    -0.81038     0.95314    0.052709    0.021519
     -1.0966     0.69904     0.09229    0.015934
     -1.0549     0.54187    -0.14535   0.0040186
     -1.2524     0.45128     0.49525   0.0074295
     -1.2524     0.45128     0.49525   0.0074295
     -1.2524     0.45128     0.49525   0.0074295
     -1.2186     0.25773      2.5276    0.055263
     -1.2602     0.28354      1.9637    0.038156
     -1.2602     0.28354      1.9637    0.038156
     -1.4394     0.39647      1.5253    0.012389
     -1.4394     0.39647      1.5253    0.012389
     -1.4394     0.39647      1.5253    0.012389
     -1.4394     0.39647      1.5253    0.012389
     -1.1665     0.29909      1.4738     0.03292
     -1.4329     0.38527      1.5075    0.015073
     -1.2716     0.34114       1.147    0.023646
     -1.2827     0.35606      1.0641    0.019975
     -1.1869     0.28602      1.7676    0.037273
    -0.97364     0.48188    -0.11591    0.006897
    -0.94896     0.75278    -0.19245    0.013759
    -0.83239     0.90648   -0.083493    0.015617
    -0.65906     0.79841    -0.32193   0.0057403
    -0.72146     0.54817     -0.3886   0.0035727
    -0.51884     0.59066    -0.18625   0.0044179
    -0.47667     0.46139    0.016215   0.0073944
    -0.36015      0.2568      1.5995    0.034404
    -0.36015      0.2568      1.5995    0.034404
    -0.37762     0.29833     0.93854    0.017749
    -0.37762     0.29833     0.93854    0.017749
    -0.15861     0.48696      0.6861     0.01185
    -0.15861     0.48696      0.6861     0.01185
     0.11171     0.60131     0.30906   0.0077946
   -0.034991     0.70747    0.051126   0.0068933
    -0.12386     0.56642     0.41337   0.0089518
    -0.33736     0.47908     0.31262   0.0080872
    -0.19328     0.61862     0.19808   0.0088729
    -0.32255     0.90884    -0.24973   0.0061851
    -0.61004     0.62174    -0.32475   0.0030872
    -0.57198     0.65117     -0.2895   0.0040102
    -0.77671     0.63456     -0.4395   0.0026643
    -0.88788     0.64442    -0.41346   0.0046651
    -0.73793     0.55164    -0.39782   0.0037778
    -0.79167     0.72724     -0.3826   0.0064493
    -0.79167     0.72724     -0.3826   0.0064493
    -0.79167     0.72724     -0.3826   0.0064493
    -0.50982     0.93167    -0.25007    0.010012
    -0.31601     0.88194    -0.24558   0.0048218
   -0.070869     0.58532     0.38842   0.0093501
    -0.15267     0.80783    -0.13354   0.0051606
    -0.27269     0.98964     -0.2482    0.006578
    -0.31525     0.73809    -0.12095   0.0052015
   -0.075159      1.0344    -0.24653   0.0077981
    -0.36308      1.2734     0.30401    0.036452
    -0.14428      1.1447     -0.1576    0.014375
   -0.053476      1.2484    0.025097    0.024129
     0.10939      1.0692    -0.22322    0.011172
  -0.0059104      1.0389    -0.25046   0.0087844
    -0.10549      1.2722     0.13516    0.031085
   -0.081342      1.1119    -0.20487    0.014089
    -0.14654      1.1203    -0.15366    0.022904
    -0.40592      1.1535    -0.03283    0.019383
    -0.58663      1.0569   -0.059952    0.017913
    -0.78216       1.243     0.87387     0.05925
    -0.61829       1.081   0.0032579     0.02116
    -0.42155      1.0444    -0.21405     0.01147
    -0.52755      1.3045     0.64118    0.060651
    -0.31168      1.1443   -0.079239    0.018279
    -0.19044      1.0015    -0.24488   0.0068705
    -0.41635     0.78174    -0.21759    0.004861
    -0.26948     0.96222    -0.24783   0.0097565
   -0.036519      1.1837   -0.069184    0.023838
    -0.30468      1.0895    -0.18679    0.011143
     -0.5487      1.1784     0.19918    0.026988
     -0.5487      1.1784     0.19918    0.026988
    -0.31562      1.2451     0.15535    0.026452
    -0.22952      1.1436    -0.12543    0.019033
    -0.22952      1.1436    -0.12543    0.019033
    -0.32892      1.1714   -0.026482    0.024144
   -0.044806     0.93713    -0.23802   0.0058116
    0.095723     0.68715    0.095608   0.0069771
     0.22369     0.90816    -0.23826   0.0067617
     0.14055     0.97101    -0.25507   0.0059103
   -0.074688      1.0406    -0.25423   0.0071118
    -0.18416        1.19   -0.055737    0.021123
   -0.070446      1.2919      0.1555    0.033099
     0.11984      1.1819   -0.099712    0.017067
     0.22723      1.0198    -0.23546    0.010255
     0.22723      1.0198    -0.23546    0.010255
     0.26393     0.93413    -0.25091   0.0058616
    0.074717     0.98766    -0.24703   0.0073344
      0.1949       1.108    -0.19337    0.015758
     0.24189      1.3702     0.50852    0.042002
     0.29203      1.2971     0.30829    0.032339
     0.29203      1.2971     0.30829    0.032339
    0.068417      1.4321     0.84196     0.05521
    -0.15523      1.1414    -0.15003    0.016067
    -0.12655      1.0038    -0.25246   0.0061436
    0.077089     0.82269    -0.13461   0.0054567
   -0.042482      0.9084    -0.20254   0.0061048
    -0.17856      0.8925    -0.23016   0.0053168
    -0.17856      0.8925    -0.23016   0.0053168
    0.048217      1.1421    -0.17186     0.01629
    0.042589     0.86411    -0.17749   0.0054943
    -0.18112     0.85847    -0.19127   0.0052929
   -0.078529      1.0027     -0.2509   0.0054201
    -0.27555      1.0773    -0.17482    0.013903
    -0.22964      1.1671   -0.066664    0.022561
   -0.056324      1.0278    -0.25056    0.007838
    -0.11139     0.73423 -8.7594e-05   0.0069889
     0.17298     0.68386    0.062446   0.0065017
     0.12225     0.77852   -0.087314   0.0056613
     0.21457     0.65668     0.10224   0.0065357
     0.21457     0.65668     0.10224   0.0065357
    0.073896     0.88195    -0.19727   0.0051496
    0.073896     0.88195    -0.19727   0.0051496
    0.073896     0.88195    -0.19727   0.0051496
      0.2468     0.72626   -0.053812   0.0061974
     0.29503     0.85186    -0.22309   0.0051258
     0.48177     0.72991    -0.23703   0.0038703
     0.20334     0.54483     0.39014   0.0093952
     0.50233     0.51401   -0.099536   0.0051712
     0.37615     0.51949     0.14286   0.0069691
     0.12124      0.7668   -0.072286   0.0059544
    -0.11466      1.0561    -0.23014   0.0092434
    -0.11466      1.0561    -0.23014   0.0092434
    -0.11466      1.0561    -0.23014   0.0092434
    -0.01555        1.11    -0.21888    0.010676
    -0.21509      1.2215   0.0031687    0.022157
    -0.21509      1.2215   0.0031687    0.022157
    0.041577     0.93224      -0.232   0.0056702
    0.015644      1.1646    -0.14245    0.016027
      0.1149      1.1172    -0.17908    0.013905
     0.13771      1.2395    0.022757    0.021645
   -0.041509      1.0842     -0.2222   0.0085495
   -0.097121       1.182    -0.07425    0.019484
  -0.0071299      1.3254     0.18823    0.030599
  -0.0071299      1.3254     0.18823    0.030599
  0.00090473      1.0357    -0.25021    0.007224
    0.074212     0.81939    -0.14007   0.0054233
    0.006136      1.1074     -0.2066    0.012152
    0.093374     0.92026    -0.22617   0.0046588
     0.35043      1.1531   -0.076762    0.017975
     0.36507     0.91672     -0.2587   0.0066007
     0.63698     0.92787    -0.21036    0.012218
     0.55111      0.8186    -0.29638   0.0056676
     0.28486     0.76995    -0.13568   0.0059565
     0.40043     0.75996    -0.19759   0.0050029
     0.40043     0.75996    -0.19759   0.0050029
     0.66936     0.68747    -0.37959   0.0030075
     0.78977     0.62314    -0.44102   0.0028562
     0.85377     0.69067    -0.39148   0.0058478
     0.85377     0.69067    -0.39148   0.0058478
     0.87947     0.70478    -0.35345   0.0072872
      1.0913     0.77716      0.2663    0.020283
      1.1407     0.64538     0.14662    0.014489
      1.0449      0.4587    0.057979   0.0060108
      1.0449      0.4587    0.057979   0.0060108
      1.0449      0.4587    0.057979   0.0060108
      1.2314     0.55991      0.3509    0.011129
      1.2314     0.55991      0.3509    0.011129
      1.2314     0.55991      0.3509    0.011129
       1.123     0.49835    0.051287   0.0043745
     0.83169     0.41745     0.16483     0.01258
     0.76323     0.40968     0.19175    0.012984
     0.76323     0.40968     0.19175    0.012984
     0.76323     0.40968     0.19175    0.012984
     0.76323     0.40968     0.19175    0.012984
     0.99015     0.55037    -0.26541   0.0034604
     0.99015     0.55037    -0.26541   0.0034604
     0.72688     0.64405    -0.42028   0.0026061
     0.72688     0.64405    -0.42028   0.0026061
      1.0147     0.55089    -0.22405   0.0032608
      1.0147     0.55089    -0.22405   0.0032608
      1.0147     0.55089    -0.22405   0.0032608
      1.0147     0.55089    -0.22405   0.0032608
      1.1473     0.60972    0.074531   0.0098007
      1.1473     0.60972    0.074531   0.0098007
     0.85955      0.6055     -0.4288   0.0033012
     0.87537      0.6869    -0.37969   0.0061995
     0.60758     0.96151    -0.17976    0.013172
     0.41857     0.77804    -0.22241   0.0047665
     0.37584     0.77636     -0.1936    0.004457
     0.14947     0.82414    -0.15881   0.0057032
     0.28877     0.80464      -0.172   0.0051972
     0.29385     0.53854     0.26315   0.0079773
     0.29385     0.53854     0.26315   0.0079773
     0.29385     0.53854     0.26315   0.0079773
     0.42385     0.83447    -0.25778   0.0042625
     0.64832     0.82328    -0.31108   0.0065714
     0.51347     0.80354    -0.27593    0.005316
     0.35144     0.92803    -0.25328   0.0057644
     0.35144     0.92803    -0.25328   0.0057644
    0.095621     0.97237     -0.2388   0.0071096
      0.3126      1.2178    0.030692     0.02301
     0.40622      1.2755      0.2972    0.034489
     0.14229      1.0201    -0.24578    0.010839
     0.14229      1.0201    -0.24578    0.010839
     0.41957     0.90239    -0.25324   0.0069823
     0.62208      1.0137    -0.11514    0.014512
     0.43418      1.1863    0.067162    0.024083
     0.32577      1.0839    -0.18412    0.014173
     0.50002     0.97086    -0.22625    0.011236
     0.68294     0.80017    -0.32931   0.0060411
      0.7917     0.76318    -0.32674   0.0079763
     0.62362       0.672    -0.34724   0.0036147
      0.4875     0.60277    -0.16464   0.0046426
     0.24311     0.67579     0.03495   0.0067571
     0.49758     0.89356    -0.26695   0.0068502
     0.75817       1.073     0.16131    0.024713
     0.75817       1.073     0.16131    0.024713
     0.65994       1.077     0.06995    0.022292
     0.40164      1.1484   -0.043506    0.023123
     0.28403      1.1632   -0.070529    0.020805
  -0.0021339       1.082    -0.18626     0.01596
    -0.10929       1.123    -0.18533    0.015887
   -0.030244      1.0652    -0.22446    0.011421
     0.22718     0.78666    -0.12751   0.0066165
     0.13427     0.98494    -0.26155   0.0071019
     0.33193      1.1793  -0.0094342     0.02983
     0.33193      1.1793  -0.0094342     0.02983
     0.18737     0.91669    -0.23289   0.0051861
    -0.08469     0.69699      0.0695    0.006938
     -0.2642     0.72136   -0.056579   0.0058936
     -0.1964     0.49268     0.59113     0.01001
   -0.074667     0.73189   0.0062754   0.0063069
    0.086306     0.75297   -0.031156   0.0063478
   0.0062787     0.87592    -0.20544   0.0045716
   0.0062787     0.87592    -0.20544   0.0045716
   0.0062787     0.87592    -0.20544   0.0045716
    -0.25743     0.88282    -0.22836   0.0045818
    -0.13352     0.65677     0.13842   0.0077106
   -0.074352     0.49087     0.76823     0.01241
      0.1615     0.61982     0.22127   0.0087366
     0.11992     0.53242     0.54326   0.0092163
   -0.077997     0.82723    -0.14321   0.0052957
    0.069503     0.74546   -0.023359   0.0062094
     0.29547     0.93775    -0.25939   0.0058477
    0.036524     0.79906    -0.11038    0.005656
     0.33275     0.75206    -0.14522   0.0053906
     0.40993     0.67811    -0.13347   0.0052373
     0.66659     0.50719    -0.28918   0.0057732
     0.90986     0.62651    -0.39597   0.0044863
     0.94349     0.67216    -0.31524   0.0085647
     0.94349     0.67216    -0.31524   0.0085647
     0.94349     0.67216    -0.31524   0.0085647
     0.94349     0.67216    -0.31524   0.0085647
     0.94349     0.67216    -0.31524   0.0085647
     0.94349     0.67216    -0.31524   0.0085647
     0.69364     0.56721    -0.38835   0.0031512
     0.69364     0.56721    -0.38835   0.0031512
     0.74489     0.63434    -0.43348   0.0022467
     0.74489     0.63434    -0.43348   0.0022467
     0.94059     0.58326    -0.35657   0.0033417
     0.70699     0.38369     0.39352    0.013213
     0.70699     0.38369     0.39352    0.013213
     0.70699     0.38369     0.39352    0.013213
     0.70699     0.38369     0.39352    0.013213
     0.82965     0.58257    -0.42972   0.0025682
     0.82965     0.58257    -0.42972   0.0025682
      1.1098     0.80115     0.42276    0.025039
      1.1098     0.80115     0.42276    0.025039
      1.0792     0.52136   -0.075127   0.0039628
      1.0792     0.52136   -0.075127   0.0039628
      1.0792     0.52136   -0.075127   0.0039628
      1.0215     0.50819    -0.14372   0.0044462
      1.0215     0.50819    -0.14372   0.0044462
     0.89402     0.62589    -0.40728   0.0042947
     0.84222     0.45213   -0.055612    0.010955
      0.6397     0.60607    -0.35582   0.0028207
     0.37561     0.86011    -0.23878   0.0061375
     0.31612     0.99372    -0.23419    0.011902
     0.23943      1.2666     0.11569    0.026662
   -0.022492      1.4921      1.0129     0.06153
   -0.022492      1.4921      1.0129     0.06153
    -0.12164      1.3913     0.54383    0.042947
    -0.10311      1.1336    -0.15934    0.012978
     0.07462      1.2081   -0.057724    0.020601
    -0.11903     0.91049    -0.22726   0.0046164
    -0.11874     0.97495    -0.25209   0.0076445
    -0.29652     0.93353    -0.25402   0.0072653
    -0.46636     0.96351    -0.24627   0.0079457
    -0.48095     0.78146    -0.25699   0.0045772
    -0.20956     0.98594    -0.25574   0.0072729
    -0.20956     0.98594    -0.25574   0.0072729
    -0.29913      0.7368     -0.1116   0.0053676
    -0.29913      0.7368     -0.1116   0.0053676
    -0.31473     0.50473     0.30883   0.0081001
    -0.53914     0.58111    -0.22032   0.0037784
    -0.53914     0.58111    -0.22032   0.0037784
     -0.4143     0.52715     0.05556   0.0066641
    -0.50705     0.35549     0.48427    0.016894
    -0.33953     0.39749     0.50241   0.0087666
    -0.43678     0.63698    -0.11532   0.0051636
    -0.53148      0.9115    -0.24173    0.012372
    -0.35163     0.75136    -0.15147   0.0055744
    -0.63643     0.61353    -0.35552   0.0027525
    -0.61989     0.89682    -0.25862   0.0092165
    -0.61989     0.89682    -0.25862   0.0092165
    -0.88856     0.94711     0.16335    0.026375
     -1.1711     0.73582     0.45392    0.019919
     -1.1711     0.73582     0.45392    0.019919
    -0.97541     0.50566    -0.19023   0.0050474
     -1.1271     0.57764    0.010908   0.0084207
     -1.0173     0.84048     0.20145    0.023012
     -1.0173     0.84048     0.20145    0.023012
    -0.82624     0.73583    -0.35059   0.0076951
    -0.68329     0.75648    -0.34631   0.0057066
    -0.59056     0.82389    -0.30167    0.005788
    -0.66298     0.71446    -0.36765   0.0033538
    -0.37885     0.92946    -0.26108   0.0062871
    -0.37885     0.92946    -0.26108   0.0062871
    -0.56073      1.1738     0.17953    0.033836
    -0.58739      1.1776     0.22741    0.029572
    -0.77885      1.0081     0.14252    0.026242
    -0.85895      1.2413      1.2082     0.05055
    -0.85895      1.2413      1.2082     0.05055
    -0.91777       1.116     0.91733     0.04222
     -1.1765      1.1777      2.8464    0.085815
     -1.1765      1.1777      2.8464    0.085815
     -1.1765      1.1777      2.8464    0.085815
     -1.1765      1.1777      2.8464    0.085815
    -0.90815      1.3234      2.0614    0.099335
     -0.6264      1.4463      1.8052     0.10324
    -0.91738      1.3673      2.4467      0.1111
    -0.63993       1.223     0.46933    0.038429
    -0.64177      0.9632    -0.15731    0.019396
    -0.53408      1.1126   0.0084317    0.026205
    -0.43491      1.3299     0.46482    0.039979
    -0.43491      1.3299     0.46482    0.039979
    -0.32499      1.0461    -0.22116    0.010957
    -0.32499      1.0461    -0.22116    0.010957
    -0.36579      1.1368   -0.086908    0.020182
    -0.36579      1.1368   -0.086908    0.020182
    -0.50142      1.1002   -0.080721    0.019328
    -0.50142      1.1002   -0.080721    0.019328
    -0.35306       1.235     0.12013    0.040469
    -0.15672       1.253    0.077045    0.027418
    -0.32458      1.4132     0.88825    0.058909
    -0.34946      1.3753     0.71786    0.052394
    -0.11282      1.1789    -0.11931    0.020796
    -0.37048      1.2965     0.39615    0.041404
    -0.37048      1.2965     0.39615    0.041404
    -0.24464       1.159   -0.085544    0.016892
    -0.24464       1.159   -0.085544    0.016892
   0.0065774     0.91487    -0.22371   0.0051986
    0.095148      1.1386    -0.15515    0.021373
     0.32871       1.081    -0.18575    0.013468
     0.47574      1.0122     -0.2131     0.01127
     0.44898      1.2622     0.33781    0.047359
