     ACCEPTANCE:
      0.44554
      0.45098
      0.45631
      0.46154
      0.46667
       0.4717
      0.47664
      0.48148
      0.47706
      0.48182
      0.48649
      0.48214
      0.48673
      0.48246
      0.47826
      0.47414
      0.47863
      0.48305
      0.47899
        0.475
      0.47107
      0.46721
      0.46341
      0.45968
        0.456
      0.45238
      0.44882
      0.45312
      0.44961
      0.45385
      0.45802
      0.46212
      0.45865
      0.46269
      0.45926
      0.45588
      0.45985
      0.46377
      0.46763
      0.46429
      0.46099
      0.45775
      0.46154
      0.45833
      0.45517
      0.45205
      0.45578
       0.4527
      0.45638
      0.45333
      0.45695
      0.45395
      0.45752
      0.45455
      0.45806
      0.45513
      0.45223
      0.44937
      0.44654
      0.44375
       0.4472
      0.44444
      0.44172
      0.43902
      0.44242
      0.43976
      0.44311
      0.44643
      0.44379
      0.44706
      0.45029
      0.44767
      0.45087
      0.45402
      0.45714
      0.46023
      0.46328
      0.46629
      0.46369
      0.46667
      0.46409
      0.46154
      0.45902
      0.46196
      0.46486
      0.46237
      0.46524
      0.46809
       0.4709
      0.47368
       0.4712
      0.46875
      0.46632
      0.46392
      0.46154
      0.45918
      0.46193
      0.46465
      0.46231
         0.46
      0.46269
      0.46535
      0.46798
      0.47059
      0.47317
      0.47573
      0.47826
      0.48077
      0.47847
      0.47619
      0.47393
      0.47642
      0.47418
      0.47196
      0.46977
      0.47222
      0.47005
      0.47248
      0.47489
      0.47273
      0.47059
      0.47297
      0.47085
      0.46875
      0.46667
       0.4646
      0.46256
      0.46053
      0.45852
      0.45652
      0.45455
      0.45259
      0.45064
      0.45299
      0.45106
      0.44915
      0.45148
      0.45378
      0.45188
         0.45
      0.44813
      0.45041
      0.45267
      0.45082
      0.45306
      0.45122
      0.44939
      0.44758
      0.44578
        0.448
      0.44622
      0.44841
      0.44664
      0.44488
      0.44314
      0.44141
      0.44358
      0.44574
      0.44402
      0.44231
      0.44061
      0.43893
      0.43726
      0.43561
      0.43396
      0.43233
      0.43071
      0.43284
      0.43123
      0.42963
      0.43173
      0.43015
      0.42857
      0.42701
      0.42545
      0.42391
      0.42599
      0.42806
      0.42652
        0.425
      0.42705
      0.42908
      0.42756
      0.42958
      0.42807
      0.42657
      0.42509
      0.42708
      0.42907
      0.43103
      0.42955
      0.42808
      0.42662
      0.42517
      0.42373
      0.42568
      0.42761
      0.42617
      0.42809
         0.43
      0.42857
      0.42715
      0.42904
      0.42763
      0.42951
       0.4281
      0.42671
      0.42532
      0.42395
      0.42258
      0.42122
      0.41987
      0.42173
      0.42038
      0.42222
      0.42405
      0.42587
      0.42453
      0.42633
      0.42812
      0.42679
      0.42857
      0.43034
      0.42901
      0.43077
      0.42945
      0.42813
      0.42988
      0.43161
       0.4303
        0.429
      0.42771
      0.42643
      0.42515
      0.42687
       0.4256
      0.42433
      0.42308
      0.42183
      0.42353
      0.42229
      0.42105
      0.41983
       0.4186
      0.41739
      0.41618
      0.41499
      0.41379
      0.41547
      0.41714
      0.41595
      0.41761
      0.41643
      0.41525
      0.41408
      0.41573
      0.41737
      0.41899
      0.42061
      0.41944
      0.42105
      0.42265
      0.42424
      0.42308
      0.42192
       0.4235
      0.42507
      0.42391
      0.42547
      0.42432
      0.42318
      0.42204
      0.42359
      0.42246
      0.42133
      0.42287
      0.42175
      0.42063
      0.41953
      0.41842
      0.41732
      0.41885
      0.41775
      0.41667
      0.41558
       0.4171
       0.4186
       0.4201
      0.42159
      0.42051
      0.42199
      0.42347
      0.42239
      0.42132
      0.42025
      0.41919
      0.41814
      0.41709
      0.41604
        0.415
      0.41646
      0.41542
      0.41439
      0.41337
      0.41235
      0.41379
      0.41278
      0.41422
      0.41565
      0.41463
      0.41606
      0.41748
      0.41646
      0.41787
      0.41687
      0.41587
      0.41727
      0.41866
      0.41766
      0.41905
      0.42043
      0.41943
       0.4208
      0.42217
      0.42353
      0.42254
      0.42389
       0.4229
      0.42424
      0.42326
      0.42459
      0.42593
      0.42494
      0.42627
      0.42529
      0.42661
      0.42563
      0.42694
      0.42597
        0.425
      0.42404
      0.42308
      0.42212
      0.42342
      0.42247
      0.42152
      0.42282
      0.42411
      0.42539
      0.42667
      0.42794
       0.4292
      0.43046
      0.42952
      0.42857
      0.42982
      0.43107
      0.43231
      0.43137
      0.43043
      0.43167
      0.43074
      0.43197
      0.43103
      0.43226
      0.43348
      0.43255
      0.43376
      0.43497
      0.43617
      0.43737
      0.43644
      0.43552
      0.43671
      0.43579
      0.43487
      0.43396
      0.43515
      0.43424
      0.43542
      0.43659
      0.43776
      0.43892
      0.44008
      0.43918
      0.44033
      0.44148
      0.44262
      0.44376
      0.44286
      0.44399
      0.44512
      0.44422
      0.44332
      0.44444
      0.44556
      0.44668
      0.44779
      0.44689
        0.448
      0.44711
      0.44821
       0.4493
      0.44841
      0.44752
      0.44664
      0.44576
      0.44488
      0.44597
      0.44706
      0.44814
      0.44727
      0.44639
      0.44553
      0.44466
       0.4438
      0.44487
      0.44402
      0.44316
      0.44231
      0.44146
      0.44061
      0.43977
      0.43893
       0.4381
      0.43916
      0.44023
      0.43939
      0.43856
      0.43774
      0.43691
      0.43609
      0.43527
      0.43633
      0.43738
      0.43843
      0.43762
      0.43866
      0.43785
      0.43704
      0.43623
      0.43542
      0.43646
      0.43566
       0.4367
      0.43773
      0.43876
      0.43796
      0.43898
         0.44
      0.44102
      0.44203
      0.44304
      0.44224
      0.44144
      0.44245
      0.44165
      0.44265
      0.44365
      0.44286
      0.44207
      0.44128
      0.44227
      0.44326
      0.44425
      0.44346
      0.44268
      0.44366
      0.44288
      0.44386
      0.44483
      0.44406
      0.44503
      0.44425
      0.44522
      0.44444
      0.44541
      0.44637
      0.44732
      0.44828
      0.44923
      0.45017
      0.45111
      0.45205
      0.45299
      0.45392
      0.45315
      0.45238
      0.45331
      0.45424
      0.45516
      0.45439
      0.45531
      0.45623
      0.45714
      0.45805
      0.45729
      0.45652
      0.45576
        0.455
      0.45424
      0.45515
      0.45439
       0.4553
      0.45455
       0.4538
      0.45305
      0.45395
       0.4532
      0.45246
      0.45336
      0.45261
      0.45188
      0.45114
      0.45041
      0.44968
      0.44895
      0.44822
       0.4475
      0.44677
      0.44605
      0.44695
      0.44623
      0.44712
       0.4464
      0.44569
      0.44657
      0.44745
      0.44674
      0.44762
      0.44849
      0.44778
      0.44708
      0.44637
      0.44567
      0.44497
      0.44427
      0.44514
      0.44444
      0.44531
      0.44462
      0.44393
      0.44479
      0.44565
      0.44651
      0.44582
      0.44513
      0.44444
       0.4453
      0.44462
      0.44547
      0.44632
      0.44717
      0.44801
      0.44885
       0.4497
      0.44901
      0.44833
      0.44765
      0.44848
      0.44781
      0.44713
      0.44796
      0.44729
      0.44662
      0.44595
      0.44528
      0.44611
      0.44544
      0.44627
       0.4456
      0.44643
      0.44725
      0.44659
      0.44741
      0.44675
      0.44609
       0.4469
      0.44624
      0.44706
       0.4464
      0.44575
       0.4451
      0.44591
      0.44672
      0.44606
      0.44541
      0.44477
      0.44412
      0.44348
      0.44284
       0.4422
      0.44156
      0.44092
      0.44029
      0.43966
      0.43902
       0.4384
       0.4392
      0.43857
      0.43795
      0.43732
       0.4367
      0.43608
      0.43546
      0.43484
      0.43423
      0.43362
      0.43441
      0.43521
       0.4346
      0.43399
      0.43478
      0.43557
      0.43636
      0.43715
      0.43654
      0.43593
      0.43672
       0.4375
      0.43689
      0.43767
      0.43707
      0.43646
      0.43724
      0.43802
      0.43879
      0.43956
      0.44033
       0.4411
      0.44049
      0.43989
      0.44065
      0.44142
      0.44218
      0.44158
      0.44233
      0.44173
      0.44114
      0.44189
      0.44265
       0.4434
      0.44415
      0.44355
      0.44295
      0.44236
      0.44177
      0.44118
      0.44192
      0.44267
      0.44208
      0.44149
       0.4409
      0.44164
      0.44106
      0.44048
      0.43989
      0.43931
      0.44005
      0.43947
       0.4389
      0.43832
      0.43775
      0.43717
       0.4366
      0.43603
      0.43677
       0.4375
      0.43693
      0.43636
      0.43709
      0.43782
      0.43855
      0.43798
      0.43871
      0.43814
      0.43887
       0.4383
      0.43902
      0.43846
      0.43918
      0.43862
      0.43934
      0.43878
      0.43949
       0.4402
      0.44091
      0.44036
       0.4398
      0.44051
      0.44121
      0.44192
      0.44136
      0.44081
      0.44025
       0.4397
      0.43915
      0.43985
      0.44055
      0.44125
      0.44195
      0.44264
      0.44334
      0.44279
      0.44348
      0.44293
      0.44362
      0.44431
      0.44376
      0.44444
      0.44513
      0.44458
      0.44403
      0.44472
       0.4454
      0.44608
      0.44676
      0.44743
      0.44689
      0.44634
       0.4458
      0.44526
      0.44471
      0.44539
      0.44485
      0.44431
      0.44498
      0.44444
      0.44391
      0.44337
      0.44284
      0.44231
      0.44178
      0.44245
      0.44311
      0.44378
      0.44444
      0.44511
      0.44458
      0.44524
       0.4459
      0.44537
      0.44603
      0.44668
      0.44615
      0.44681
      0.44628
      0.44693
      0.44759
      0.44706
      0.44771
      0.44718
      0.44666
      0.44731
      0.44678
      0.44743
      0.44691
      0.44755
      0.44703
      0.44651
      0.44715
       0.4478
      0.44728
      0.44676
      0.44624
      0.44688
      0.44637
      0.44585
      0.44649
      0.44598
      0.44661
       0.4461
      0.44674
      0.44622
      0.44686
      0.44749
      0.44698
      0.44761
      0.44824
      0.44773
      0.44835
      0.44898
       0.4496
       0.4491
      0.44972
      0.45034
      0.45096
      0.45045
      0.45107
      0.45056
      0.45006
      0.45067
      0.45129
       0.4519
      0.45251
      0.45201
      0.45262
      0.45323
      0.45273
      0.45222
      0.45172
      0.45233
      0.45183
      0.45243
      0.45193
      0.45143
      0.45094
      0.45044
      0.44994
      0.44945
      0.44896
      0.44846
      0.44907
      0.44967
      0.45027
      0.44978
      0.44929
       0.4488
       0.4494
      0.44891
      0.44843
      0.44794
      0.44745
      0.44697
      0.44649
        0.446
       0.4466
      0.44612
      0.44672
      0.44731
      0.44791
      0.44742
      0.44802
      0.44861
       0.4492
      0.44872
      0.44931
      0.44989
      0.45048
         0.45
      0.45058
      0.45117
      0.45069
      0.45127
      0.45079
      0.45137
      0.45195
      0.45253
      0.45311
      0.45263
      0.45216
      0.45273
      0.45331
      0.45388
       0.4534
      0.45293
      0.45246
      0.45198
      0.45151
      0.45208
      0.45161
      0.45218
      0.45275
      0.45332
      0.45285
      0.45342
      0.45398
      0.45351
      0.45408
      0.45361
      0.45314
      0.45267
      0.45324
       0.4538
      0.45333
      0.45389
      0.45445
      0.45501
      0.45557
       0.4551
      0.45566
      0.45519
      0.45575
       0.4563
      0.45685
       0.4574
      0.45795
      0.45749
      0.45804
      0.45859
      0.45913
      0.45968
      0.46022
      0.45976
       0.4593
      0.45884
      0.45838
      0.45792
      0.45746
        0.458
      0.45754
      0.45808
      0.45763
      0.45817
      0.45771
      0.45726
       0.4568
      0.45635
       0.4559
      0.45545
        0.455
      0.45455
       0.4541
      0.45365
       0.4532
      0.45374
      0.45329
      0.45383
      0.45437
      0.45392
      0.45348
      0.45401
      0.45357
       0.4541
      0.45366
      0.45322
      0.45278
      0.45331
      0.45287
       0.4534
      0.45393
      0.45446
      0.45499
      0.45551
      0.45604
       0.4556
      0.45612
      0.45568
      0.45621
      0.45577
      0.45629
      0.45585
      0.45638
       0.4569
      0.45646
      0.45698
      0.45654
      0.45611
      0.45567
      0.45619
      0.45576
      0.45627
      0.45584
      0.45636
      0.45592
      0.45549
      0.45601
      0.45652
      0.45703
      0.45755
      0.45712
      0.45763
       0.4572
      0.45771
      0.45728
      0.45779
      0.45829
       0.4588
      0.45931
      0.45888
      0.45938
      0.45896
      0.45946
      0.45903
      0.45953
      0.46004
      0.46054
      0.46104
      0.46154
      0.46111
      0.46068
      0.46026
      0.45983
      0.45941
      0.45991
      0.45948
      0.45906
      0.45956
      0.45914
      0.45963
      0.45921
      0.45971
      0.45929
      0.45978
      0.45936
      0.45894
      0.45852
      0.45902
       0.4586
      0.45818
