     MU:      SIGMA:     E_MEASURED:    ERROR:
    -0.66472     0.72132    -0.35964   0.0041065
    -0.56361      1.0199     -0.1591    0.015404
    -0.39355      1.0602    -0.16554     0.01284
    -0.46057      0.8619    -0.26083   0.0052985
    -0.23553     0.74769   -0.080509   0.0061538
    -0.10747     0.97731    -0.24705    0.006261
  -0.0029607     0.95101    -0.24297   0.0053694
     0.24782      1.0321     -0.2509   0.0088129
     0.24782      1.0321     -0.2509   0.0088129
     0.34749     0.81576    -0.21233   0.0044007
    0.073142      1.0952    -0.20991     0.01333
    0.073142      1.0952    -0.20991     0.01333
   -0.067295      0.9462    -0.25345   0.0053603
   -0.067295      0.9462    -0.25345   0.0053603
   -0.067295      0.9462    -0.25345   0.0053603
   -0.067295      0.9462    -0.25345   0.0053603
   -0.016512      1.1866   -0.096223    0.020159
     0.25301       1.145    -0.12345    0.017079
     0.25301       1.145    -0.12345    0.017079
     0.25301       1.145    -0.12345    0.017079
     0.25301       1.145    -0.12345    0.017079
     0.25301       1.145    -0.12345    0.017079
     0.25301       1.145    -0.12345    0.017079
     0.25301       1.145    -0.12345    0.017079
     0.25301       1.145    -0.12345    0.017079
     0.25301       1.145    -0.12345    0.017079
     0.25301       1.145    -0.12345    0.017079
     0.52366     0.96045    -0.23302   0.0095922
     0.52366     0.96045    -0.23302   0.0095922
     0.28185      1.0922     -0.1391    0.020906
     0.28791      1.0219    -0.21756    0.012141
     0.53841     0.86328    -0.26365     0.01219
     0.53841     0.86328    -0.26365     0.01219
     0.82996     0.70751    -0.39447   0.0060037
     0.82996     0.70751    -0.39447   0.0060037
     0.82996     0.70751    -0.39447   0.0060037
      1.0332     0.74589   -0.024767    0.014561
     0.94487      0.8577    0.053009    0.016667
      1.0486     0.76666     0.09019    0.020868
      1.0486     0.76666     0.09019    0.020868
      1.0486     0.76666     0.09019    0.020868
      1.0486     0.76666     0.09019    0.020868
     0.91021     0.53571    -0.33078   0.0039135
     0.91021     0.53571    -0.33078   0.0039135
     0.91021     0.53571    -0.33078   0.0039135
     0.91021     0.53571    -0.33078   0.0039135
     0.82793     0.68975    -0.40084   0.0064236
     0.82793     0.68975    -0.40084   0.0064236
     0.91074     0.53713    -0.32741   0.0034821
     0.91074     0.53713    -0.32741   0.0034821
     0.71582      0.7391    -0.36898   0.0046971
     0.71582      0.7391    -0.36898   0.0046971
     0.79716     0.67404    -0.42072   0.0039388
     0.79716     0.67404    -0.42072   0.0039388
     0.80545     0.73276    -0.37251    0.006782
     0.80545     0.73276    -0.37251    0.006782
     0.80545     0.73276    -0.37251    0.006782
     0.80545     0.73276    -0.37251    0.006782
     0.80545     0.73276    -0.37251    0.006782
     0.80545     0.73276    -0.37251    0.006782
     0.88359     0.73539    -0.31217   0.0076336
     0.88359     0.73539    -0.31217   0.0076336
     0.88359     0.73539    -0.31217   0.0076336
     0.88359     0.73539    -0.31217   0.0076336
     0.68198     0.82198    -0.30729   0.0074626
     0.68198     0.82198    -0.30729   0.0074626
     0.52392     0.65617    -0.23433   0.0040783
     0.44896      0.8286    -0.25897   0.0054156
     0.44896      0.8286    -0.25897   0.0054156
      0.4758     0.77602    -0.25381    0.004232
      0.4111     0.96848     -0.2287   0.0094837
      0.4111     0.96848     -0.2287   0.0094837
     0.58077     0.87189    -0.27149   0.0090904
     0.42427     0.96989    -0.25614   0.0088269
     0.48732     0.94665    -0.24857   0.0095516
     0.66094     0.69232    -0.37732   0.0033349
     0.70882     0.77922    -0.34193    0.006588
     0.58249     0.56503    -0.27073   0.0043848
     0.58249     0.56503    -0.27073   0.0043848
     0.82741     0.47415    -0.18705   0.0076691
     0.82741     0.47415    -0.18705   0.0076691
     0.82741     0.47415    -0.18705   0.0076691
     0.82741     0.47415    -0.18705   0.0076691
      0.9999     0.51645    -0.18642   0.0043631
     0.73857     0.78557    -0.31457   0.0080057
     0.73857     0.78557    -0.31457   0.0080057
     0.57913     0.87148    -0.27886    0.007567
     0.61391     0.78687     -0.3169   0.0056996
     0.69245      0.5323    -0.34909   0.0045961
     0.65466     0.55355    -0.34782   0.0038386
     0.65466     0.55355    -0.34782   0.0038386
     0.65466     0.55355    -0.34782   0.0038386
     0.65466     0.55355    -0.34782   0.0038386
     0.65466     0.55355    -0.34782   0.0038386
     0.65466     0.55355    -0.34782   0.0038386
     0.65466     0.55355    -0.34782   0.0038386
     0.69882     0.56786    -0.39269   0.0031758
     0.82949     0.57462    -0.42306   0.0030005
     0.82949     0.57462    -0.42306   0.0030005
     0.82949     0.57462    -0.42306   0.0030005
     0.66603     0.86968    -0.26685    0.011793
     0.76817     0.67565    -0.41731   0.0032856
     0.87361     0.53927    -0.36123   0.0041734
      0.8653     0.49678    -0.25186   0.0064703
      1.1175     0.64142    0.024598    0.010647
      1.0233     0.58428    -0.22301   0.0053685
      1.0897     0.61182   -0.076426   0.0087992
     0.95983     0.49531    -0.18334   0.0054956
     0.95983     0.49531    -0.18334   0.0054956
     0.95983     0.49531    -0.18334   0.0054956
     0.95983     0.49531    -0.18334   0.0054956
     0.66126      0.4541    -0.12371   0.0082056
     0.66126      0.4541    -0.12371   0.0082056
     0.66126      0.4541    -0.12371   0.0082056
     0.66126      0.4541    -0.12371   0.0082056
     0.60668     0.48637    -0.19351   0.0065199
     0.60668     0.48637    -0.19351   0.0065199
     0.73889     0.52889    -0.37068   0.0042871
     0.78701     0.74456    -0.37543   0.0053377
     0.78701     0.74456    -0.37543   0.0053377
     0.78701     0.74456    -0.37543   0.0053377
     0.82776     0.63196    -0.44062   0.0039247
     0.82776     0.63196    -0.44062   0.0039247
     0.82776     0.63196    -0.44062   0.0039247
     0.82776     0.63196    -0.44062   0.0039247
     0.82776     0.63196    -0.44062   0.0039247
     0.82776     0.63196    -0.44062   0.0039247
     0.82776     0.63196    -0.44062   0.0039247
     0.82776     0.63196    -0.44062   0.0039247
     0.82776     0.63196    -0.44062   0.0039247
     0.82776     0.63196    -0.44062   0.0039247
     0.82776     0.63196    -0.44062   0.0039247
     0.82776     0.63196    -0.44062   0.0039247
     0.86067     0.70013    -0.37602    0.006807
     0.86067     0.70013    -0.37602    0.006807
     0.86067     0.70013    -0.37602    0.006807
     0.75266     0.46448    -0.17486   0.0087343
     0.73301     0.68205    -0.40862    0.004226
     0.73301     0.68205    -0.40862    0.004226
     0.73301     0.68205    -0.40862    0.004226
     0.73301     0.68205    -0.40862    0.004226
     0.55729     0.68708    -0.29085    0.004255
     0.74691     0.79713    -0.30647    0.010339
     0.74691     0.79713    -0.30647    0.010339
     0.86266     0.55154    -0.38443   0.0036698
     0.86266     0.55154    -0.38443   0.0036698
     0.86266     0.55154    -0.38443   0.0036698
     0.86266     0.55154    -0.38443   0.0036698
     0.86266     0.55154    -0.38443   0.0036698
     0.76033     0.51497    -0.34602   0.0058041
     0.76033     0.51497    -0.34602   0.0058041
     0.91141     0.65551    -0.36559   0.0076238
     0.91141     0.65551    -0.36559   0.0076238
     0.91141     0.65551    -0.36559   0.0076238
     0.91141     0.65551    -0.36559   0.0076238
     0.91141     0.65551    -0.36559   0.0076238
     0.85327     0.53112    -0.35084   0.0042893
     0.84104     0.54724    -0.38762    0.003809
     0.84104     0.54724    -0.38762    0.003809
     0.84104     0.54724    -0.38762    0.003809
     0.84104     0.54724    -0.38762    0.003809
     0.84104     0.54724    -0.38762    0.003809
     0.84104     0.54724    -0.38762    0.003809
     0.84104     0.54724    -0.38762    0.003809
     0.84104     0.54724    -0.38762    0.003809
     0.84104     0.54724    -0.38762    0.003809
     0.84104     0.54724    -0.38762    0.003809
     0.82491     0.70712    -0.39012    0.006175
     0.82491     0.70712    -0.39012    0.006175
     0.82491     0.70712    -0.39012    0.006175
     0.90275     0.60244    -0.40397   0.0035721
     0.90275     0.60244    -0.40397   0.0035721
     0.90275     0.60244    -0.40397   0.0035721
     0.90275     0.60244    -0.40397   0.0035721
     0.90275     0.60244    -0.40397   0.0035721
     0.90275     0.60244    -0.40397   0.0035721
     0.87057     0.72256    -0.33744   0.0075895
     0.98354     0.70652    -0.19626    0.010774
     0.98354     0.70652    -0.19626    0.010774
     0.98354     0.70652    -0.19626    0.010774
      0.8813     0.69738    -0.36473    0.007115
     0.62174     0.74186    -0.33372   0.0050998
     0.62174     0.74186    -0.33372   0.0050998
     0.74485     0.59515    -0.43055   0.0022994
     0.74485     0.59515    -0.43055   0.0022994
     0.74485     0.59515    -0.43055   0.0022994
     0.74485     0.59515    -0.43055   0.0022994
     0.82375     0.67009    -0.42562   0.0037809
     0.90604     0.62872    -0.39604   0.0047014
     0.76001     0.77176    -0.34894   0.0067258
     0.76001     0.77176    -0.34894   0.0067258
     0.76001     0.77176    -0.34894   0.0067258
     0.76001     0.77176    -0.34894   0.0067258
     0.76001     0.77176    -0.34894   0.0067258
     0.76001     0.77176    -0.34894   0.0067258
     0.82794     0.67507    -0.41987   0.0043313
     0.56777     0.71596    -0.29874   0.0046451
     0.56777     0.71596    -0.29874   0.0046451
     0.30447     0.71907   -0.089548   0.0057513
    0.088152     0.96961    -0.24928   0.0064671
    0.088152     0.96961    -0.24928   0.0064671
    0.088152     0.96961    -0.24928   0.0064671
   -0.096347     0.87209    -0.19619   0.0050708
   -0.096347     0.87209    -0.19619   0.0050708
   -0.079969     0.93963    -0.24309    0.004838
   -0.079969     0.93963    -0.24309    0.004838
   -0.079969     0.93963    -0.24309    0.004838
   -0.079969     0.93963    -0.24309    0.004838
   -0.079969     0.93963    -0.24309    0.004838
   -0.079969     0.93963    -0.24309    0.004838
   -0.079969     0.93963    -0.24309    0.004838
   -0.079969     0.93963    -0.24309    0.004838
   -0.047323      1.1591    -0.14821    0.014211
   -0.047323      1.1591    -0.14821    0.014211
  -0.0021209      1.0813    -0.21546    0.013353
    0.012597     0.88663    -0.20921   0.0047995
     0.20131     0.97213     -0.2428   0.0074902
     0.20131     0.97213     -0.2428   0.0074902
     0.36493     0.93324    -0.25144    0.006544
     0.13328      0.8726    -0.19286   0.0048975
     0.13328      0.8726    -0.19286   0.0048975
     0.41096     0.79291    -0.22795   0.0046677
     0.52578      0.6153    -0.21907   0.0038795
     0.52578      0.6153    -0.21907   0.0038795
     0.69906       0.705    -0.38304   0.0041678
     0.69906       0.705    -0.38304   0.0041678
     0.69906       0.705    -0.38304   0.0041678
     0.82534      0.6233    -0.44234   0.0023405
     0.75792     0.56332    -0.41216   0.0034393
     0.75792     0.56332    -0.41216   0.0034393
     0.75792     0.56332    -0.41216   0.0034393
     0.75792     0.56332    -0.41216   0.0034393
     0.75792     0.56332    -0.41216   0.0034393
     0.75792     0.56332    -0.41216   0.0034393
     0.74849     0.65919      -0.422     0.00282
     0.74849     0.65919      -0.422     0.00282
     0.74849     0.65919      -0.422     0.00282
     0.74849     0.65919      -0.422     0.00282
     0.74849     0.65919      -0.422     0.00282
     0.63465     0.74903    -0.34523    0.004434
     0.63465     0.74903    -0.34523    0.004434
     0.63465     0.74903    -0.34523    0.004434
     0.63465     0.74903    -0.34523    0.004434
     0.63465     0.74903    -0.34523    0.004434
     0.63465     0.74903    -0.34523    0.004434
     0.63465     0.74903    -0.34523    0.004434
     0.63465     0.74903    -0.34523    0.004434
     0.63465     0.74903    -0.34523    0.004434
      0.8691     0.52259    -0.33096   0.0047836
      0.6182     0.72803    -0.34406   0.0035139
      0.6182     0.72803    -0.34406   0.0035139
     0.67131     0.71767    -0.37224   0.0037165
     0.67131     0.71767    -0.37224   0.0037165
     0.67131     0.71767    -0.37224   0.0037165
     0.67131     0.71767    -0.37224   0.0037165
     0.86271     0.51612    -0.31627    0.005341
     0.56293     0.63544    -0.28097   0.0036886
     0.53524     0.45683   -0.050033   0.0073025
     0.73785     0.56997    -0.41462   0.0031732
     0.73785     0.56997    -0.41462   0.0031732
     0.80537     0.50659    -0.31675   0.0053156
     0.61924     0.75313    -0.33534   0.0042344
     0.52972     0.65186    -0.24806   0.0040975
     0.52972     0.65186    -0.24806   0.0040975
     0.52972     0.65186    -0.24806   0.0040975
     0.74752     0.49174    -0.27834    0.007018
     0.67323     0.72104    -0.36789     0.00453
     0.67323     0.72104    -0.36789     0.00453
     0.92888     0.64885    -0.36455   0.0059514
     0.92888     0.64885    -0.36455   0.0059514
     0.92888     0.64885    -0.36455   0.0059514
     0.92888     0.64885    -0.36455   0.0059514
     0.63217     0.59666    -0.34887     0.00299
     0.63217     0.59666    -0.34887     0.00299
     0.63217     0.59666    -0.34887     0.00299
     0.58281     0.84598    -0.29274   0.0066034
     0.58281     0.84598    -0.29274   0.0066034
     0.58281     0.84598    -0.29274   0.0066034
     0.58281     0.84598    -0.29274   0.0066034
     0.58281     0.84598    -0.29274   0.0066034
     0.58281     0.84598    -0.29274   0.0066034
     0.67739     0.91448    -0.20858    0.014831
     0.67739     0.91448    -0.20858    0.014831
     0.67739     0.91448    -0.20858    0.014831
     0.67739     0.91448    -0.20858    0.014831
     0.44474     0.89323    -0.26038    0.007797
     0.17609     0.84612    -0.18444    0.004944
     0.24108     0.97507    -0.25031   0.0082363
     0.34999     0.69566    -0.10059    0.006363
     0.34999     0.69566    -0.10059    0.006363
     0.57973     0.46626    -0.12059   0.0070018
     0.87504     0.73331    -0.33171   0.0078249
     0.87504     0.73331    -0.33171   0.0078249
     0.87504     0.73331    -0.33171   0.0078249
     0.87504     0.73331    -0.33171   0.0078249
     0.87504     0.73331    -0.33171   0.0078249
     0.87504     0.73331    -0.33171   0.0078249
     0.87504     0.73331    -0.33171   0.0078249
     0.87504     0.73331    -0.33171   0.0078249
     0.87504     0.73331    -0.33171   0.0078249
     0.70694     0.66944    -0.40472   0.0033405
     0.70694     0.66944    -0.40472   0.0033405
     0.70694     0.66944    -0.40472   0.0033405
     0.70694     0.66944    -0.40472   0.0033405
     0.70694     0.66944    -0.40472   0.0033405
       0.646     0.78483    -0.33131   0.0051299
       0.646     0.78483    -0.33131   0.0051299
      0.7229     0.73674     -0.3637   0.0058847
      0.7567     0.55306    -0.40207   0.0036623
      0.7567     0.55306    -0.40207   0.0036623
     0.80729     0.83804    -0.19479    0.015329
     0.65586      1.0448    0.020666    0.024096
     0.65586      1.0448    0.020666    0.024096
     0.58665     0.87528    -0.28509   0.0066412
     0.58665     0.87528    -0.28509   0.0066412
     0.58665     0.87528    -0.28509   0.0066412
      0.6065     0.67322    -0.33963   0.0037837
     0.54144     0.78004    -0.30028   0.0046524
     0.54144     0.78004    -0.30028   0.0046524
     0.60651     0.82831    -0.28957    0.007304
     0.75871     0.61837    -0.43236   0.0027315
     0.75871     0.61837    -0.43236   0.0027315
     0.50722     0.69964    -0.23887   0.0042901
     0.32392     0.91372    -0.24458    0.005568
    0.033313     0.95656    -0.24351   0.0051384
    0.033313     0.95656    -0.24351   0.0051384
    -0.11162       0.973    -0.23254   0.0074833
    -0.11162       0.973    -0.23254   0.0074833
    -0.28386     0.94318    -0.25412   0.0060798
    -0.28386     0.94318    -0.25412   0.0060798
     -0.5485     0.85511    -0.27833   0.0069893
    -0.76141     0.75779    -0.35871   0.0059316
    -0.76141     0.75779    -0.35871   0.0059316
    -0.62541     0.54429    -0.30333   0.0035645
    -0.62541     0.54429    -0.30333   0.0035645
    -0.48742     0.53104   -0.098908   0.0052002
    -0.48742     0.53104   -0.098908   0.0052002
     -0.6053     0.70897    -0.33514   0.0036825
     -0.6053     0.70897    -0.33514   0.0036825
     -0.6053     0.70897    -0.33514   0.0036825
     -0.6053     0.70897    -0.33514   0.0036825
     -0.6053     0.70897    -0.33514   0.0036825
     -0.6053     0.70897    -0.33514   0.0036825
    -0.68517      0.6736    -0.39579   0.0030707
    -0.68517      0.6736    -0.39579   0.0030707
    -0.68517      0.6736    -0.39579   0.0030707
    -0.73143     0.54087    -0.37318   0.0045571
    -0.77838     0.54669    -0.39526   0.0039311
    -0.65241     0.58287    -0.36585   0.0030956
    -0.43018     0.79056     -0.2342   0.0049754
    -0.39159     0.94456    -0.24643   0.0091798
    -0.42047      1.0359     -0.2017    0.013584
    -0.35585     0.73918    -0.14453   0.0049777
    -0.35585     0.73918    -0.14453   0.0049777
    -0.35585     0.73918    -0.14453   0.0049777
    -0.38878      1.0105     -0.2159    0.012368
    -0.57157     0.81213    -0.30639   0.0049777
    -0.67979     0.67564    -0.38959   0.0028618
    -0.67979     0.67564    -0.38959   0.0028618
    -0.67979     0.67564    -0.38959   0.0028618
    -0.65058     0.83834    -0.30215   0.0077767
    -0.65058     0.83834    -0.30215   0.0077767
    -0.58793     0.91065    -0.25203   0.0087347
    -0.58793     0.91065    -0.25203   0.0087347
    -0.73308     0.81452    -0.30841   0.0085826
    -0.72998     0.69164    -0.40079    0.003691
    -0.72998     0.69164    -0.40079    0.003691
    -0.73688     0.76539    -0.35111    0.006918
    -0.66042      0.9888    -0.13239    0.015834
    -0.81942     0.77106    -0.31836    0.008462
     -0.8715     0.76952    -0.28016    0.011014
     -0.8715     0.76952    -0.28016    0.011014
     -0.8715     0.76952    -0.28016    0.011014
    -0.75239     0.47911    -0.22845   0.0072611
    -0.75239     0.47911    -0.22845   0.0072611
    -0.75239     0.47911    -0.22845   0.0072611
    -0.75239     0.47911    -0.22845   0.0072611
     -0.9096     0.77153    -0.22973    0.010768
     -0.9096     0.77153    -0.22973    0.010768
    -0.71568     0.86989    -0.25037    0.010656
    -0.68865     0.57669    -0.39226   0.0028394
    -0.65093     0.77538    -0.34413   0.0051461
    -0.60415      0.9081    -0.25477   0.0088264
    -0.70118      1.0762     0.11921    0.024497
    -0.70118      1.0762     0.11921    0.024497
    -0.54322     0.88505    -0.26864   0.0070957
     -0.3877     0.81929    -0.23019   0.0048048
    -0.23841     0.77549    -0.11065   0.0057594
  -0.0068546     0.87658    -0.19329    0.004424
  -0.0068546     0.87658    -0.19329    0.004424
  -0.0034014     0.95449    -0.24041   0.0051769
    -0.15594     0.94427     -0.2496   0.0052013
    -0.15594     0.94427     -0.2496   0.0052013
    -0.15594     0.94427     -0.2496   0.0052013
     -0.0332     0.84908    -0.16521   0.0053875
     0.14989     0.69814    0.040938   0.0075422
       0.288     0.98921    -0.23537     0.01029
     0.21098      1.0373    -0.23149    0.011162
     0.21098      1.0373    -0.23149    0.011162
     0.43458     0.90415    -0.26066   0.0072485
     0.43458     0.90415    -0.26066   0.0072485
     0.54845     0.76232    -0.29085   0.0045341
     0.77142     0.72673    -0.39104   0.0057779
     0.77142     0.72673    -0.39104   0.0057779
     0.77142     0.72673    -0.39104   0.0057779
     0.77142     0.72673    -0.39104   0.0057779
     0.77142     0.72673    -0.39104   0.0057779
     0.77142     0.72673    -0.39104   0.0057779
     0.78843     0.74185    -0.35903   0.0072862
     0.84202     0.75529    -0.31829   0.0085032
     0.85534     0.56284    -0.40846   0.0032783
     0.85534     0.56284    -0.40846   0.0032783
     0.85534     0.56284    -0.40846   0.0032783
     0.85534     0.56284    -0.40846   0.0032783
     0.85534     0.56284    -0.40846   0.0032783
     0.85534     0.56284    -0.40846   0.0032783
     0.92632     0.58225    -0.37707    0.003209
     0.92632     0.58225    -0.37707    0.003209
     0.92632     0.58225    -0.37707    0.003209
     0.92632     0.58225    -0.37707    0.003209
     0.92632     0.58225    -0.37707    0.003209
     0.92632     0.58225    -0.37707    0.003209
     0.92632     0.58225    -0.37707    0.003209
     0.92632     0.58225    -0.37707    0.003209
     0.92632     0.58225    -0.37707    0.003209
     0.82206     0.70435    -0.38954   0.0064954
     0.86915     0.70032    -0.37496   0.0065692
     0.86915     0.70032    -0.37496   0.0065692
     0.86915     0.70032    -0.37496   0.0065692
     0.86915     0.70032    -0.37496   0.0065692
     0.86915     0.70032    -0.37496   0.0065692
     0.86915     0.70032    -0.37496   0.0065692
     0.86915     0.70032    -0.37496   0.0065692
     0.63669     0.80986    -0.31297   0.0068644
     0.48511     0.79697    -0.26585   0.0044859
     0.29786     0.82968    -0.20373   0.0052454
     0.29786     0.82968    -0.20373   0.0052454
     0.27755     0.86145     -0.2229   0.0054985
     0.27755     0.86145     -0.2229   0.0054985
     0.27755     0.86145     -0.2229   0.0054985
     0.27755     0.86145     -0.2229   0.0054985
     0.27755     0.86145     -0.2229   0.0054985
     0.26658     0.76787    -0.12886   0.0056733
     0.26658     0.76787    -0.12886   0.0056733
     0.54944     0.94377    -0.21761    0.012242
     0.54497     0.70307    -0.28653    0.003873
     0.66689     0.72277    -0.37025   0.0033771
     0.66689     0.72277    -0.37025   0.0033771
     0.49345     0.81895    -0.27519   0.0046426
     0.50322     0.85061    -0.27584   0.0057363
     0.65037     0.83509     -0.3091   0.0071314
     0.77044     0.74395    -0.35093   0.0061596
     0.56956     0.61047    -0.27294   0.0035133
     0.56956     0.61047    -0.27294   0.0035133
     0.56956     0.61047    -0.27294   0.0035133
     0.57964     0.59838    -0.28862   0.0037509
     0.57964     0.59838    -0.28862   0.0037509
     0.58991       0.764    -0.32035   0.0045258
     0.44127     0.94891    -0.24815   0.0086778
     0.44127     0.94891    -0.24815   0.0086778
     0.44127     0.94891    -0.24815   0.0086778
     0.44127     0.94891    -0.24815   0.0086778
     0.50168     0.74121    -0.26128   0.0042516
     0.47396     0.87288    -0.26083    0.015086
     0.61103     0.79613    -0.32459   0.0049638
     0.61103     0.79613    -0.32459   0.0049638
     0.61103     0.79613    -0.32459   0.0049638
     0.55798     0.75307    -0.30335   0.0039816
     0.55798     0.75307    -0.30335   0.0039816
     0.41258     0.86254    -0.25895   0.0054308
     0.41606     0.98371     -0.2499   0.0072995
     0.41606     0.98371     -0.2499   0.0072995
     0.21137      0.9618    -0.23259   0.0074983
     0.21137      0.9618    -0.23259   0.0074983
     0.12326     0.87116    -0.20624   0.0057403
     0.12326     0.87116    -0.20624   0.0057403
   0.0028323     0.91281    -0.21554   0.0062517
    -0.09154     0.68864    0.086205   0.0078174
     0.19587     0.82546    -0.16121   0.0057798
     0.27525     0.80741     -0.1754   0.0052412
     0.44952     0.70577     -0.1981   0.0045846
     0.50528     0.57367    -0.15624   0.0046298
     0.54802      0.8383    -0.29542   0.0056959
     0.30243       1.055    -0.20836    0.011889
      0.3275       1.013    -0.23569   0.0083418
    0.030853     0.89137    -0.20454   0.0044202
    0.030853     0.89137    -0.20454   0.0044202
    0.030853     0.89137    -0.20454   0.0044202
    -0.26758     0.92545    -0.25258   0.0053086
    -0.30486     0.62703    0.073672   0.0070955
    -0.57424     0.88663    -0.26586   0.0079534
    -0.57424     0.88663    -0.26586   0.0079534
    -0.87291     0.67105    -0.40023   0.0057069
    -0.77297     0.59135    -0.43394   0.0020922
    -0.78779     0.57749    -0.43046   0.0031294
    -0.61119     0.63482    -0.33629   0.0026378
    -0.61119     0.63482    -0.33629   0.0026378
    -0.61119     0.63482    -0.33629   0.0026378
    -0.61119     0.63482    -0.33629   0.0026378
    -0.61119     0.63482    -0.33629   0.0026378
    -0.61119     0.63482    -0.33629   0.0026378
    -0.69094     0.49027    -0.26691   0.0064639
    -0.69094     0.49027    -0.26691   0.0064639
    -0.64837     0.68536      -0.364   0.0034279
    -0.64837     0.68536      -0.364   0.0034279
    -0.64837     0.68536      -0.364   0.0034279
    -0.64837     0.68536      -0.364   0.0034279
    -0.78759     0.48338    -0.24355   0.0076219
    -0.78759     0.48338    -0.24355   0.0076219
    -0.78759     0.48338    -0.24355   0.0076219
    -0.89565     0.66335    -0.37995   0.0056054
    -0.89565     0.66335    -0.37995   0.0056054
    -0.89565     0.66335    -0.37995   0.0056054
    -0.89565     0.66335    -0.37995   0.0056054
    -0.89565     0.66335    -0.37995   0.0056054
    -0.89565     0.66335    -0.37995   0.0056054
    -0.89565     0.66335    -0.37995   0.0056054
    -0.89565     0.66335    -0.37995   0.0056054
    -0.89565     0.66335    -0.37995   0.0056054
    -0.89565     0.66335    -0.37995   0.0056054
    -0.89565     0.66335    -0.37995   0.0056054
    -0.70621     0.92841     -0.1647     0.01542
    -0.70621     0.92841     -0.1647     0.01542
    -0.86164     0.72396     -0.3324   0.0096397
    -0.86164     0.72396     -0.3324   0.0096397
    -0.86164     0.72396     -0.3324   0.0096397
    -0.85211     0.71944    -0.36154   0.0063799
    -0.81318     0.67584    -0.42354   0.0040837
    -0.81318     0.67584    -0.42354   0.0040837
    -0.62667     0.69892    -0.35481   0.0034709
    -0.74897     0.72623    -0.37886   0.0051603
    -0.74897     0.72623    -0.37886   0.0051603
    -0.74897     0.72623    -0.37886   0.0051603
    -0.74897     0.72623    -0.37886   0.0051603
    -0.74897     0.72623    -0.37886   0.0051603
    -0.74897     0.72623    -0.37886   0.0051603
    -0.74897     0.72623    -0.37886   0.0051603
       -1.03     0.55757    -0.20348   0.0043533
       -1.03     0.55757    -0.20348   0.0043533
    -0.77269     0.54007    -0.39429   0.0039925
    -0.77269     0.54007    -0.39429   0.0039925
    -0.77269     0.54007    -0.39429   0.0039925
    -0.78482     0.49819    -0.29059   0.0063673
    -0.91293      0.7418    -0.27943     0.00934
    -0.88082     0.50504    -0.27467   0.0060105
    -0.88082     0.50504    -0.27467   0.0060105
    -0.88082     0.50504    -0.27467   0.0060105
    -0.88082     0.50504    -0.27467   0.0060105
    -0.88871     0.59159    -0.40537   0.0036635
    -0.88871     0.59159    -0.40537   0.0036635
    -0.59141     0.56734    -0.28553    0.003854
    -0.40248     0.57603      0.0121   0.0066653
    -0.47459     0.49105   -0.015018   0.0060489
    -0.46452     0.51439    -0.03128   0.0053079
    -0.57783     0.53701    -0.23417   0.0044883
    -0.81701     0.76001    -0.32266   0.0093296
    -0.81701     0.76001    -0.32266   0.0093296
    -0.81701     0.76001    -0.32266   0.0093296
    -0.81701     0.76001    -0.32266   0.0093296
    -0.78724     0.70409    -0.39649   0.0048279
    -0.78724     0.70409    -0.39649   0.0048279
    -0.78724     0.70409    -0.39649   0.0048279
    -0.66034      0.7441    -0.35362   0.0049393
    -0.66034      0.7441    -0.35362   0.0049393
    -0.66034      0.7441    -0.35362   0.0049393
    -0.66034      0.7441    -0.35362   0.0049393
    -0.66034      0.7441    -0.35362   0.0049393
    -0.83377     0.70882    -0.38711   0.0076139
    -0.83377     0.70882    -0.38711   0.0076139
    -0.81739     0.75416    -0.33204   0.0076623
    -0.81739     0.75416    -0.33204   0.0076623
    -0.63598     0.56064     -0.3331   0.0032905
     -0.4798      0.7335    -0.24269    0.004291
     -0.4798      0.7335    -0.24269    0.004291
    -0.50622     0.81477    -0.27771   0.0051401
    -0.50622     0.81477    -0.27771   0.0051401
    -0.50622     0.81477    -0.27771   0.0051401
    -0.61193     0.62818    -0.33464   0.0034336
    -0.61193     0.62818    -0.33464   0.0034336
    -0.76283     0.48801     -0.2566   0.0065302
    -0.76283     0.48801     -0.2566   0.0065302
    -0.76283     0.48801     -0.2566   0.0065302
    -0.76283     0.48801     -0.2566   0.0065302
     -0.9456     0.73629    -0.22966     0.01147
    -0.85761     0.62309    -0.42978   0.0035077
    -0.85761     0.62309    -0.42978   0.0035077
    -0.85761     0.62309    -0.42978   0.0035077
    -0.85761     0.62309    -0.42978   0.0035077
    -0.85761     0.62309    -0.42978   0.0035077
    -0.85761     0.62309    -0.42978   0.0035077
    -0.85761     0.62309    -0.42978   0.0035077
    -0.85761     0.62309    -0.42978   0.0035077
    -0.85761     0.62309    -0.42978   0.0035077
    -0.85761     0.62309    -0.42978   0.0035077
    -0.85761     0.62309    -0.42978   0.0035077
    -0.85761     0.62309    -0.42978   0.0035077
    -0.85761     0.62309    -0.42978   0.0035077
    -0.85761     0.62309    -0.42978   0.0035077
     -0.7653     0.66671    -0.43367   0.0029324
     -0.7653     0.66671    -0.43367   0.0029324
     -0.7653     0.66671    -0.43367   0.0029324
     -0.7653     0.66671    -0.43367   0.0029324
     -0.7653     0.66671    -0.43367   0.0029324
     -0.7653     0.66671    -0.43367   0.0029324
     -0.7653     0.66671    -0.43367   0.0029324
     -0.7653     0.66671    -0.43367   0.0029324
     -0.7653     0.66671    -0.43367   0.0029324
     -0.7653     0.66671    -0.43367   0.0029324
    -0.75601     0.54432    -0.39426   0.0040421
    -0.87789     0.63476    -0.41662   0.0042777
    -0.87789     0.63476    -0.41662   0.0042777
    -0.87789     0.63476    -0.41662   0.0042777
    -0.58723      0.8616    -0.29217    0.006558
    -0.39877     0.56559    0.010381   0.0062073
    -0.53744     0.81644    -0.28818   0.0059455
    -0.79822     0.71564    -0.37855   0.0058198
    -0.79822     0.71564    -0.37855   0.0058198
    -0.79822     0.71564    -0.37855   0.0058198
    -0.80222      0.4849    -0.24899   0.0077257
    -0.72797     0.57056    -0.41396   0.0029257
    -0.72797     0.57056    -0.41396   0.0029257
    -0.62403     0.59803    -0.33784   0.0034529
    -0.62403     0.59803    -0.33784   0.0034529
    -0.62403     0.59803    -0.33784   0.0034529
    -0.43508     0.73505    -0.20578   0.0045096
    -0.41347     0.87216     -0.2608    0.005248
    -0.24777      1.1008    -0.14655    0.015903
    -0.21783     0.82872    -0.17403   0.0052778
    -0.36955     0.93583    -0.24538   0.0070819
    -0.57906     0.96857    -0.19142    0.011182
    -0.57906     0.96857    -0.19142    0.011182
    -0.57906     0.96857    -0.19142    0.011182
    -0.54561     0.67518    -0.27366   0.0044729
    -0.63878     0.49085    -0.22991   0.0059033
    -0.93444     0.76623    -0.19012    0.011958
    -0.93444     0.76623    -0.19012    0.011958
     -1.0204     0.50134    -0.11525   0.0046335
     -1.0204     0.50134    -0.11525   0.0046335
     -1.0204     0.50134    -0.11525   0.0046335
    -0.77669     0.54739    -0.39856   0.0036704
    -0.84469      0.6303    -0.44045   0.0030414
    -0.74458     0.61823    -0.43322   0.0020339
    -0.87819     0.59804    -0.41813   0.0027804
    -0.87819     0.59804    -0.41813   0.0027804
    -0.87819     0.59804    -0.41813   0.0027804
    -0.87819     0.59804    -0.41813   0.0027804
    -0.87819     0.59804    -0.41813   0.0027804
    -0.87819     0.59804    -0.41813   0.0027804
    -0.62835     0.65063    -0.35457   0.0027496
    -0.92734     0.73598    -0.27022   0.0099111
    -0.92734     0.73598    -0.27022   0.0099111
    -0.92734     0.73598    -0.27022   0.0099111
    -0.92734     0.73598    -0.27022   0.0099111
    -0.88563     0.57881    -0.40317   0.0031092
    -0.88563     0.57881    -0.40317   0.0031092
    -0.88563     0.57881    -0.40317   0.0031092
    -0.88563     0.57881    -0.40317   0.0031092
    -0.88563     0.57881    -0.40317   0.0031092
    -0.92727     0.60462    -0.37382   0.0036582
    -0.92727     0.60462    -0.37382   0.0036582
    -0.92727     0.60462    -0.37382   0.0036582
    -0.92727     0.60462    -0.37382   0.0036582
    -0.92727     0.60462    -0.37382   0.0036582
    -0.92727     0.60462    -0.37382   0.0036582
    -0.92727     0.60462    -0.37382   0.0036582
    -0.92727     0.60462    -0.37382   0.0036582
    -0.76597     0.56049    -0.40906   0.0036172
    -0.77713     0.57542    -0.42787   0.0027986
    -0.77713     0.57542    -0.42787   0.0027986
    -0.77713     0.57542    -0.42787   0.0027986
    -0.75245     0.84631    -0.26014    0.011239
    -0.63588           1    -0.11991    0.016816
    -0.46255     0.89195      -0.272   0.0061843
    -0.46255     0.89195      -0.272   0.0061843
    -0.25993     0.93444    -0.24356   0.0058243
    -0.25993     0.93444    -0.24356   0.0058243
    -0.14341     0.72984  -0.0099753   0.0061997
    -0.14341     0.72984  -0.0099753   0.0061997
    -0.16088     0.77137   -0.089127    0.006312
    -0.16088     0.77137   -0.089127    0.006312
    0.058133        0.96    -0.25197   0.0052648
    0.058133        0.96    -0.25197   0.0052648
     0.32846      1.0744    -0.18074    0.014103
     0.32846      1.0744    -0.18074    0.014103
     0.23958     0.93331    -0.23288    0.010087
    0.026089     0.84596    -0.14936   0.0051652
     0.17017     0.98551    -0.24963   0.0055724
     0.17017     0.98551    -0.24963   0.0055724
     0.17017     0.98551    -0.24963   0.0055724
     0.20823      1.0149    -0.23572    0.011759
   0.0035016     0.99833    -0.24994    0.007304
    -0.10767      1.0082    -0.26141   0.0062894
    -0.10767      1.0082    -0.26141   0.0062894
    -0.10767      1.0082    -0.26141   0.0062894
    -0.10767      1.0082    -0.26141   0.0062894
    -0.10767      1.0082    -0.26141   0.0062894
    -0.10767      1.0082    -0.26141   0.0062894
    0.086142     0.95847    -0.24934    0.005345
     0.33128     0.66184   -0.012221   0.0058219
     0.24948     0.88436    -0.22568   0.0049549
     0.12946      1.0662    -0.22798   0.0089484
    0.086905     0.81462    -0.12629     0.00483
     0.32699      1.1109    -0.13649    0.015837
     0.32699      1.1109    -0.13649    0.015837
      0.5458     0.98214    -0.20231    0.011717
      0.5458     0.98214    -0.20231    0.011717
     0.70866     0.80297    -0.31674   0.0087331
     0.59336      0.7726    -0.31306   0.0050357
     0.59336      0.7726    -0.31306   0.0050357
     0.61751     0.61224    -0.33649   0.0033639
     0.55232     0.62067    -0.26239    0.003899
     0.55232     0.62067    -0.26239    0.003899
     0.55232     0.62067    -0.26239    0.003899
     0.35678     0.80672    -0.20984   0.0048751
     0.52066      0.6447    -0.23046   0.0038463
      0.7174     0.60813    -0.42084   0.0021504
      0.6114     0.86824    -0.28031   0.0069673
     0.82726     0.70798    -0.38331   0.0055728
     0.82726     0.70798    -0.38331   0.0055728
     0.82726     0.70798    -0.38331   0.0055728
     0.82726     0.70798    -0.38331   0.0055728
     0.82726     0.70798    -0.38331   0.0055728
     0.82726     0.70798    -0.38331   0.0055728
     0.58325     0.79686    -0.29231   0.0075832
     0.58325     0.79686    -0.29231   0.0075832
     0.58325     0.79686    -0.29231   0.0075832
     0.66935     0.69537    -0.37671   0.0037399
     0.66935     0.69537    -0.37671   0.0037399
     0.66935     0.69537    -0.37671   0.0037399
     0.66935     0.69537    -0.37671   0.0037399
     0.66935     0.69537    -0.37671   0.0037399
     0.66935     0.69537    -0.37671   0.0037399
     0.66935     0.69537    -0.37671   0.0037399
     0.45411     0.76493     -0.2417   0.0042159
     0.34464     0.91439    -0.24908   0.0060569
     0.45836      1.0162    -0.21027    0.011672
     0.64864     0.90628    -0.24744   0.0098491
     0.75603     0.74415    -0.37338   0.0058322
     0.75603     0.74415    -0.37338   0.0058322
     0.79274     0.65849     -0.4307   0.0037559
     0.60352     0.71201    -0.33038   0.0039125
     0.60352     0.71201    -0.33038   0.0039125
      0.6505     0.97415    -0.12834    0.017424
     0.70064     0.90114    -0.21192    0.013335
     0.70064     0.90114    -0.21192    0.013335
     0.47703      1.0361    -0.16889    0.017871
     0.47703      1.0361    -0.16889    0.017871
     0.50571     0.89859    -0.27733    0.006973
     0.70935     0.71745     -0.3876   0.0040518
     0.70935     0.71745     -0.3876   0.0040518
     0.57327     0.70154    -0.31236   0.0038526
     0.57327     0.70154    -0.31236   0.0038526
     0.57327     0.70154    -0.31236   0.0038526
     0.56764      0.4236    0.022787   0.0099045
     0.56764      0.4236    0.022787   0.0099045
     0.67024     0.56786    -0.36911   0.0032318
     0.67024     0.56786    -0.36911   0.0032318
     0.71615     0.65769    -0.41204   0.0031225
     0.71615     0.65769    -0.41204   0.0031225
     0.71615     0.65769    -0.41204   0.0031225
      1.0005     0.60731    -0.27337   0.0056639
     0.94978     0.70197    -0.27528   0.0091965
     0.94978     0.70197    -0.27528   0.0091965
     0.94978     0.70197    -0.27528   0.0091965
     0.94978     0.70197    -0.27528   0.0091965
     0.90357     0.56886    -0.38201   0.0029805
     0.90357     0.56886    -0.38201   0.0029805
     0.90357     0.56886    -0.38201   0.0029805
      0.9518     0.69447    -0.28102   0.0082967
      0.9518     0.69447    -0.28102   0.0082967
     0.67337     0.50939     -0.3057   0.0062934
     0.67337     0.50939     -0.3057   0.0062934
     0.54719     0.51486    -0.16399   0.0045251
     0.54719     0.51486    -0.16399   0.0045251
     0.31129      0.8042    -0.19487   0.0054218
     0.36469      0.9049    -0.24903   0.0054483
     0.36469      0.9049    -0.24903   0.0054483
      0.4638     0.95878    -0.25023    0.008213
     0.26426      1.0703    -0.20402    0.010276
     0.26426      1.0703    -0.20402    0.010276
     0.52093       0.781    -0.29084     0.00448
       0.495      1.0133    -0.19733    0.014767
     0.59426     0.96596    -0.19882    0.011749
     0.59426     0.96596    -0.19882    0.011749
     0.41504     0.81066     -0.2441   0.0050283
     0.35943     0.90842    -0.24982   0.0068098
     0.44942      1.0519    -0.19527    0.011677
     0.44942      1.0519    -0.19527    0.011677
     0.45745     0.76213    -0.24291   0.0041349
     0.45745     0.76213    -0.24291   0.0041349
     0.45745     0.76213    -0.24291   0.0041349
     0.54469       0.575    -0.21878   0.0041875
     0.80175     0.80781    -0.26572    0.010667
     0.81638     0.57145    -0.42327   0.0032056
      1.0883      0.5826    -0.10135    0.006574
      1.0883      0.5826    -0.10135    0.006574
     0.82204     0.53395    -0.37736   0.0047168
     0.93761     0.52396    -0.27186   0.0034983
     0.93761     0.52396    -0.27186   0.0034983
     0.93761     0.52396    -0.27186   0.0034983
     0.93761     0.52396    -0.27186   0.0034983
      1.0016     0.59149    -0.27886   0.0055551
      1.0016     0.59149    -0.27886   0.0055551
      1.0273     0.60561     -0.2281   0.0058022
      1.0273     0.60561     -0.2281   0.0058022
      1.0273     0.60561     -0.2281   0.0058022
      1.0273     0.60561     -0.2281   0.0058022
      1.0273     0.60561     -0.2281   0.0058022
      1.0273     0.60561     -0.2281   0.0058022
      1.0273     0.60561     -0.2281   0.0058022
      1.0273     0.60561     -0.2281   0.0058022
      1.0273     0.60561     -0.2281   0.0058022
     0.91893     0.54405    -0.33541   0.0040303
     0.62759     0.46314    -0.15068    0.007972
     0.55913     0.45538    -0.07324   0.0068436
     0.55913     0.45538    -0.07324   0.0068436
     0.55913     0.45538    -0.07324   0.0068436
     0.55913     0.45538    -0.07324   0.0068436
     0.78605     0.59607    -0.43739     0.00238
     0.78605     0.59607    -0.43739     0.00238
     0.78605     0.59607    -0.43739     0.00238
     0.78605     0.59607    -0.43739     0.00238
     0.78605     0.59607    -0.43739     0.00238
     0.78605     0.59607    -0.43739     0.00238
     0.78605     0.59607    -0.43739     0.00238
     0.78605     0.59607    -0.43739     0.00238
     0.91874     0.65491    -0.38271    0.004965
     0.91874     0.65491    -0.38271    0.004965
     0.63094     0.65068    -0.35183   0.0027154
     0.64677     0.73209    -0.35701   0.0032955
     0.37897      1.0067    -0.23076   0.0090979
     0.37897      1.0067    -0.23076   0.0090979
     0.33624       1.005     -0.2401   0.0095468
     0.10987      1.0528    -0.23953   0.0098444
     0.24917      1.0333    -0.24906   0.0071177
     0.24917      1.0333    -0.24906   0.0071177
     0.42112     0.78835     -0.2338   0.0044811
      0.5744     0.52589    -0.22565   0.0040828
     0.70439     0.82181    -0.29932   0.0095141
     0.70439     0.82181    -0.29932   0.0095141
     0.56955     0.80208    -0.28683    0.006147
     0.40751     0.92657    -0.25453   0.0069332
     0.40751     0.92657    -0.25453   0.0069332
      0.1517     0.97091    -0.24536    0.006621
      0.1517     0.97091    -0.24536    0.006621
     0.24532      1.0286    -0.23347    0.010454
   -0.018613     0.77326   -0.066955   0.0058202
     0.23709     0.99483    -0.24693   0.0087774
     0.51436     0.87709    -0.27858   0.0069263
     0.51436     0.87709    -0.27858   0.0069263
     0.51436     0.87709    -0.27858   0.0069263
     0.40594     0.77475    -0.21213   0.0044832
     0.58019     0.66168    -0.30341   0.0039526
     0.76312     0.49098    -0.26678   0.0071702
     0.76312     0.49098    -0.26678   0.0071702
     0.76312     0.49098    -0.26678   0.0071702
     0.76312     0.49098    -0.26678   0.0071702
     0.76312     0.49098    -0.26678   0.0071702
     0.76312     0.49098    -0.26678   0.0071702
      1.0237     0.67039    -0.19563    0.010073
      1.0237     0.67039    -0.19563    0.010073
     0.92548     0.67445    -0.35265   0.0063453
     0.66717     0.74581    -0.35587   0.0042757
     0.54956     0.76064    -0.29609   0.0047771
     0.54956     0.76064    -0.29609   0.0047771
     0.44241     0.80164    -0.25438   0.0046011
     0.52145     0.74383     -0.2761   0.0044542
     0.52145     0.74383     -0.2761   0.0044542
     0.42855      0.9421    -0.26323   0.0081641
     0.42855      0.9421    -0.26323   0.0081641
     0.42855      0.9421    -0.26323   0.0081641
     0.42855      0.9421    -0.26323   0.0081641
     0.15649     0.72241   -0.003934   0.0067841
   -0.023023     0.74678    -0.01197    0.006343
   -0.023023     0.74678    -0.01197    0.006343
    0.098712     0.98598    -0.25168   0.0063597
     0.25968      1.0071    -0.23025   0.0096829
     0.17966        1.13     -0.1766    0.012019
     0.34682     0.93934    -0.26164   0.0075772
     0.34682     0.93934    -0.26164   0.0075772
    0.083107     0.94624    -0.24225   0.0052665
    0.083107     0.94624    -0.24225   0.0052665
     0.14228     0.78034   -0.095602   0.0055189
     0.37814     0.90929    -0.24941    0.010786
     0.33655     0.82189    -0.22084   0.0046845
     0.13863      1.1167    -0.19895     0.01276
     0.28613      1.0349    -0.23098   0.0086738
     0.28613      1.0349    -0.23098   0.0086738
    0.027184     0.89624    -0.20795   0.0053625
     0.32341     0.84924    -0.22315   0.0051217
     0.40059     0.77528    -0.21455   0.0047255
     0.65725     0.60437    -0.36901   0.0031466
     0.90052     0.72369    -0.30585   0.0092974
     0.90052     0.72369    -0.30585   0.0092974
     0.90052     0.72369    -0.30585   0.0092974
     0.90052     0.72369    -0.30585   0.0092974
     0.90052     0.72369    -0.30585   0.0092974
     0.90052     0.72369    -0.30585   0.0092974
     0.90052     0.72369    -0.30585   0.0092974
     0.65066     0.61874    -0.37248   0.0029785
     0.65066     0.61874    -0.37248   0.0029785
     0.70191     0.68586    -0.39974   0.0031374
     0.70191     0.68586    -0.39974   0.0031374
     0.89761     0.63479     -0.4028   0.0045107
     0.89761     0.63479     -0.4028   0.0045107
     0.89761     0.63479     -0.4028   0.0045107
     0.89761     0.63479     -0.4028   0.0045107
     0.89761     0.63479     -0.4028   0.0045107
     0.89761     0.63479     -0.4028   0.0045107
     0.89761     0.63479     -0.4028   0.0045107
     0.89761     0.63479     -0.4028   0.0045107
     0.89761     0.63479     -0.4028   0.0045107
     0.89761     0.63479     -0.4028   0.0045107
     0.89761     0.63479     -0.4028   0.0045107
     0.89761     0.63479     -0.4028   0.0045107
     0.83989     0.62161    -0.43899   0.0027722
     0.83989     0.62161    -0.43899   0.0027722
     0.71245     0.73931    -0.36946   0.0054042
     0.66065     0.56555    -0.35477   0.0035478
     0.66065     0.56555    -0.35477   0.0035478
     0.66065     0.56555    -0.35477   0.0035478
     0.60116     0.69917    -0.32349   0.0038841
     0.60116     0.69917    -0.32349   0.0038841
     0.33925     0.92464    -0.26835   0.0054222
     0.33925     0.92464    -0.26835   0.0054222
     0.33925     0.92464    -0.26835   0.0054222
     0.33925     0.92464    -0.26835   0.0054222
     0.51697     0.99912    -0.19842    0.013543
     0.51697     0.99912    -0.19842    0.013543
     0.51727      1.0636    -0.12496    0.016601
     0.33949      1.0222    -0.20786    0.013286
     0.16965      1.0521    -0.23959   0.0087053
     0.15506     0.87009    -0.18791   0.0054525
     0.42645      1.0746     -0.1529    0.012951
     0.34363     0.83895    -0.22553   0.0049926
     0.34363     0.83895    -0.22553   0.0049926
     0.58109      0.6191    -0.29992   0.0033226
     0.58109      0.6191    -0.29992   0.0033226
     0.35668     0.69548    -0.10578   0.0054877
     0.35668     0.69548    -0.10578   0.0054877
     0.48152     0.64151    -0.17781     0.00414
     0.48152     0.64151    -0.17781     0.00414
     0.64904     0.68351    -0.36159   0.0036087
     0.55179       0.923    -0.24154   0.0091116
     0.55179       0.923    -0.24154   0.0091116
     0.73165     0.76285    -0.33618   0.0068565
     0.73165     0.76285    -0.33618   0.0068565
     0.73165     0.76285    -0.33618   0.0068565
     0.73165     0.76285    -0.33618   0.0068565
     0.46298     0.81315    -0.26563   0.0041738
     0.46298     0.81315    -0.26563   0.0041738
     0.29297     0.83797     -0.2152   0.0050112
     0.29297     0.83797     -0.2152   0.0050112
     0.14131     0.90995    -0.23559   0.0047997
     0.14131     0.90995    -0.23559   0.0047997
     0.14131     0.90995    -0.23559   0.0047997
     0.33242      0.8053    -0.20225   0.0053005
     0.47537     0.82595    -0.26968   0.0053885
      0.5681     0.89336    -0.26483   0.0085858
     0.49568     0.78393    -0.26249   0.0051654
     0.49568     0.78393    -0.26249   0.0051654
     0.45796     0.89081    -0.26856    0.006214
     0.45796     0.89081    -0.26856    0.006214
      0.4313     0.89459    -0.26045   0.0057013
      0.4313     0.89459    -0.26045   0.0057013
     0.35119      1.1278    -0.11712    0.014601
     0.05266      1.2294  -0.0040076    0.023154
  -0.0061579      1.1041    -0.20633    0.011219
    -0.26488      1.1659   -0.085872    0.023463
    -0.26488      1.1659   -0.085872    0.023463
    -0.49858      1.0806    -0.10109    0.019705
    -0.49858      1.0806    -0.10109    0.019705
    -0.23023      1.2262    0.012499    0.022772
    -0.23023      1.2262    0.012499    0.022772
    -0.52121      1.1472     0.06904    0.022833
    -0.24376       1.003    -0.25036   0.0097836
    -0.24559     0.74312     -0.0849   0.0058066
    -0.13791     0.89253    -0.20235   0.0055569
   -0.038739      1.1098    -0.23052    0.010177
   -0.038739      1.1098    -0.23052    0.010177
   -0.038739      1.1098    -0.23052    0.010177
   -0.038739      1.1098    -0.23052    0.010177
   -0.038739      1.1098    -0.23052    0.010177
   -0.038739      1.1098    -0.23052    0.010177
    -0.17437      1.0731    -0.24712   0.0085665
    -0.17437      1.0731    -0.24712   0.0085665
    -0.17437      1.0731    -0.24712   0.0085665
    0.021973      1.0912    -0.23144   0.0096759
    0.021973      1.0912    -0.23144   0.0096759
  -0.0029134      1.0533    -0.23829    0.010166
  -0.0029134      1.0533    -0.23829    0.010166
    -0.26058      1.1708    -0.04405    0.024863
    -0.26058      1.1708    -0.04405    0.024863
    -0.13474      1.0334    -0.23608   0.0085288
    -0.13474      1.0334    -0.23608   0.0085288
    -0.13474      1.0334    -0.23608   0.0085288
    -0.13474      1.0334    -0.23608   0.0085288
    0.098826     0.97576    -0.25769   0.0053748
    0.098826     0.97576    -0.25769   0.0053748
    0.098826     0.97576    -0.25769   0.0053748
