     ACCEPTANCE:
      0.73267
      0.73529
      0.73786
      0.74038
      0.74286
      0.74528
      0.74766
         0.75
      0.74312
      0.74545
      0.74775
         0.75
      0.75221
      0.75439
      0.74783
      0.74138
      0.74359
      0.74576
       0.7395
      0.73333
      0.73554
       0.7377
      0.73984
      0.73387
        0.728
      0.73016
      0.72441
      0.72656
      0.72868
      0.73077
      0.73282
      0.73485
      0.73684
      0.73881
      0.74074
      0.74265
      0.74453
      0.74638
       0.7482
      0.74286
      0.73759
      0.73239
      0.73427
      0.72917
      0.73103
      0.72603
      0.72789
      0.72973
      0.73154
      0.73333
       0.7351
      0.73684
      0.73856
      0.74026
      0.74194
      0.74359
      0.74522
      0.74051
      0.73585
       0.7375
      0.73913
      0.74074
      0.74233
       0.7439
      0.74545
      0.74096
      0.74251
      0.74405
      0.74556
      0.74706
      0.74269
      0.74419
      0.73988
      0.74138
      0.74286
      0.74432
      0.74576
      0.74719
       0.7486
         0.75
      0.74586
      0.74176
      0.74317
      0.74457
      0.74595
      0.74731
      0.74332
      0.74468
      0.74074
      0.74211
      0.73822
      0.73438
      0.73057
       0.7268
      0.72308
      0.71939
      0.72081
      0.72222
      0.72362
        0.725
      0.72637
      0.72772
      0.72906
      0.73039
      0.73171
      0.73301
       0.7343
      0.73558
      0.73206
      0.73333
      0.72986
      0.73113
      0.73239
      0.73364
      0.73023
      0.73148
      0.72811
      0.72936
      0.73059
      0.72727
      0.72851
      0.72973
      0.73094
      0.72768
      0.72889
      0.73009
      0.73128
      0.72807
      0.72926
      0.73043
      0.72727
      0.72845
      0.72961
      0.73077
      0.73191
      0.73305
      0.73418
      0.73529
       0.7364
      0.73333
      0.73029
       0.7314
      0.73251
      0.72951
      0.72653
      0.72764
      0.72874
      0.72984
      0.73092
        0.732
      0.73307
      0.73413
      0.73518
      0.73622
      0.73725
      0.73438
      0.73541
      0.73643
      0.73745
      0.73846
      0.73946
      0.74046
      0.74144
      0.73864
      0.73962
       0.7406
      0.73783
      0.73507
      0.73606
      0.73333
      0.73432
      0.73529
       0.7326
      0.73358
      0.73455
      0.73188
      0.73285
      0.73381
      0.73118
      0.73214
       0.7331
      0.73404
      0.73145
      0.73239
      0.73333
      0.73077
      0.73171
      0.73264
      0.73356
      0.73448
       0.7354
       0.7363
      0.73379
      0.73129
       0.7322
      0.73311
      0.73401
       0.7349
      0.73579
      0.73333
      0.73422
       0.7351
      0.73597
      0.73684
       0.7377
      0.73856
      0.73941
      0.73701
      0.73463
      0.73226
       0.7299
      0.72756
      0.72843
      0.72611
      0.72698
      0.72785
      0.72555
      0.72327
      0.72414
        0.725
      0.72586
      0.72671
      0.72446
      0.72222
      0.72308
      0.72086
      0.71865
      0.71646
      0.71733
      0.71818
      0.71903
      0.71988
      0.71772
      0.71557
      0.71642
      0.71429
      0.71217
      0.71302
      0.71091
      0.71176
      0.71261
      0.71053
      0.70845
       0.7064
      0.70435
      0.70231
      0.70317
      0.70402
      0.70487
      0.70286
      0.70085
       0.7017
      0.69972
      0.70056
      0.69859
      0.69944
      0.70028
      0.70112
      0.70195
      0.70278
       0.7036
      0.70442
      0.70523
      0.70604
      0.70411
      0.70492
      0.70572
       0.7038
      0.70461
      0.70541
       0.7062
       0.7043
      0.70241
      0.70053
      0.69867
      0.69947
      0.69761
      0.69841
      0.69657
      0.69474
      0.69291
      0.69372
      0.69191
       0.6901
      0.68831
      0.68912
      0.68992
      0.69072
      0.69152
      0.68974
      0.68798
      0.68622
      0.68702
      0.68528
      0.68354
      0.68434
      0.68262
       0.6809
       0.6792
       0.6775
       0.6783
      0.67662
      0.67742
      0.67822
      0.67901
       0.6798
      0.68059
      0.68137
      0.68215
      0.68049
      0.68127
      0.68204
      0.68039
      0.68116
      0.67952
      0.68029
      0.68106
      0.67943
       0.6778
      0.67857
      0.67933
      0.67773
      0.67849
      0.67689
      0.67765
      0.67606
      0.67681
      0.67523
      0.67599
      0.67674
      0.67517
      0.67593
      0.67667
      0.67742
      0.67816
       0.6789
      0.67735
      0.67808
      0.67654
      0.67727
      0.67574
      0.67421
      0.67494
      0.67568
      0.67416
      0.67489
      0.67562
      0.67634
      0.67706
      0.67556
      0.67627
      0.67699
       0.6777
      0.67621
      0.67473
      0.67544
      0.67615
      0.67467
       0.6732
      0.67174
      0.67245
        0.671
      0.67171
      0.67241
      0.67312
      0.67382
      0.67238
      0.67308
      0.67377
      0.67447
      0.67516
      0.67585
      0.67653
      0.67722
      0.67789
      0.67647
      0.67505
      0.67573
      0.67641
      0.67708
      0.67775
      0.67842
      0.67702
      0.67769
      0.67835
      0.67901
      0.67967
      0.68033
      0.67894
      0.67959
      0.68024
      0.68089
      0.67951
      0.68016
      0.68081
      0.68145
      0.68209
      0.68273
      0.68337
        0.684
      0.68463
      0.68526
       0.6839
      0.68254
      0.68119
      0.67984
      0.68047
       0.6811
      0.68173
      0.68235
      0.68102
      0.67969
      0.67836
      0.67704
      0.67573
      0.67442
      0.67505
      0.67568
      0.67437
      0.67308
      0.67179
       0.6705
      0.66922
      0.66794
      0.66667
       0.6673
      0.66793
      0.66667
      0.66541
      0.66604
      0.66667
      0.66541
      0.66417
      0.66479
      0.66542
      0.66604
       0.6648
      0.66543
      0.66605
      0.66667
      0.66543
      0.66605
      0.66667
      0.66728
      0.66789
      0.66667
      0.66728
      0.66788
      0.66849
      0.66909
      0.66969
      0.67029
      0.67089
      0.66968
      0.66847
      0.66906
      0.66786
      0.66846
      0.66905
      0.66786
      0.66667
      0.66548
      0.66607
      0.66667
      0.66726
      0.66784
      0.66667
      0.66725
      0.66784
      0.66842
      0.66725
      0.66608
      0.66667
      0.66725
      0.66783
       0.6684
      0.66898
      0.66955
      0.66839
      0.66897
      0.66781
      0.66667
      0.66724
      0.66781
      0.66838
      0.66894
      0.66951
      0.66837
      0.66893
       0.6678
      0.66667
      0.66554
      0.66442
      0.66498
      0.66555
      0.66611
      0.66499
      0.66388
      0.66277
      0.66167
      0.66223
      0.66279
      0.66169
      0.66225
      0.66281
      0.66172
      0.66063
      0.66118
       0.6601
      0.65902
      0.65794
      0.65686
      0.65742
      0.65798
      0.65691
      0.65584
       0.6564
      0.65534
      0.65428
      0.65323
      0.65378
      0.65434
      0.65329
      0.65385
       0.6528
      0.65176
      0.65231
      0.65287
      0.65342
      0.65397
      0.65452
      0.65348
      0.65245
      0.65142
      0.65197
      0.65094
      0.64992
       0.6489
      0.64789
      0.64844
      0.64743
      0.64642
      0.64697
      0.64596
      0.64651
      0.64551
      0.64606
      0.64506
      0.64561
      0.64462
      0.64516
      0.64571
      0.64625
      0.64679
      0.64733
      0.64787
      0.64688
       0.6459
      0.64643
      0.64697
       0.6475
      0.64804
      0.64857
      0.64759
      0.64662
      0.64715
      0.64768
       0.6482
      0.64723
      0.64776
       0.6468
      0.64732
      0.64785
      0.64688
      0.64741
      0.64645
      0.64549
      0.64602
      0.64507
      0.64412
      0.64317
      0.64223
      0.64129
      0.64035
      0.64088
      0.63994
      0.64047
      0.63953
      0.64006
      0.64058
      0.63965
      0.63873
      0.63925
      0.63977
      0.64029
       0.6408
      0.63989
      0.63897
      0.63805
      0.63714
      0.63766
      0.63675
      0.63585
      0.63636
      0.63546
      0.63598
      0.63649
      0.63701
      0.63752
      0.63803
      0.63854
      0.63764
      0.63815
      0.63866
      0.63916
      0.63966
      0.64017
      0.64067
      0.64117
      0.64167
      0.64078
      0.64127
      0.64039
       0.6395
         0.64
       0.6405
      0.64099
      0.64011
      0.63923
      0.63973
      0.64022
      0.63934
      0.63984
      0.64033
      0.64082
       0.6413
      0.64179
      0.64228
      0.64276
      0.64324
      0.64372
       0.6442
      0.64468
      0.64516
      0.64564
      0.64611
      0.64659
      0.64706
      0.64753
        0.648
      0.64847
      0.64761
      0.64807
      0.64854
      0.64901
      0.64815
      0.64729
      0.64644
       0.6469
      0.64605
       0.6452
      0.64436
      0.64351
      0.64267
      0.64183
      0.64099
      0.64146
      0.64193
      0.64109
      0.64156
      0.64202
      0.64249
      0.64295
      0.64341
      0.64387
      0.64304
       0.6435
      0.64267
      0.64313
      0.64231
      0.64277
      0.64194
       0.6424
      0.64286
      0.64331
      0.64377
      0.64422
      0.64467
      0.64512
      0.64557
      0.64602
      0.64646
      0.64691
      0.64736
      0.64654
      0.64573
      0.64617
      0.64662
      0.64706
       0.6475
      0.64794
      0.64838
      0.64757
      0.64677
       0.6472
      0.64764
      0.64684
      0.64728
      0.64771
      0.64815
      0.64858
      0.64901
      0.64945
      0.64988
      0.65031
      0.65074
      0.65116
      0.65159
      0.65201
      0.65244
      0.65286
      0.65328
      0.65371
      0.65413
      0.65333
      0.65375
      0.65417
      0.65338
       0.6538
      0.65422
      0.65343
      0.65385
      0.65306
      0.65348
      0.65269
      0.65311
      0.65352
      0.65394
      0.65316
      0.65357
      0.65398
      0.65439
       0.6548
      0.65521
      0.65444
      0.65485
      0.65525
      0.65566
      0.65607
      0.65647
      0.65687
      0.65728
      0.65651
      0.65691
      0.65731
      0.65771
      0.65694
      0.65618
      0.65658
      0.65581
      0.65621
      0.65661
      0.65701
      0.65625
      0.65665
      0.65589
      0.65513
      0.65553
      0.65593
      0.65632
      0.65557
      0.65596
      0.65636
      0.65675
        0.656
      0.65525
       0.6545
       0.6549
      0.65529
      0.65455
      0.65494
      0.65533
      0.65572
      0.65611
       0.6565
      0.65688
      0.65727
      0.65653
      0.65692
       0.6573
      0.65657
      0.65695
      0.65733
      0.65772
       0.6581
      0.65848
      0.65886
      0.65924
      0.65851
      0.65778
      0.65705
      0.65743
       0.6567
      0.65708
      0.65746
      0.65784
      0.65711
      0.65639
      0.65567
      0.65495
      0.65423
      0.65351
      0.65389
      0.65427
      0.65464
      0.65393
      0.65322
      0.65251
      0.65288
      0.65217
      0.65255
      0.65293
       0.6533
       0.6526
      0.65189
      0.65119
      0.65049
      0.64978
      0.65016
      0.65054
      0.65091
      0.65129
      0.65166
      0.65096
      0.65134
      0.65171
      0.65101
      0.65032
      0.65069
      0.65106
      0.65143
       0.6518
      0.65111
      0.65148
      0.65185
      0.65116
      0.65153
      0.65084
      0.65121
      0.65158
      0.65089
      0.65126
      0.65163
      0.65094
      0.65131
      0.65167
      0.65204
      0.65136
      0.65172
      0.65104
      0.65036
      0.65073
      0.65109
      0.65145
      0.65181
      0.65217
      0.65253
      0.65186
      0.65222
      0.65258
      0.65191
      0.65226
      0.65262
      0.65298
      0.65333
      0.65369
      0.65404
       0.6544
      0.65373
      0.65306
      0.65341
      0.65275
       0.6531
      0.65346
      0.65381
      0.65416
      0.65451
      0.65486
      0.65521
      0.65556
       0.6559
      0.65524
      0.65559
      0.65594
      0.65628
      0.65562
      0.65496
      0.65531
      0.65465
        0.654
      0.65335
      0.65369
      0.65304
      0.65339
      0.65274
      0.65209
      0.65144
      0.65079
      0.65114
       0.6505
      0.64985
      0.64921
      0.64956
      0.64892
      0.64828
      0.64862
      0.64897
      0.64931
      0.64966
         0.65
      0.65034
      0.65068
      0.65005
      0.65039
      0.64976
       0.6501
      0.65044
      0.65078
      0.65112
      0.65146
      0.65179
      0.65213
       0.6515
      0.65184
      0.65121
      0.65154
      0.65092
      0.65125
      0.65159
      0.65096
      0.65034
      0.65067
      0.65101
      0.65134
      0.65167
      0.65201
      0.65234
      0.65267
      0.65205
      0.65238
      0.65271
      0.65209
      0.65242
      0.65275
      0.65213
      0.65152
      0.65184
      0.65217
       0.6525
      0.65189
      0.65221
      0.65254
      0.65287
       0.6532
      0.65352
      0.65291
       0.6523
      0.65262
      0.65295
      0.65234
      0.65173
      0.65112
      0.65144
      0.65177
      0.65209
      0.65242
      0.65274
      0.65306
      0.65338
      0.65278
       0.6531
      0.65342
      0.65374
      0.65314
      0.65346
      0.65285
      0.65317
      0.65349
      0.65381
      0.65413
      0.65445
      0.65476
      0.65416
      0.65448
      0.65388
      0.65328
       0.6536
      0.65392
      0.65423
      0.65364
