       GEN           L2
       0        2892.21
       1        2463.28
       2        2270.24
       3        2148.24
       4        2003.79
       5        1908.67
       6        1859.44
       7        1738.76
       8        1612.93
       9        1532.81
      10        1465.44
      11        1408.24
      12        1367.02
      13        1322.15
      14        1280.54
      15        1225.62
      16        1182.98
      17        1138.91
      18        1101.63
      19        1082.34
      20        1064.21
      21        936.841
      22        915.689
      23         879.56
      24        818.431
      25         801.85
      26        790.248
      27        777.549
      28        754.222
      29        733.858
      30         720.65
      31        700.887
      32        693.554
      33        686.569
      34        660.976
      35         649.68
      36        633.701
      37        624.992
      38        603.948
      39        587.495
      40        577.147
      41        506.378
      42        490.673
      43        481.065
      44        468.073
      45        456.789
      46        453.458
      47          445.3
      48        431.296
      49         417.18
      50          410.5
      51        408.928
      52        407.518
      53        399.759
      54        394.537
      55        389.011
      56        365.844
      57        350.911
      58        341.564
      59         330.19
      60        326.427
      61         276.65
      62        271.394
      63        268.004
      64        262.446
      65        254.591
      66        243.725
      67        240.983
      68         234.93
      69         229.38
      70        228.204
      71         224.84
      72        220.281
      73         216.12
      74         204.23
      75         203.39
      76        196.698
      77         187.82
      78        182.877
      79        178.566
      80        176.648
      81        176.652
      82        176.651
      83        176.562
      84        176.022
      85        175.198
      86        173.088
      87        171.704
      88        166.289
      89        163.126
      90        161.552
      91        159.567
      92         156.71
      93        154.088
      94        151.817
      95        150.782
      96        150.083
      97        150.076
      98        148.761
      99         146.35
     100        145.001
     101            145
     102        143.942
     103        142.297
     104        142.282
     105        139.037
     106        139.034
     107        138.182
     108        134.282
     109        131.953
     110        130.506
     111        129.231
     112        128.894
     113        128.885
     114        127.643
     115        127.579
     116        126.241
     117        125.652
     118        123.999
     119         122.84
     120        121.554
     121        120.771
     122        120.082
     123        119.665
     124        118.777
     125        118.774
     126        118.191
     127        117.512
     128        117.512
     129        117.505
     130        116.587
     131        116.096
     132        115.966
     133        115.966
     134        115.966
     135        115.933
     136        115.748
     137        115.642
     138        115.619
     139        115.616
     140        114.814
     141        114.694
     142        112.417
     143        112.417
     144        112.412
     145        111.085
     146        109.757
     147         109.03
     148        103.367
     149        103.364
     150        102.704
     151        102.425
     152        102.423
     153        102.119
     154        102.116
     155        101.427
     156        101.427
     157        101.427
     158        101.292
     159        101.289
     160        100.584
     161        100.584
     162         100.58
     163        99.5682
     164        99.5571
     165        96.9638
     166        96.9524
     167        94.1325
     168         93.118
     169         93.118
     170        93.1174
     171        92.9452
     172        91.6039
     173        91.6039
     174        91.6009
     175        91.0453
     176        89.4368
     177        89.1041
     178        89.1041
     179        89.0983
     180        87.6534
     181        87.6508
     182        87.0247
     183        87.0244
     184        86.9632
     185        86.9632
     186        86.9632
     187        86.9632
     188        86.9628
     189        86.8757
     190        86.8757
     191        86.8752
     192        86.7352
     193        86.7293
     194        85.2642
     195          84.28
     196        84.2799
     197        84.2597
     198        84.2597
     199         84.253
     200        83.5337
     201        83.5336
     202        83.5032
     203        83.4947
     204        82.2107
     205        82.2102
     206        82.2086
     207        81.7992
     208        81.7992
     209        81.7992
     210        81.7985
     211        81.6017
     212        80.2503
     213        80.2503
     214        80.2435
     215        78.5625
     216        78.5625
     217        78.5625
     218        78.5558
     219        76.8878
     220        76.8878
     221        76.8878
     222        76.8878
     223        76.8878
     224        76.8878
     225        76.8878
     226        76.8838
     227        75.8833
     228        75.8808
     229        75.2621
     230        75.2621
     231        75.2621
     232        75.2621
     233        75.2618
     234        75.1747
     235        75.1747
     236        75.1747
     237        75.1704
     238        74.1159
     239        74.1159
     240        74.1159
     241         72.468
     242         72.468
     243         72.468
     244         72.468
     245         72.468
     246         72.468
     247        72.4673
     248        72.3055
     249        72.3055
     250        72.3051
     251        72.2244
     252        72.2244
     253        72.2233
     254        71.9571
     255        71.9571
     256        71.9571
     257        71.9571
     258        71.9571
     259        71.9571
     260        71.9571
     261        69.2233
     262        69.2211
     263        68.6731
     264        68.6731
     265        68.6727
     266        68.5772
     267        68.5772
     268        68.5772
     269        68.5772
     270        68.5772
     271        68.5772
     272        68.5772
     273        68.5772
     274        68.5772
     275        68.5772
     276        68.5772
     277        68.5772
     278        68.5772
     279        68.5772
     280        68.5772
     281          67.89
     282          67.89
     283        67.8875
     284         67.267
     285         67.267
     286         67.267
     287         67.267
     288         67.267
     289         67.267
     290         67.267
     291         67.267
     292         67.267
     293         67.267
     294         67.267
     295         67.267
     296         67.267
     297         67.267
     298         67.267
     299         67.267
     300         67.267
     301         67.267
     302         67.267
     303        67.2666
     304        67.1606
     305        67.1606
     306        67.1606
     307        67.1606
     308        67.1606
     309        67.1606
     310        67.1606
     311        67.1606
     312        67.1606
     313        67.1606
     314        67.1606
     315        67.1606
     316        67.1589
     317        66.7506
     318        66.7506
     319        66.7506
     320        66.7506
     321        66.7506
     322        66.7506
     323        66.7506
     324        66.7506
     325        66.7506
     326        66.7506
     327        66.7506
     328        66.7506
     329        66.7506
     330        66.7506
     331        66.7506
     332        66.7506
     333        66.7506
     334        66.7506
     335        66.7476
     336        65.9785
     337        65.9785
     338        65.9785
     339        65.9777
     340        65.7771
     341        65.5389
     342        65.5383
     343        65.3934
     344        65.3934
     345        65.3934
     346        65.3934
     347        65.3934
     348        65.3934
     349        65.3934
     350        65.3934
     351        65.3934
     352        65.3934
     353        65.3934
     354        65.3934
     355        65.3934
     356        65.3934
     357        65.3934
     358        65.3934
     359        65.3934
     360        65.3934
     361        64.6171
     362        64.6171
     363        64.6171
     364        64.6171
     365        64.6171
     366        64.6171
     367        64.6171
     368        64.6171
     369        64.6171
     370        64.6171
     371        64.6171
     372        64.6171
     373        64.6171
     374        64.6171
     375        64.6171
     376        64.6171
     377        64.6171
     378        64.6171
     379        64.6171
     380        64.6171
     381        64.4033
     382        64.4033
     383        64.4033
     384        64.4029
     385        64.3095
     386        64.3095
     387        64.3095
     388        64.3095
     389        64.3095
     390        64.3095
     391        64.3095
     392        64.3095
     393        64.3095
     394        64.3095
     395        64.3095
     396        64.3095
     397        64.3095
     398        64.3095
     399        64.3095
     400        64.3095
     401        62.3206
     402        62.3206
     403        62.3206
     404        62.3206
     405        62.3206
     406        62.3206
     407        62.3206
     408        62.3206
     409        62.3206
     410        62.3206
     411        62.3206
     412        62.3206
     413        62.3206
     414        62.3206
     415        62.3175
     416        61.5485
     417        61.5485
     418        61.5485
     419        61.5485
     420        61.5484
     421         61.415
     422         61.415
     423         61.415
     424         61.415
     425         61.415
     426         61.415
     427         61.415
     428         61.415
     429         61.415
     430         61.415
     431         61.415
     432         61.415
     433         61.415
     434         61.415
     435         61.415
     436         61.415
     437         61.415
     438         61.415
     439         61.415
     440         61.415
     441        60.4282
     442        60.4282
     443        60.4282
     444        60.4282
     445        60.4282
     446        60.4282
     447        60.4282
     448        60.4282
     449        60.4282
     450        60.4282
     451        60.4282
     452        60.4282
     453        60.4282
     454        60.4282
     455        60.4282
     456        60.4282
     457        60.4282
     458        60.4282
     459        60.4282
     460        60.4282
     461        60.4282
     462        60.4282
     463        60.4282
     464        60.4282
     465        60.4282
     466        60.4282
     467        60.4282
     468        60.4282
     469        60.4282
     470        60.4282
     471        60.4282
     472        60.4282
     473        60.4282
     474        60.4282
     475        60.4282
     476        60.4282
     477        60.4282
     478        60.4282
     479        60.4282
     480        60.4281
     481        60.2062
     482        60.2062
     483        60.2062
     484        60.2062
     485        60.2062
     486        60.2062
     487        60.2062
     488        60.2062
     489        60.2062
     490        60.2062
     491        60.2062
     492        60.2062
     493        60.2062
     494        60.2062
     495        60.2062
     496        60.2062
     497        60.2062
     498        60.2062
     499        60.2062
     500        60.2062
     501        59.8176
     502        59.8176
     503        59.8176
     504        59.8176
     505        59.8176
     506        59.8176
     507        59.8176
     508        59.8176
     509        59.8176
     510        59.8176
     511        59.8176
     512        59.8176
     513        59.8176
     514        59.8176
     515        59.8176
     516        59.8176
     517        59.8176
     518        59.8176
     519        59.8176
     520        59.8176
     521        59.8176
     522        59.8176
     523        59.8176
     524        59.8176
     525        59.8176
     526        59.8176
     527        59.8176
     528        59.8176
     529        59.8176
     530        59.8176
     531        59.8176
     532        59.8176
     533        59.8176
     534        59.8176
     535        59.8176
     536        59.8176
     537        59.8176
     538        59.8176
     539        59.8176
     540        59.8176
     541        59.8176
     542        59.8176
     543        59.8176
     544        59.8176
     545        59.8176
     546        59.8176
     547        59.8176
     548        59.8165
     549        59.5369
     550        59.5369
     551        59.5369
     552        59.5369
     553        59.5369
     554        59.5369
     555        59.5369
     556        59.5369
     557        59.5369
     558        59.5369
     559        59.5369
     560        59.5369
     561        59.5369
     562        59.5369
     563        59.5369
     564        59.5369
     565        59.5369
     566        59.5369
     567        59.5369
     568        59.5369
     569        59.5369
     570        59.5369
     571        59.5369
     572        59.5369
     573        59.5369
     574        59.5369
     575        59.5369
     576        59.5369
     577        59.5369
     578        59.5369
     579        59.5369
     580        59.5369
     581        59.5369
     582        59.5369
     583        59.5369
     584        59.5369
     585        59.5369
     586        59.5369
     587        59.5369
     588        59.5369
     589        59.5369
     590        59.5369
     591        59.5369
     592        59.5369
     593        59.5369
     594        59.5369
     595        59.5369
     596        59.5369
     597        59.5369
     598        59.5369
     599        59.5369
     600        59.5369
     601        59.5369
     602        59.5369
     603        59.5369
     604        59.5369
     605        59.5369
     606        59.5369
     607        59.5369
     608        59.5369
     609        59.5369
     610        59.5369
     611        59.5369
     612        59.5369
     613        59.5369
     614        59.5369
     615        59.5369
     616        59.5369
     617        59.5369
     618        59.5369
     619        59.5369
     620        59.5369
     621        59.5369
     622        59.5369
     623        59.5369
     624        59.5369
     625        59.5369
     626        59.5369
     627        59.5369
     628        59.5369
     629        59.5369
     630        59.5369
     631        59.5369
     632        59.5369
     633        59.5369
     634        59.5369
     635        59.5369
     636        59.5369
     637        59.5369
     638        59.5369
     639        59.5369
     640        59.5369
     641        59.5369
     642        59.5369
     643        59.5369
     644        59.5369
     645        59.5369
     646        59.5369
     647        59.5369
     648        59.5369
     649        59.5369
     650        59.5369
     651        59.5369
     652        59.5369
     653        59.5369
     654        59.5369
     655        59.5369
     656        59.5369
     657        59.5369
     658        59.5369
     659        59.5369
     660        59.5369
     661        59.5369
     662        59.5369
     663        59.5369
     664        59.5369
     665        59.5369
     666        59.5369
     667        59.5369
     668        59.5369
     669        59.5369
     670        59.5369
     671        59.5369
     672        59.5369
     673        59.5369
     674        59.5369
     675        59.5369
     676        59.5369
     677        59.5369
     678        59.5369
     679        59.5369
     680        59.5369
     681        59.5369
     682        59.5369
     683        59.5369
     684        59.5369
     685        59.5369
     686        59.5369
     687        59.5369
     688        59.5369
     689        59.5369
     690        59.5369
     691        59.5369
     692        59.5369
     693        59.5369
     694        59.5369
     695        59.5369
     696        59.5369
     697        59.5369
     698        59.5369
     699        59.5369
     700        59.5369
     701        59.5369
     702        59.5369
     703        59.5369
     704        59.5369
     705        59.5369
     706        59.5369
     707        59.5369
     708        59.5369
     709        59.5369
     710        59.5369
     711        59.5369
     712        59.5369
     713        59.5369
     714        59.5369
     715        59.5369
     716        59.5369
     717        59.5369
     718        59.5369
     719        59.5369
     720        59.5369
     721        59.5369
     722        59.5369
     723        59.5369
     724        59.5369
     725        59.5369
     726        59.5369
     727        59.5369
     728        59.5369
     729        59.5369
     730        59.5369
     731        59.5369
     732        59.5369
     733        59.5369
     734        59.5369
     735        59.5369
     736        59.5369
     737        59.5369
     738        59.5369
     739        59.5369
     740        59.5369
     741        59.5369
     742        59.5369
     743        59.5369
     744        59.5369
     745        59.5369
     746        59.5369
     747        59.5369
     748        59.5369
     749        59.5369
     750        59.5369
     751        59.5369
     752        59.5369
     753        59.5369
     754        59.5369
     755        59.5369
     756        59.5369
     757        59.5369
     758        59.5369
     759        59.5369
     760        59.5369
     761        59.5369
     762        59.5369
     763        59.5369
     764        59.5369
     765        59.5369
     766        59.5369
     767        59.5369
     768        59.5369
     769        59.5369
     770        59.5369
     771        59.5369
     772        59.5369
     773        59.5369
     774        59.5369
     775        59.5369
     776        59.5369
     777        59.5369
     778        59.5369
     779        59.5369
     780        59.5369
     781        59.5369
     782        59.5369
     783        59.5369
     784        59.5369
     785        59.5369
     786        59.5369
     787        59.5369
     788        59.5369
     789        59.5369
     790        59.5369
     791        59.5369
     792        59.5369
     793        59.5369
     794        59.5369
     795        59.5369
     796        59.5369
     797        59.5369
     798        59.5369
     799        59.5369
     800        59.5369
     801        59.5369
     802        59.5369
     803        59.5369
     804        59.5369
     805        59.5369
     806        59.5369
     807        59.5369
     808        59.5369
     809        59.5369
     810        59.5369
     811        59.5369
     812        59.5369
     813        59.5369
     814        59.5369
     815        59.5369
     816        59.5369
     817        59.5369
     818        59.5369
     819        59.5369
     820        59.5369
     821        59.5369
     822        59.5369
     823        59.5369
     824        59.5369
     825        59.5369
     826        59.5369
     827        59.5369
     828        59.5369
     829        59.5369
     830        59.5369
     831        59.5369
     832        59.5369
     833        59.5369
     834        59.5369
     835        59.5369
     836        59.5369
     837        59.5369
     838        59.5369
     839        59.5369
     840        59.5369
     841        59.5369
     842        59.5369
     843        59.5369
     844        59.5369
     845        59.5369
     846        59.5369
     847        59.5369
     848        59.5369
     849        59.5369
     850        59.5369
     851        59.5369
     852        59.5369
     853        59.5369
     854        59.5369
     855        59.5369
     856        59.5369
     857        59.5369
     858        59.5369
     859        59.5369
     860        59.5369
     861        59.5369
     862        59.5369
     863        59.5369
     864        59.5369
     865        59.5369
     866        59.5369
     867        59.5369
     868        59.5369
     869        59.5369
     870        59.5369
     871        59.5369
     872        59.5369
     873        59.5369
     874        59.5369
     875        59.5369
     876        59.5369
     877        59.5369
     878        59.5369
     879        59.5369
     880        59.5369
     881        59.5369
     882        59.5369
     883        59.5369
     884        59.5369
     885        59.5369
     886        59.5369
     887        59.5369
     888        59.5369
     889        59.5369
     890        59.5369
     891        59.5369
     892        59.5369
     893        59.5369
     894        59.5369
     895        59.5369
     896        59.5369
     897        59.5369
     898        59.5369
     899        59.5369
     900        59.5369
     901        59.5369
     902        59.5369
     903        59.5369
     904        59.5369
     905        59.5369
     906        59.5369
     907        59.5369
     908        59.5369
     909        59.5369
     910        59.5369
     911        59.5369
     912        59.5369
     913        59.5369
     914        59.5369
     915        59.5369
     916        59.5369
     917        59.5369
     918        59.5369
     919        59.5369
     920        59.5369
     921        59.5369
     922        59.5369
     923        59.5369
     924        59.5369
     925        59.5369
     926        59.5369
     927        59.5369
     928        59.5369
     929        59.5369
     930        59.5369
     931        59.5369
     932        59.5369
     933        59.5369
     934        59.5369
     935        59.5369
     936        59.5369
     937        59.5369
     938        59.5369
     939        59.5369
     940        59.5369
     941        59.5369
     942        59.5369
     943        59.5369
     944        59.5369
     945        59.5369
     946        59.5369
     947        59.5369
     948        59.5369
     949        59.5369
     950        59.5369
     951        59.5369
     952        59.5369
     953        59.5369
     954        59.5369
     955        59.5369
     956        59.5369
     957        59.5369
     958        59.5369
     959        59.5369
     960        59.5369
     961        59.5369
     962        59.5369
     963        59.5369
     964        59.5369
     965        59.5369
     966        59.5369
     967        59.5369
     968        59.5369
     969        59.5369
     970        59.5369
     971        59.5369
     972        59.5369
     973        59.5369
     974        59.5369
     975        59.5369
     976        59.5369
     977        59.5369
     978        59.5369
     979        59.5369
     980        59.5369
     981        59.5369
     982        59.5369
     983        59.5369
     984        59.5369
     985        59.5369
     986        59.5369
     987        59.5369
     988        59.5369
     989        59.5369
     990        59.5369
     991        59.5369
     992        59.5369
     993        59.5369
     994        59.5369
     995        59.5369
     996        59.5369
     997        59.5369
     998        59.5369
     999        59.5369
    1000        59.5369
    1001        59.5369
    1002        59.5369
    1003        59.5369
    1004        59.5369
    1005        59.5369
    1006        59.5369
    1007        59.5369
    1008        59.5369
    1009        59.5369
    1010        59.5369
    1011        59.5369
    1012        59.5369
    1013        59.5369
    1014        59.5369
    1015        59.5369
    1016        59.5369
    1017        59.5369
    1018        59.5369
    1019        59.5369
    1020        59.5369
    1021        59.5369
    1022        59.5369
    1023        59.5369
    1024        59.5369
    1025        59.5369
    1026        59.5369
    1027        59.5369
    1028        59.5369
    1029        59.5369
    1030        59.5369
    1031        59.5369
    1032        59.5369
    1033        59.5369
    1034        59.5369
    1035        59.5369
    1036        59.5369
    1037        59.5369
    1038        59.5369
    1039        59.5369
    1040        59.5369
    1041        59.5369
    1042        59.5369
    1043        59.5369
    1044        59.5369
    1045        59.5369
    1046        59.5369
    1047        59.5369
    1048        59.5369
    1049        59.5369
    1050        59.5369
    1051        59.5369
    1052        59.5369
    1053        59.5369
    1054        59.5369
    1055        59.5369
    1056        59.5369
    1057        59.5369
    1058        59.5369
    1059        59.5369
    1060        59.5369
    1061        59.5369
    1062        59.5369
    1063        59.5369
    1064        59.5369
    1065        59.5369
    1066        59.5369
    1067        59.5369
    1068        59.5369
    1069        59.5369
    1070        59.5369
    1071        59.5369
    1072        59.5369
    1073        59.5369
    1074        59.5369
    1075        59.5369
    1076        59.5369
    1077        59.5369
    1078        59.5369
    1079        59.5369
    1080        59.5369
    1081        59.5369
    1082        59.5369
    1083        59.5369
    1084        59.5369
    1085        59.5369
    1086        59.5369
    1087        59.5369
    1088        59.5369
    1089        59.5369
    1090        59.5369
    1091        59.5369
    1092        59.5369
    1093        59.5369
    1094        59.5369
    1095        59.5369
    1096        59.5369
    1097        59.5369
    1098        59.5369
    1099        59.5369
    1100        59.5369
    1101        59.5369
    1102        59.5369
    1103        59.5369
    1104        59.5369
    1105        59.5369
    1106        59.5369
    1107        59.5369
    1108        59.5369
    1109        59.5369
    1110        59.5369
    1111        59.5369
    1112        59.5369
    1113        59.5369
    1114        59.5369
    1115        59.5369
    1116        59.5369
    1117        59.5369
    1118        59.5369
    1119        59.5369
    1120        59.5369
    1121        59.5369
    1122        59.5369
    1123        59.5369
    1124        59.5369
    1125        59.5369
    1126        59.5369
    1127        59.5369
    1128        59.5369
    1129        59.5369
    1130        59.5369
    1131        59.5369
    1132        59.5369
    1133        59.5369
    1134        59.5369
    1135        59.5369
    1136        59.5369
    1137        59.5369
    1138        59.5369
    1139        59.5369
    1140        59.5369
    1141        59.5369
    1142        59.5369
    1143        59.5369
    1144        59.5369
    1145        59.5369
    1146        59.5369
    1147        59.5369
    1148        59.5369
    1149        59.5369
    1150        59.5369
    1151        59.5369
    1152        59.5369
    1153        59.5369
    1154        59.5369
    1155        59.5369
    1156        59.5369
    1157        59.5369
    1158        59.5369
    1159        59.5369
    1160        59.5369
    1161        59.5369
    1162        59.5369
    1163        59.5369
    1164        59.5369
    1165        59.5369
    1166        59.5369
    1167        59.5369
    1168        59.5369
    1169        59.5369
    1170        59.5369
    1171        59.5369
    1172        59.5369
    1173        59.5369
    1174        59.5369
    1175        59.5369
    1176        59.5369
    1177        59.5369
    1178        59.5369
    1179        59.5369
    1180        59.5369
    1181        59.5369
    1182        59.5369
    1183        59.5369
    1184        59.5369
    1185        59.5369
    1186        59.5369
    1187        59.5369
    1188        59.5369
    1189        59.5369
    1190        59.5369
    1191        59.5369
    1192        59.5369
    1193        59.5369
    1194        59.5369
    1195        59.5369
    1196        59.5369
    1197        59.5369
    1198        59.5369
    1199        59.5369
    1200        59.5369
    1201        59.5369
    1202        59.5369
    1203        59.5369
    1204        59.5369
    1205        59.5369
    1206        59.5369
    1207        59.5369
    1208        59.5369
    1209        59.5369
    1210        59.5369
    1211        59.5369
    1212        59.5369
    1213        59.5369
    1214        59.5369
    1215        59.5369
    1216        59.5369
    1217        59.5369
    1218        59.5369
    1219        59.5369
    1220        59.5369
    1221        59.5369
    1222        59.5369
    1223        59.5369
    1224        59.5369
    1225        59.5369
    1226        59.5369
    1227        59.5369
    1228        59.5369
    1229        59.5369
    1230        59.5369
    1231        59.5369
    1232        59.5369
    1233        59.5369
    1234        59.5369
    1235        59.5369
    1236        59.5369
    1237        59.5369
    1238        59.5369
    1239        59.5369
    1240        59.5369
    1241        59.5369
    1242        59.5369
    1243        59.5369
    1244        59.5369
    1245        59.5369
    1246        59.5369
    1247        59.5369
    1248        59.5369
    1249        59.5369
    1250        59.5369
    1251        59.5369
    1252        59.5369
    1253        59.5369
    1254        59.5369
    1255        59.5369
    1256        59.5369
    1257        59.5369
    1258        59.5369
    1259        59.5369
    1260        59.5369
    1261        59.5369
    1262        59.5369
    1263        59.5369
    1264        59.5369
    1265        59.5369
    1266        59.5369
    1267        59.5369
    1268        59.5369
    1269        59.5369
    1270        59.5369
    1271        59.5369
    1272        59.5369
    1273        59.5369
    1274        59.5369
    1275        59.5369
    1276        59.5369
    1277        59.5369
    1278        59.5369
    1279        59.5369
    1280        59.5369
    1281        59.5369
    1282        59.5369
    1283        59.5369
    1284        59.5369
    1285        59.5369
    1286        59.5369
    1287        59.5369
    1288        59.5369
    1289        59.5369
    1290        59.5369
    1291        59.5369
    1292        59.5369
    1293        59.5369
    1294        59.5369
    1295        59.5369
    1296        59.5369
    1297        59.5369
    1298        59.5369
    1299        59.5369
    1300        59.5369
    1301        59.5369
    1302        59.5369
    1303        59.5369
    1304        59.5369
    1305        59.5369
    1306        59.5369
    1307        59.5369
    1308        59.5369
    1309        59.5369
    1310        59.5369
    1311        59.5369
    1312        59.5369
    1313        59.5369
    1314        59.5369
    1315        59.5369
    1316        59.5369
    1317        59.5369
    1318        59.5369
    1319        59.5369
    1320        59.5369
    1321        59.5369
    1322        59.5369
    1323        59.5369
    1324        59.5369
    1325        59.5369
    1326        59.5369
    1327        59.5369
    1328        59.5369
    1329        59.5369
    1330        59.5369
    1331        59.5369
    1332        59.5369
    1333        59.5369
    1334        59.5369
    1335        59.5369
    1336        59.5369
    1337        59.5369
    1338        59.5369
    1339        59.5369
    1340        59.5369
    1341        59.5369
    1342        59.5369
    1343        59.5369
    1344        59.5369
    1345        59.5369
    1346        59.5369
    1347        59.5369
    1348        59.5369
    1349        59.5369
    1350        59.5369
    1351        59.5369
    1352        59.5369
    1353        59.5369
    1354        59.5369
    1355        59.5369
    1356        59.5369
    1357        59.5369
    1358        59.5369
    1359        59.5369
    1360        59.5369
    1361        59.5369
    1362        59.5369
    1363        59.5369
    1364        59.5369
    1365        59.5369
    1366        59.5369
    1367        59.5369
    1368        59.5369
    1369        59.5369
    1370        59.5369
    1371        59.5369
    1372        59.5369
    1373        59.5369
    1374        59.5369
    1375        59.5369
    1376        59.5369
    1377        59.5369
    1378        59.5369
    1379        59.5369
    1380        59.5369
    1381        59.5369
    1382        59.5369
    1383        59.5369
    1384        59.5369
    1385        59.5369
    1386        59.5369
    1387        59.5369
    1388        59.5369
    1389        59.5369
    1390        59.5369
    1391        59.5369
    1392        59.5369
    1393        59.5369
    1394        59.5369
    1395        59.5369
    1396        59.5369
    1397        59.5369
    1398        59.5369
    1399        59.5369
    1400        59.5369
    1401        59.5369
    1402        59.5369
    1403        59.5369
    1404        59.5369
    1405        59.5369
    1406        59.5369
    1407        59.5369
    1408        59.5369
    1409        59.5369
    1410        59.5369
    1411        59.5369
    1412        59.5369
    1413        59.5369
    1414        59.5369
    1415        59.5369
    1416        59.5369
    1417        59.5369
    1418        59.5369
    1419        59.5369
    1420        59.5369
    1421        59.5369
    1422        59.5369
    1423        59.5369
    1424        59.5369
    1425        59.5369
    1426        59.5369
    1427        59.5369
    1428        59.5369
    1429        59.5369
    1430        59.5369
    1431        59.5369
    1432        59.5369
    1433        59.5369
    1434        59.5369
    1435        59.5369
    1436        59.5369
    1437        59.5369
    1438        59.5369
    1439        59.5369
    1440        59.5369
    1441        59.5369
    1442        59.5369
    1443        59.5369
    1444        59.5369
    1445        59.5369
    1446        59.5369
    1447        59.5369
    1448        59.5369
    1449        59.5369
    1450        59.5369
    1451        59.5369
    1452        59.5369
    1453        59.5369
    1454        59.5369
    1455        59.5369
    1456        59.5369
    1457        59.5369
    1458        59.5369
    1459        59.5369
    1460        59.5369
    1461        59.5369
    1462        59.5369
    1463        59.5369
    1464        59.5369
    1465        59.5369
    1466        59.5369
    1467        59.5369
    1468        59.5369
    1469        59.5369
    1470        59.5369
    1471        59.5369
    1472        59.5369
    1473        59.5369
    1474        59.5369
    1475        59.5369
    1476        59.5369
    1477        59.5369
    1478        59.5369
    1479        59.5369
    1480        59.5369
    1481        59.5369
    1482        59.5369
    1483        59.5369
    1484        59.5369
    1485        59.5369
    1486        59.5369
    1487        59.5369
    1488        59.5369
    1489        59.5369
    1490        59.5369
    1491        59.5369
    1492        59.5369
    1493        59.5369
    1494        59.5369
    1495        59.5369
    1496        59.5369
    1497        59.5369
    1498        59.5369
    1499        59.5369
    1500        59.5369
    1501        59.5369
    1502        59.5369
    1503        59.5369
    1504        59.5369
    1505        59.5369
    1506        59.5369
    1507        59.5369
    1508        59.5369
    1509        59.5369
    1510        59.5369
    1511        59.5369
    1512        59.5369
    1513        59.5369
    1514        59.5369
    1515        59.5369
    1516        59.5369
    1517        59.5369
    1518        59.5369
    1519        59.5369
    1520        59.5369
    1521        59.5369
    1522        59.5369
    1523        59.5369
    1524        59.5369
    1525        59.5369
    1526        59.5369
    1527        59.5369
    1528        59.5369
    1529        59.5369
    1530        59.5369
    1531        59.5369
    1532        59.5369
    1533        59.5369
    1534        59.5369
    1535        59.5369
    1536        59.5369
    1537        59.5369
    1538        59.5369
    1539        59.5369
    1540        59.5369
    1541        59.5369
    1542        59.5369
    1543        59.5369
    1544        59.5369
    1545        59.5369
    1546        59.5369
    1547        59.5369
    1548        59.5369
    1549        59.5369
    1550        59.5369
    1551        59.5369
    1552        59.5369
    1553        59.5369
    1554        59.5369
    1555        59.5369
    1556        59.5369
    1557        59.5369
    1558        59.5369
    1559        59.5369
    1560        59.5369
    1561        59.5369
    1562        59.5369
    1563        59.5369
    1564        59.5369
    1565        59.5369
    1566        59.5369
    1567        59.5369
    1568        59.5369
    1569        59.5369
    1570        59.5369
    1571        59.5369
    1572        59.5369
    1573        59.5369
    1574        59.5369
    1575        59.5369
    1576        59.5369
    1577        59.5369
    1578        59.5369
    1579        59.5369
    1580        59.5369
    1581        59.5369
    1582        59.5369
    1583        59.5369
    1584        59.5369
    1585        59.5369
    1586        59.5369
    1587        59.5369
    1588        59.5369
    1589        59.5369
    1590        59.5369
    1591        59.5369
    1592        59.5369
    1593        59.5369
    1594        59.5369
    1595        59.5369
    1596        59.5369
    1597        59.5369
    1598        59.5369
    1599        59.5369
    1600        59.5369
    1601        59.5369
    1602        59.5369
    1603        59.5369
    1604        59.5369
    1605        59.5369
    1606        59.5369
    1607        59.5369
    1608        59.5369
    1609        59.5369
    1610        59.5369
    1611        59.5369
    1612        59.5369
    1613        59.5369
    1614        59.5369
    1615        59.5369
    1616        59.5369
    1617        59.5369
    1618        59.5369
    1619        59.5369
    1620        59.5369
    1621        59.5369
    1622        59.5369
    1623        59.5369
    1624        59.5369
    1625        59.5369
    1626        59.5369
    1627        59.5369
    1628        59.5369
    1629        59.5369
    1630        59.5369
    1631        59.5369
    1632        59.5369
    1633        59.5369
    1634        59.5369
    1635        59.5369
    1636        59.5369
    1637        59.5369
    1638        59.5369
    1639        59.5369
    1640        59.5369
    1641        59.5369
    1642        59.5369
    1643        59.5369
    1644        59.5369
    1645        59.5369
    1646        59.5369
    1647        59.5369
    1648        59.5369
    1649        59.5369
    1650        59.5369
    1651        59.5369
    1652        59.5369
    1653        59.5369
    1654        59.5369
    1655        59.5369
    1656        59.5369
    1657        59.5369
    1658        59.5369
    1659        59.5369
    1660        59.5369
    1661        59.5369
    1662        59.5369
    1663        59.5369
    1664        59.5369
    1665        59.5369
    1666        59.5369
    1667        59.5369
    1668        59.5369
    1669        59.5369
    1670        59.5369
    1671        59.5369
    1672        59.5369
    1673        59.5369
    1674        59.5369
    1675        59.5369
    1676        59.5369
    1677        59.5369
    1678        59.5369
    1679        59.5369
    1680        59.5369
    1681        59.5369
    1682        59.5369
    1683        59.5369
    1684        59.5369
    1685        59.5369
    1686        59.5369
    1687        59.5369
    1688        59.5369
    1689        59.5369
    1690        59.5369
    1691        59.5369
    1692        59.5369
    1693        59.5369
    1694        59.5369
    1695        59.5369
    1696        59.5369
    1697        59.5369
    1698        59.5369
    1699        59.5369
    1700        59.5369
    1701        59.5369
    1702        59.5369
    1703        59.5369
    1704        59.5369
    1705        59.5369
    1706        59.5369
    1707        59.5369
    1708        59.5369
    1709        59.5369
    1710        59.5369
    1711        59.5369
    1712        59.5369
    1713        59.5369
    1714        59.5369
    1715        59.5369
    1716        59.5369
    1717        59.5369
    1718        59.5369
    1719        59.5369
    1720        59.5369
    1721        59.5369
    1722        59.5369
    1723        59.5369
    1724        59.5369
    1725        59.5369
    1726        59.5369
    1727        59.5369
    1728        59.5369
    1729        59.5369
    1730        59.5369
    1731        59.5369
    1732        59.5369
    1733        59.5369
    1734        59.5369
    1735        59.5369
    1736        59.5369
    1737        59.5369
    1738        59.5369
    1739        59.5369
    1740        59.5369
    1741        59.5369
    1742        59.5369
    1743        59.5369
    1744        59.5369
    1745        59.5369
    1746        59.5369
    1747        59.5369
    1748        59.5369
    1749        59.5369
    1750        59.5369
    1751        59.5369
    1752        59.5369
    1753        59.5369
    1754        59.5369
    1755        59.5369
    1756        59.5369
    1757        59.5369
    1758        59.5369
    1759        59.5369
    1760        59.5369
    1761        59.5369
    1762        59.5369
    1763        59.5369
    1764        59.5369
    1765        59.5369
    1766        59.5369
    1767        59.5369
    1768        59.5369
    1769        59.5369
    1770        59.5369
    1771        59.5369
    1772        59.5369
    1773        59.5369
    1774        59.5369
    1775        59.5369
    1776        59.5369
    1777        59.5369
    1778        59.5369
    1779        59.5369
    1780        59.5369
    1781        59.5369
    1782        59.5369
    1783        59.5369
    1784        59.5369
    1785        59.5369
    1786        59.5369
    1787        59.5369
    1788        59.5369
    1789        59.5369
    1790        59.5369
    1791        59.5369
    1792        59.5369
    1793        59.5369
    1794        59.5369
    1795        59.5369
    1796        59.5369
    1797        59.5369
    1798        59.5369
    1799        59.5369
    1800        59.5369
    1801        59.5369
    1802        59.5369
    1803        59.5369
    1804        59.5369
    1805        59.5369
    1806        59.5369
    1807        59.5369
    1808        59.5369
    1809        59.5369
    1810        59.5369
    1811        59.5369
    1812        59.5369
    1813        59.5369
    1814        59.5369
    1815        59.5369
    1816        59.5369
    1817        59.5369
    1818        59.5369
    1819        59.5369
    1820        59.5369
    1821        59.5369
    1822        59.5369
    1823        59.5369
    1824        59.5369
    1825        59.5369
    1826        59.5369
    1827        59.5369
    1828        59.5369
    1829        59.5369
    1830        59.5369
    1831        59.5369
    1832        59.5369
    1833        59.5369
    1834        59.5369
    1835        59.5369
    1836        59.5369
    1837        59.5369
    1838        59.5369
    1839        59.5369
    1840        59.5369
    1841        59.5369
    1842        59.5369
    1843        59.5369
    1844        59.5369
    1845        59.5369
    1846        59.5369
    1847        59.5369
    1848        59.5369
    1849        59.5369
    1850        59.5369
    1851        59.5369
    1852        59.5369
    1853        59.5369
    1854        59.5369
    1855        59.5369
    1856        59.5369
    1857        59.5369
    1858        59.5369
    1859        59.5369
    1860        59.5369
    1861        59.5369
    1862        59.5369
    1863        59.5369
    1864        59.5369
    1865        59.5369
    1866        59.5369
    1867        59.5369
    1868        59.5369
    1869        59.5369
    1870        59.5369
    1871        59.5369
    1872        59.5369
    1873        59.5369
    1874        59.5369
    1875        59.5369
    1876        59.5369
    1877        59.5369
    1878        59.5369
    1879        59.5369
    1880        59.5369
    1881        59.5369
    1882        59.5369
    1883        59.5369
    1884        59.5369
    1885        59.5369
    1886        59.5369
    1887        59.5369
    1888        59.5369
    1889        59.5369
    1890        59.5369
    1891        59.5369
    1892        59.5369
    1893        59.5369
    1894        59.5369
    1895        59.5369
    1896        59.5369
    1897        59.5369
    1898        59.5369
    1899        59.5369
    1900        59.5369
    1901        59.5369
    1902        59.5369
    1903        59.5369
    1904        59.5369
    1905        59.5369
    1906        59.5369
    1907        59.5369
    1908        59.5369
    1909        59.5369
    1910        59.5369
    1911        59.5369
    1912        59.5369
    1913        59.5369
    1914        59.5369
    1915        59.5369
    1916        59.5369
    1917        59.5369
    1918        59.5369
    1919        59.5369
    1920        59.5369
    1921        59.5369
    1922        59.5369
    1923        59.5369
    1924        59.5369
    1925        59.5369
    1926        59.5369
    1927        59.5369
    1928        59.5369
    1929        59.5369
    1930        59.5369
    1931        59.5369
    1932        59.5369
    1933        59.5369
    1934        59.5369
    1935        59.5369
    1936        59.5369
    1937        59.5369
    1938        59.5369
    1939        59.5369
    1940        59.5369
    1941        59.5369
    1942        59.5369
    1943        59.5369
    1944        59.5369
    1945        59.5369
    1946        59.5369
    1947        59.5369
    1948        59.5369
    1949        59.5369
    1950        59.5369
    1951        59.5369
    1952        59.5369
    1953        59.5369
    1954        59.5369
    1955        59.5369
    1956        59.5369
    1957        59.5369
    1958        59.5369
    1959        59.5369
    1960        59.5369
    1961        59.5369
    1962        59.5369
    1963        59.5369
    1964        59.5369
    1965        59.5369
    1966        59.5369
    1967        59.5369
    1968        59.5369
    1969        59.5369
    1970        59.5369
    1971        59.5369
    1972        59.5369
    1973        59.5369
    1974        59.5369
    1975        59.5369
    1976        59.5369
    1977        59.5369
    1978        59.5369
    1979        59.5369
    1980        59.5369
    1981        59.5369
    1982        59.5369
    1983        59.5369
    1984        59.5369
    1985        59.5369
    1986        59.5369
    1987        59.5369
    1988        59.5369
    1989        59.5369
    1990        59.5369
    1991        59.5369
    1992        59.5369
    1993        59.5369
    1994        59.5369
    1995        59.5369
    1996        59.5369
    1997        59.5369
    1998        59.5369
    1999        59.5369
