      GENE
       0
      19
      77
      90
      79
      24
      29
      46
      17
      92
       8
       9
      35
       7
      11
      20
      42
      25
      70
      44
      81
      93
       5
      32
      51
       2
      69
      82
      36
      78
      33
      14
      57
      80
      66
      52
     106
     108
      64
      84
     103
      99
     101
     100
      39
      74
      10
      15
      98
      16
      91
      12
      47
      26
     102
     104
      13
       3
      95
      30
      41
      88
       6
       1
     105
      60
      56
      58
      49
      28
      71
      67
      38
      43
      53
      50
      76
      34
      73
      72
      48
      87
      63
      86
      21
      18
      96
      61
      62
      40
      89
       4
      68
      94
     109
      83
      45
      37
      22
      59
      85
      75
      54
      27
     107
      55
      23
      31
      65
      97
