     ACCEPTANCE:
      0.73267
      0.73529
      0.73786
      0.74038
      0.74286
      0.74528
      0.74766
         0.75
      0.74312
      0.74545
      0.74775
         0.75
      0.75221
      0.75439
      0.75652
         0.75
      0.75214
      0.75424
       0.7479
      0.74167
       0.7438
       0.7459
      0.74797
         0.75
        0.744
       0.7381
      0.73228
      0.73438
      0.73643
      0.73846
      0.74046
      0.74242
      0.74436
      0.74627
      0.74815
         0.75
      0.75182
      0.75362
       0.7554
         0.75
      0.74468
      0.73944
      0.74126
      0.73611
      0.73793
      0.73288
      0.73469
      0.73649
      0.73826
         0.74
       0.7351
      0.73026
      0.73203
      0.73377
      0.73548
      0.73718
      0.73248
      0.73418
      0.73585
       0.7375
      0.73913
      0.74074
      0.74233
       0.7439
      0.74545
      0.74096
      0.74251
      0.74405
      0.73964
      0.74118
      0.74269
      0.73837
      0.73988
      0.74138
      0.74286
      0.74432
      0.74576
      0.74719
      0.74302
      0.74444
      0.74033
      0.73626
      0.73224
       0.7337
      0.73514
      0.73118
      0.73262
      0.73404
      0.73545
      0.73684
      0.73298
      0.72917
      0.72539
       0.7268
      0.72308
      0.72449
      0.72589
      0.72727
      0.72864
         0.73
      0.73134
      0.73267
      0.73399
      0.73529
      0.73659
      0.73786
      0.73913
      0.74038
      0.74163
       0.7381
       0.7346
      0.73113
      0.73239
      0.72897
      0.72558
      0.72685
       0.7235
      0.72477
      0.72146
      0.71818
      0.71946
      0.72072
      0.71749
      0.71429
      0.71111
      0.71239
      0.71366
      0.71491
      0.71616
      0.71739
      0.71429
      0.71121
      0.70815
       0.7094
      0.71064
      0.71186
      0.71308
      0.71429
      0.71548
       0.7125
      0.71369
      0.71488
      0.71605
      0.71721
      0.71837
      0.71951
       0.7166
      0.71774
      0.71888
        0.716
      0.71713
      0.71825
      0.71542
       0.7126
      0.71373
      0.71484
      0.71206
      0.71318
      0.71042
      0.70769
      0.70881
      0.70611
      0.70722
      0.70455
      0.70189
      0.70301
      0.70037
      0.69776
      0.69888
       0.6963
      0.69742
      0.69853
      0.69597
      0.69708
      0.69818
      0.69565
      0.69314
      0.69424
      0.69176
      0.69286
      0.69395
      0.69504
      0.69258
      0.69366
      0.69474
      0.69231
       0.6899
       0.6875
      0.68858
      0.68966
      0.69072
      0.69178
      0.68942
      0.68707
      0.68814
      0.68919
      0.69024
      0.69128
      0.69231
      0.69333
      0.69103
      0.69205
      0.69307
      0.69079
       0.6918
      0.69281
      0.69381
      0.69156
      0.68932
       0.6871
      0.68489
      0.68269
      0.68371
      0.68153
      0.68254
      0.68354
      0.68139
      0.67925
      0.68025
      0.68125
      0.68224
      0.68323
      0.68421
       0.6821
      0.68308
      0.68405
      0.68196
      0.68293
      0.68389
      0.68182
      0.68278
      0.68373
      0.68168
      0.67964
       0.6806
      0.67857
      0.67656
      0.67456
      0.67257
      0.67353
      0.67449
      0.67251
      0.67055
       0.6686
      0.66957
      0.66763
      0.66571
      0.66379
      0.66189
      0.66286
      0.66097
      0.66193
      0.66006
      0.66102
      0.66197
      0.66292
      0.66387
       0.6648
      0.66574
      0.66667
      0.66759
      0.66851
      0.66942
      0.66758
      0.66849
      0.66667
      0.66485
      0.66576
      0.66667
      0.66486
      0.66577
      0.66398
       0.6622
      0.66043
      0.66133
      0.66223
      0.66313
      0.66402
      0.66227
      0.66053
      0.65879
      0.65969
      0.66057
      0.65885
      0.65974
      0.65803
      0.65891
      0.65979
      0.66067
      0.65897
      0.65985
      0.66071
      0.65903
      0.65736
       0.6557
      0.65657
      0.65491
      0.65327
      0.65163
         0.65
      0.65087
      0.64925
      0.65012
      0.65099
      0.65185
      0.65271
      0.65356
      0.65441
      0.65526
       0.6561
      0.65693
      0.65777
       0.6586
      0.65942
      0.65783
      0.65865
      0.65947
      0.66029
      0.65871
      0.65952
      0.66033
      0.65877
      0.65957
      0.65802
      0.65882
      0.65728
      0.65808
      0.65654
      0.65734
      0.65814
      0.65661
      0.65509
      0.65589
      0.65668
      0.65517
      0.65596
      0.65446
      0.65525
      0.65376
      0.65227
      0.65079
      0.64932
      0.65011
       0.6509
      0.65169
      0.65247
      0.65324
      0.65402
      0.65479
      0.65333
       0.6541
      0.65487
      0.65563
      0.65419
      0.65275
      0.65351
      0.65427
      0.65284
      0.65142
         0.65
      0.65076
      0.64935
      0.65011
      0.64871
      0.64946
      0.65021
      0.64882
      0.64957
      0.65032
      0.65106
       0.6518
      0.65254
      0.65328
      0.65401
      0.65474
      0.65336
      0.65199
      0.65272
      0.65344
      0.65208
      0.65281
      0.65353
      0.65424
      0.65496
      0.65567
      0.65638
      0.65708
      0.65779
      0.65644
      0.65714
      0.65784
      0.65854
       0.6572
      0.65789
      0.65859
      0.65927
      0.65996
      0.66064
      0.66132
        0.662
      0.66068
      0.66135
      0.66004
      0.66071
      0.65941
       0.6581
      0.65878
      0.65945
      0.66012
      0.66078
      0.65949
       0.6582
      0.65692
      0.65564
      0.65437
       0.6531
      0.65377
      0.65251
      0.65125
         0.65
      0.64875
      0.64751
      0.64818
      0.64695
      0.64571
      0.64639
      0.64706
      0.64583
       0.6465
      0.64717
      0.64783
      0.64662
       0.6454
      0.64607
      0.64673
      0.64739
      0.64618
      0.64684
      0.64564
       0.6463
       0.6451
      0.64576
      0.64641
      0.64706
      0.64771
      0.64652
      0.64717
      0.64781
      0.64845
      0.64909
      0.64973
      0.65036
      0.65099
      0.64982
      0.64865
      0.64928
      0.64811
      0.64875
      0.64937
      0.64821
      0.64706
      0.64591
      0.64654
      0.64716
      0.64779
      0.64841
      0.64727
      0.64789
      0.64851
      0.64912
      0.64799
      0.64685
      0.64747
      0.64808
       0.6487
      0.64757
      0.64818
      0.64879
      0.64767
      0.64828
      0.64716
      0.64605
      0.64666
      0.64726
      0.64786
      0.64846
      0.64906
      0.64966
      0.64856
      0.64915
      0.64975
      0.65034
      0.64924
      0.64983
      0.65042
      0.65101
      0.64992
      0.64883
      0.64942
      0.64833
      0.64892
       0.6495
      0.64842
      0.64901
      0.64793
      0.64686
       0.6458
      0.64638
      0.64532
      0.64426
      0.64321
      0.64216
      0.64274
      0.64169
      0.64065
      0.63961
      0.64019
      0.63916
      0.63813
      0.63871
      0.63929
      0.63987
      0.63884
      0.63942
       0.6384
      0.63738
      0.63796
      0.63854
      0.63752
       0.6381
      0.63867
      0.63766
      0.63665
      0.63565
      0.63622
      0.63522
      0.63422
      0.63323
      0.63224
      0.63281
      0.63183
      0.63084
      0.63142
      0.63043
      0.63101
      0.63158
      0.63215
      0.63117
      0.63174
      0.63077
      0.63134
       0.6319
      0.63247
      0.63303
      0.63359
      0.63415
      0.63318
      0.63222
      0.63278
      0.63333
      0.63389
      0.63444
      0.63499
      0.63404
      0.63308
      0.63363
      0.63268
      0.63323
      0.63229
      0.63284
      0.63189
      0.63244
      0.63299
      0.63205
      0.63259
      0.63166
      0.63072
      0.63127
      0.63181
      0.63088
      0.62996
       0.6305
      0.62958
      0.62865
       0.6292
      0.62828
      0.62882
      0.62791
      0.62845
      0.62754
      0.62663
      0.62572
      0.62626
       0.6268
      0.62734
      0.62787
      0.62841
      0.62751
      0.62804
      0.62714
      0.62767
      0.62678
      0.62589
      0.62642
      0.62553
      0.62606
      0.62659
      0.62712
      0.62764
      0.62817
      0.62869
      0.62781
      0.62833
      0.62885
      0.62937
      0.62989
       0.6304
      0.63092
      0.63004
      0.63056
      0.62968
      0.63019
      0.62932
      0.62983
      0.63034
      0.63085
      0.63136
      0.63049
      0.62963
      0.63014
      0.63064
      0.62978
      0.63029
      0.63079
      0.63129
      0.63179
      0.63229
      0.63279
      0.63329
      0.63378
      0.63428
      0.63477
      0.63526
      0.63575
      0.63624
      0.63673
      0.63722
       0.6377
      0.63818
      0.63867
      0.63915
       0.6383
      0.63878
      0.63926
      0.63974
      0.63889
      0.63804
       0.6372
      0.63768
      0.63684
      0.63601
      0.63517
      0.63434
      0.63351
      0.63268
      0.63185
      0.63233
      0.63281
      0.63199
      0.63247
      0.63294
      0.63342
      0.63389
      0.63437
      0.63484
      0.63402
      0.63449
      0.63368
      0.63415
      0.63333
       0.6338
      0.63299
      0.63346
      0.63393
      0.63439
      0.63486
      0.63532
      0.63579
      0.63625
      0.63671
      0.63717
      0.63763
      0.63808
      0.63854
      0.63774
      0.63693
      0.63739
      0.63784
       0.6383
      0.63875
       0.6392
      0.63965
      0.63885
      0.63806
      0.63851
      0.63896
      0.63817
      0.63861
      0.63906
      0.63951
      0.63995
      0.63916
      0.63961
      0.64005
      0.64049
      0.64093
      0.64137
      0.64181
      0.64103
      0.64146
       0.6419
      0.64234
      0.64277
       0.6432
      0.64242
      0.64286
      0.64329
      0.64251
      0.64294
      0.64337
       0.6438
      0.64423
      0.64346
      0.64388
      0.64431
      0.64354
      0.64397
      0.64439
      0.64362
      0.64405
      0.64447
      0.64489
      0.64531
      0.64573
      0.64497
      0.64539
      0.64581
      0.64623
      0.64664
      0.64706
      0.64747
      0.64789
      0.64713
      0.64754
      0.64795
      0.64836
      0.64877
      0.64802
      0.64843
      0.64884
      0.64925
      0.64965
       0.6489
      0.64815
      0.64855
      0.64781
      0.64706
      0.64747
      0.64787
      0.64713
      0.64753
      0.64679
      0.64719
       0.6476
      0.64686
      0.64612
      0.64538
      0.64579
      0.64505
      0.64432
      0.64359
      0.64399
      0.64439
       0.6448
       0.6452
      0.64447
      0.64487
      0.64414
      0.64454
      0.64494
      0.64422
       0.6435
       0.6439
       0.6443
      0.64469
      0.64397
      0.64437
      0.64477
      0.64405
      0.64333
      0.64262
      0.64302
       0.6423
       0.6427
      0.64309
      0.64349
      0.64388
      0.64317
      0.64246
      0.64286
      0.64325
      0.64364
      0.64403
      0.64442
      0.64481
       0.6452
      0.64449
      0.64379
      0.64418
      0.64457
      0.64495
      0.64425
      0.64464
      0.64394
      0.64324
      0.64255
      0.64293
      0.64332
      0.64263
      0.64301
      0.64339
       0.6427
      0.64309
      0.64347
      0.64385
      0.64423
      0.64354
      0.64286
      0.64324
      0.64362
        0.644
      0.64437
      0.64369
      0.64407
      0.64339
      0.64376
      0.64414
      0.64346
      0.64384
      0.64421
      0.64458
      0.64496
      0.64428
      0.64465
      0.64503
      0.64435
      0.64472
      0.64509
      0.64546
      0.64479
      0.64516
      0.64553
       0.6459
      0.64627
      0.64663
        0.647
      0.64736
      0.64669
      0.64603
      0.64639
      0.64573
      0.64609
      0.64645
      0.64682
      0.64718
      0.64754
       0.6479
      0.64826
       0.6476
      0.64796
      0.64832
      0.64766
      0.64802
      0.64837
      0.64873
      0.64909
      0.64944
       0.6498
      0.65015
      0.64949
      0.64985
      0.64919
      0.64955
       0.6499
      0.64925
       0.6496
      0.64995
       0.6493
      0.64865
        0.649
      0.64835
       0.6487
      0.64905
       0.6494
      0.64876
      0.64811
      0.64747
      0.64683
      0.64718
      0.64653
      0.64688
      0.64723
      0.64758
      0.64793
      0.64828
      0.64862
      0.64897
      0.64931
      0.64966
         0.65
      0.65034
      0.65068
      0.65005
      0.65039
      0.64976
       0.6501
      0.65044
      0.65078
      0.65112
      0.65146
      0.65179
      0.65213
      0.65247
       0.6528
      0.65314
      0.65251
      0.65188
      0.65125
      0.65159
      0.65096
       0.6513
      0.65067
      0.65101
      0.65134
      0.65072
      0.65105
      0.65138
      0.65172
       0.6511
      0.65143
      0.65081
      0.65019
      0.65052
      0.65085
      0.65024
      0.64962
      0.64995
      0.65028
      0.65061
      0.65094
      0.65127
       0.6516
      0.65099
      0.65132
      0.65164
      0.65197
      0.65136
      0.65169
      0.65201
       0.6514
      0.65079
      0.65019
      0.65051
      0.65084
      0.65116
      0.65149
      0.65181
      0.65213
      0.65246
      0.65185
      0.65217
       0.6525
      0.65282
      0.65221
      0.65253
      0.65193
      0.65225
      0.65257
      0.65289
      0.65321
      0.65353
      0.65385
      0.65325
      0.65356
      0.65297
      0.65237
      0.65269
      0.65301
      0.65332
      0.65273
