     MU:      SIGMA:     E_MEASURED:    ERROR:
     -0.9211     0.71638    -0.29908   0.0092516
    -0.81999      1.0149     0.19159    0.027844
    -0.64993      1.0552  -0.0048629    0.017444
    -0.71695     0.85697     -0.2492    0.010218
    -0.49191     0.74275    -0.25464   0.0039655
    -0.36385     0.97237    -0.24814   0.0082051
    -0.25934     0.94607    -0.25045   0.0060812
  -0.0085602      1.0271    -0.26067   0.0070929
  -0.0085602      1.0271    -0.26067   0.0070929
    0.091108     0.81082    -0.12601   0.0056108
    -0.18324      1.0903    -0.20645     0.01276
   -0.097881      1.2766    0.088421    0.026707
    -0.23832      1.1275    -0.17339    0.013406
    -0.18207     0.88824    -0.22147   0.0052398
    -0.39065     0.77452    -0.20154   0.0045479
    -0.39065     0.77452    -0.20154   0.0045479
    -0.33987      1.0149    -0.23075    0.011397
   -0.070345     0.97327    -0.25003   0.0064697
   -0.070345     0.97327    -0.25003   0.0064697
   -0.070345     0.97327    -0.25003   0.0064697
    -0.20241      1.0203    -0.24643   0.0080743
    0.067635      1.0265    -0.24293    0.010313
   -0.032456      1.1414    -0.13356       0.019
     0.17624      1.2557    0.086633     0.02439
     0.17624      1.2557    0.086633     0.02439
     0.17624      1.2557    0.086633     0.02439
     0.17624      1.2557    0.086633     0.02439
     0.44689      1.0712    -0.14981    0.014402
     0.20906      1.2347     0.11561    0.028829
   -0.032755      1.3665     0.41478    0.040812
   -0.026691      1.2962     0.22935    0.034148
     0.22381      1.1375    -0.12428    0.020282
     0.13043      1.0626     -0.2236    0.010261
     0.42198     0.90684     -0.2616    0.005603
     0.66618     0.71691    -0.36345     0.00433
     0.42387     0.99494    -0.21969    0.012438
     0.62715      1.0333   -0.054572    0.020521
     0.53878      1.1451    0.072634    0.024894
     0.64252      1.0541    0.012835    0.027199
     0.64252      1.0541    0.012835    0.027199
     0.64252      1.0541    0.012835    0.027199
     0.64252      1.0541    0.012835    0.027199
     0.50412     0.82313    -0.27567   0.0054125
     0.50412     0.82313    -0.27567   0.0054125
     0.53882     0.60554     -0.2347   0.0038512
     0.53882     0.60554     -0.2347   0.0038512
     0.45655     0.75958    -0.24328   0.0042041
     0.31604     0.85921    -0.22989   0.0049823
     0.39885     0.70659    -0.14693   0.0048934
      0.5637     0.70274    -0.29851   0.0036164
      0.5637     0.70274    -0.29851   0.0036164
      0.5637     0.70274    -0.29851   0.0036164
     0.64504     0.63768    -0.36839   0.0020967
     0.52895     0.92368    -0.25162   0.0092978
     0.53724      0.9824    -0.20816    0.011113
     0.33227     0.75277    -0.13944   0.0059594
     0.33227     0.75277    -0.13944   0.0059594
      0.5823     0.74972    -0.31519   0.0036243
     0.69538     0.52967    -0.34704   0.0044698
     0.55579     0.60634    -0.25839   0.0037597
     0.63393     0.60897    -0.35063   0.0030243
     0.83292      0.7723    -0.28706    0.010566
     0.84999     0.91085    -0.02399    0.020421
      0.8834     0.67198    -0.39211   0.0056717
     0.68179     0.75857     -0.3517   0.0047825
     0.68179     0.75857     -0.3517   0.0047825
     0.52372     0.59276    -0.19944   0.0039657
     0.44877     0.76519    -0.23392   0.0047108
     0.44877     0.76519    -0.23392   0.0047108
     0.47561     0.71261    -0.22503   0.0042816
      0.4109     0.90507    -0.25019   0.0083472
      0.4109     0.90507    -0.25019   0.0083472
     0.58057     0.80848    -0.30829   0.0057955
     0.42407     0.90647    -0.26854   0.0061938
     0.48713     0.88324    -0.27001   0.0062381
     0.66075     0.62891    -0.37939   0.0025173
     0.70863     0.71581    -0.38385   0.0046103
      0.5823     0.50162     -0.2059   0.0058275
      0.5823     0.50162     -0.2059   0.0058275
     0.82722     0.41074     0.20985    0.013731
     0.82722     0.41074     0.20985    0.013731
     0.82722     0.41074     0.20985    0.013731
     0.82722     0.41074     0.20985    0.013731
     0.99971     0.45304    0.026375    0.007606
     0.73837     0.72216    -0.38539   0.0048594
     0.73837     0.72216    -0.38539   0.0048594
     0.57893     0.80806    -0.30283   0.0057891
     0.61371     0.72346    -0.33934   0.0034744
     0.69226     0.46889    -0.18937   0.0082351
     0.65447     0.49014    -0.24186   0.0063404
     0.65447     0.49014    -0.24186   0.0063404
     0.65447     0.49014    -0.24186   0.0063404
     0.65447     0.49014    -0.24186   0.0063404
     0.35788     0.55696     0.12078   0.0071616
     0.35788     0.55696     0.12078   0.0071616
     0.13322     0.73433   -0.006745   0.0075286
     0.17737     0.74863   -0.074159   0.0060598
     0.30805     0.75539    -0.12544   0.0049901
     0.46148     0.93362     -0.2556   0.0086044
     0.59115      0.8605    -0.27397   0.0078888
     0.42769      1.1556    0.030066      0.0273
     0.52983     0.96152    -0.21307     0.01183
     0.63527     0.82514    -0.31422   0.0058659
     0.62695     0.78265    -0.32256   0.0052448
      0.8792      0.9273    0.097311    0.023418
     0.78493     0.87016    -0.19255    0.012922
     0.85131      0.8977   -0.038014    0.022163
     0.72149     0.78119     -0.3326    0.007986
     0.82326     0.57301    -0.42535   0.0029283
     0.82326     0.57301    -0.42535   0.0029283
     0.82326     0.57301    -0.42535   0.0029283
     0.82326     0.57301    -0.42535   0.0029283
     0.83151     0.56819    -0.41854   0.0032381
     0.83151     0.56819    -0.41854   0.0032381
     0.83151     0.56819    -0.41854   0.0032381
     0.77693     0.60046    -0.43969   0.0024139
     0.77693     0.60046    -0.43969   0.0024139
     0.90914     0.64298    -0.38918   0.0050554
     0.90914     0.64298    -0.38918   0.0050554
     0.90914     0.64298    -0.38918   0.0050554
     0.99855     0.83448     0.12373    0.021092
      1.0393     0.72188   -0.038848    0.015187
      1.0393     0.72188   -0.038848    0.015187
      1.0393     0.72188   -0.038848    0.015187
      1.0393     0.72188   -0.038848    0.015187
     0.74835     0.84595    -0.26224   0.0099548
     0.54843     0.71231    -0.28419   0.0036884
     0.37831     0.88099    -0.24904   0.0068061
     0.54989      1.0307    -0.12422    0.020005
      0.2925     0.90889    -0.25299   0.0045637
      0.2925     0.90889    -0.25299   0.0045637
      0.2925     0.90889    -0.25299   0.0045637
      0.2925     0.90889    -0.25299   0.0045637
     0.32541     0.97705    -0.25116   0.0077031
     0.51283      0.7426    -0.27519   0.0037976
     0.71402     0.99191   -0.025373    0.022633
       0.606     0.75626    -0.33137   0.0044039
     0.58636     0.97383     -0.1973    0.013957
     0.52412     0.81772    -0.28179   0.0056604
     0.52412     0.81772    -0.28179   0.0056604
     0.39575     0.58415   0.0046057   0.0061683
     0.22003     0.58917     0.26479   0.0083245
     0.40964     0.69923    -0.14451   0.0055381
     0.53736     0.81943    -0.28997   0.0059799
     0.65312     0.57384    -0.35599   0.0029812
     0.91608     0.58841    -0.38545   0.0032417
     0.91608     0.58841    -0.38545   0.0032417
      1.0199     0.48189   -0.061406   0.0053394
     0.74785     0.44738   -0.077977    0.010397
     0.74785     0.44738   -0.077977    0.010397
     0.93985     0.67261    -0.31411   0.0077137
      1.0909     0.81315      0.4068    0.027382
      1.0909     0.81315      0.4068    0.027382
      1.0909     0.81315      0.4068    0.027382
      1.2419     0.64354     0.54078    0.015133
     0.98059     0.36672     0.62258    0.018526
     0.98059     0.36672     0.62258    0.018526
     0.96837     0.38283     0.45455    0.014036
     0.96837     0.38283     0.45455    0.014036
     0.96837     0.38283     0.45455    0.014036
      0.7155     0.61256     -0.4165   0.0020294
      0.7155     0.61256     -0.4165   0.0020294
      0.5127     0.57608    -0.17676   0.0048232
      0.5127     0.57608    -0.17676   0.0048232
      0.5127     0.57608    -0.17676   0.0048232
     0.74275     0.69564    -0.40522   0.0034196
     0.74275     0.69564    -0.40522   0.0034196
     0.74275     0.69564    -0.40522   0.0034196
     0.59947     0.80896    -0.30829   0.0063026
     0.59947     0.80896    -0.30829   0.0063026
     0.67732     0.70428    -0.37631   0.0029867
     0.91447     0.81017    -0.12563     0.01439
     0.91447     0.81017    -0.12563     0.01439
     0.76624      0.6958    -0.41122   0.0039595
     0.87377     0.85428    -0.10348    0.015779
     0.87377     0.85428    -0.10348    0.015779
     0.87377     0.85428    -0.10348    0.015779
     0.98674     0.83824      0.1447    0.023591
     0.98674     0.83824      0.1447    0.023591
      0.7929      1.0548     0.30942     0.03398
     0.69066      1.0456    0.033775     0.02283
      0.4311      1.0901    -0.12599    0.016374
      0.4311      1.0901    -0.12599    0.016374
     0.55421     0.94342    -0.22806   0.0099011
     0.72802     0.75045    -0.37045   0.0059402
     0.72802     0.75045    -0.37045   0.0059402
     0.72802     0.75045    -0.37045   0.0059402
     0.72802     0.75045    -0.37045   0.0059402
     0.81032     0.70908    -0.38938   0.0067315
     0.66428     0.85211    -0.27791   0.0099672
     0.46981     0.85087    -0.26804   0.0078152
     0.55154      1.0878     -0.0501    0.018402
     0.55154      1.0878     -0.0501    0.018402
     0.55154      1.0878     -0.0501    0.018402
     0.76007       1.142      0.4535    0.041308
       0.828      1.0453     0.26159    0.026803
     0.56783      1.0862    0.034372    0.027277
     0.49111     0.95687    -0.23959    0.011437
     0.22782     0.95998    -0.24643   0.0074191
      0.0115      1.2105   -0.059445    0.018687
      0.0115      1.2105   -0.059445    0.018687
     0.19035       1.053    -0.23876   0.0091806
   0.0058555     0.95545    -0.24179   0.0059411
   0.0058555     0.95545    -0.24179   0.0059411
    0.022233       1.023    -0.25246   0.0079332
     0.19261     0.93654    -0.22758    0.006723
    -0.04328      1.1209    -0.15977    0.018697
    -0.04328      1.1209    -0.15977    0.018697
    -0.04328      1.1209    -0.15977    0.018697
    -0.04328      1.1209    -0.15977    0.018697
    -0.04328      1.1209    -0.15977    0.018697
    -0.04328      1.1209    -0.15977    0.018697
   -0.010634      1.3404     0.28926    0.032681
   -0.010634      1.3404     0.28926    0.032681
    0.034568      1.2625     0.09287     0.03508
    0.049286      1.0679    -0.22905    0.011204
    0.049286      1.0679    -0.22905    0.011204
    0.049286      1.0679    -0.22905    0.011204
      0.2129       1.029    -0.23966   0.0078895
   -0.018748     0.96833     -0.2539   0.0049372
     0.23288     0.72388   -0.042113    0.006764
     0.51056     0.64418      -0.221   0.0047451
     0.62539     0.46658    -0.17343   0.0075307
     0.62539     0.46658    -0.17343   0.0075307
     0.79867     0.55628    -0.41707   0.0033684
     0.81858     0.61476    -0.43966   0.0027806
     0.81858     0.61476    -0.43966   0.0027806
     0.94485     0.53306    -0.28548   0.0039046
     0.87744     0.47308    -0.14232    0.007568
     0.87744     0.47308    -0.14232    0.007568
        1.02     0.77137    0.016441    0.015212
      0.8375     0.57495    -0.42223   0.0029948
      0.8375     0.57495    -0.42223   0.0029948
      0.8375     0.57495    -0.42223   0.0029948
     0.82808     0.67081    -0.42293   0.0039209
     0.82808     0.67081    -0.42293   0.0039209
     0.82808     0.67081    -0.42293   0.0039209
     0.82808     0.67081    -0.42293   0.0039209
     0.82808     0.67081    -0.42293   0.0039209
     0.71423     0.76065    -0.35948   0.0061791
     0.54963     0.75902    -0.30156   0.0036275
     0.54963     0.75902    -0.30156   0.0036275
     0.54963     0.75902    -0.30156   0.0036275
     0.54963     0.75902    -0.30156   0.0036275
     0.73506     0.47837    -0.24848   0.0081506
     0.73506     0.47837    -0.24848   0.0081506
     0.73506     0.47837    -0.24848   0.0081506
     0.73506     0.47837    -0.24848   0.0081506
     0.73506     0.47837    -0.24848   0.0081506
     0.48416     0.68382    -0.21814   0.0047138
     0.48416     0.68382    -0.21814   0.0047138
     0.53728     0.67346    -0.26649   0.0039842
     0.53728     0.67346    -0.26649   0.0039842
     0.23965     0.92516    -0.23923   0.0062476
   -0.030352       0.704    0.061471   0.0066655
     0.16105     0.50245     0.61687    0.011041
    -0.13874     0.62176     0.23999   0.0089094
    -0.16642     0.44316       0.855    0.013572
    0.036186      0.5563     0.48286    0.011652
     -0.1961     0.80444    -0.13209   0.0050168
    -0.12858     0.74106   -0.021285     0.00648
     -0.3147      0.9876    -0.24739   0.0081086
    -0.40423     0.88633    -0.26131   0.0070801
    -0.40423     0.88633    -0.26131   0.0070801
    -0.61082     0.68658     -0.3451   0.0033848
    -0.61082     0.68658     -0.3451   0.0033848
    -0.61082     0.68658     -0.3451   0.0033848
    -0.85223     0.50333    -0.27915   0.0052803
    -0.59658     0.43114   -0.014462   0.0083132
    -0.59658     0.43114   -0.014462   0.0083132
    -0.44083     0.40541     0.20699   0.0092318
    -0.44083     0.40541     0.20699   0.0092318
    -0.44083     0.40541     0.20699   0.0092318
    -0.44083     0.40541     0.20699   0.0092318
    -0.60489     0.35144     0.67253    0.016353
    -0.65425     0.60076     -0.3739   0.0029955
    -0.42038      0.8589    -0.25958   0.0062478
    -0.35051      1.0056    -0.23166   0.0091661
    -0.35051      1.0056    -0.23166   0.0091661
    -0.35051      1.0056    -0.23166   0.0091661
    -0.35051      1.0056    -0.23166   0.0091661
    -0.25593      1.0741    -0.20801     0.01378
    -0.28083      1.1829   -0.027679     0.02202
    -0.28083      1.1829   -0.027679     0.02202
   -0.016732      1.1432    -0.17484    0.014801
   -0.016732      1.1432    -0.17484    0.014801
    -0.28538      1.0961    -0.18522    0.013136
    -0.22039       1.225    0.020881     0.02249
    -0.11148      0.9456    -0.24765   0.0058761
    -0.11148      0.9456    -0.24765   0.0058761
     0.11826      0.7162    0.028478   0.0072516
     0.41357     0.98325    -0.24786   0.0082152
     0.41357     0.98325    -0.24786   0.0082152
     0.41357     0.98325    -0.24786   0.0082152
     0.41357     0.98325    -0.24786   0.0082152
      0.3062      1.2273    0.037751    0.020779
      0.3062      1.2273    0.037751    0.020779
      0.3062      1.2273    0.037751    0.020779
      0.3062      1.2273    0.037751    0.020779
      0.3062      1.2273    0.037751    0.020779
      0.1381      1.1634     -0.1141    0.020179
      0.1381      1.1634     -0.1141    0.020179
     0.39561      1.2497     0.18521    0.026721
     0.50727      1.0389    -0.16134    0.014508
     0.58528     0.76146    -0.30802   0.0049647
     0.52434     0.87685    -0.27439     0.00651
     0.46822      1.0175    -0.16942    0.013901
     0.54512     0.96936    -0.19991    0.012949
     0.57892     0.78568    -0.31168   0.0046898
     0.77206     0.51294    -0.32481    0.005215
     0.82266     0.79793    -0.25645    0.011822
     0.67122      1.0047   -0.063376     0.01721
     0.92529     0.92569     0.17313    0.021039
     0.85608     0.75615    -0.31658   0.0080095
     0.85608     0.75615    -0.31658   0.0080095
     0.95235      0.9895      0.5042    0.037009
     0.97221     0.78744   -0.094564    0.015932
     0.90714     0.89426    0.057239    0.023248
     0.90714     0.89426    0.057239    0.023248
     0.97222     0.94252      0.4727    0.034867
      1.1244     0.73258     0.23057    0.016139
      1.1244     0.73258     0.23057    0.016139
     0.87292     0.81386    -0.19804    0.011981
     0.87292     0.81386    -0.19804    0.011981
     0.58232      0.8567    -0.28279   0.0073637
     0.58232      0.8567    -0.28279   0.0073637
     0.43738     0.87314    -0.25816   0.0060605
     0.43738     0.87314    -0.25816   0.0060605
     0.26515     0.84332    -0.20339   0.0056204
     0.35097     0.56472     0.12003   0.0064048
     0.35097     0.56472     0.12003   0.0064048
     0.35097     0.56472     0.12003   0.0064048
     0.61629     0.86199    -0.27916   0.0083347
     0.75229     0.64849    -0.43553   0.0022555
     0.75229     0.64849    -0.43553   0.0022555
     0.89028     0.63524    -0.40134   0.0051997
     0.89028     0.63524    -0.40134   0.0051997
      0.7724     0.81316     -0.2863   0.0094632
      0.7724     0.81316     -0.2863   0.0094632
      0.7724     0.81316     -0.2863   0.0094632
      0.7724     0.81316     -0.2863   0.0094632
      0.7724     0.81316     -0.2863   0.0094632
     0.78063     0.65609    -0.43296   0.0036036
     0.70076     0.62072    -0.41218   0.0022331
     0.94536     0.46369   -0.052718   0.0079875
     0.97747     0.58945    -0.31537   0.0043414
     0.93121     0.45673   -0.049857   0.0077801
     0.88426     0.46255    -0.10432   0.0087406
      1.0102     0.49873    -0.13289   0.0048464
      1.0102     0.49873    -0.13289   0.0048464
      1.0488     0.65273    -0.13953   0.0096881
      1.0199     0.74412   -0.077125    0.015724
      1.0846     0.44735     0.14381   0.0071283
      1.0846     0.44735     0.14381   0.0071283
      1.0846     0.44735     0.14381   0.0071283
      1.0516     0.71863   0.0056527     0.01755
     0.86883      0.5203    -0.31369    0.004858
     0.86883      0.5203    -0.31369    0.004858
     0.86883      0.5203    -0.31369    0.004858
     0.86883      0.5203    -0.31369    0.004858
     0.89805       0.683    -0.37636   0.0066448
     0.89805       0.683    -0.37636   0.0066448
      0.9607     0.75532    -0.17046    0.011321
      0.9607     0.75532    -0.17046    0.011321
     0.81555     0.65918    -0.43779   0.0029708
     0.81865      0.5363     -0.3774   0.0043919
     0.81865      0.5363     -0.3774   0.0043919
     0.81175     0.61005     -0.4402   0.0040862
     0.88821     0.83347    -0.13328    0.014652
     0.72921     0.61572    -0.42945   0.0018711
     0.67713     0.61418    -0.39367   0.0028068
     0.41827     0.77893    -0.22377    0.005269
     0.20046      1.0285    -0.23809   0.0092678
     0.31957     0.73812    -0.12317   0.0052227
      0.2926     0.56399     0.19853   0.0074798
      0.2926     0.56399     0.19853   0.0074798
      0.2926     0.56399     0.19853   0.0074798
     0.13539     0.85641    -0.18269   0.0049764
     0.31509       1.132    -0.11226    0.016023
     0.31509       1.132    -0.11226    0.016023
     0.34212      0.8388    -0.21832   0.0044398
     0.37983      1.0375    -0.21851    0.011966
     0.42661      1.1702    0.034077    0.023281
     0.32958      1.3384     0.43777    0.039594
     0.17549      1.2521    0.047904    0.021567
     0.33345      1.0609    -0.20164    0.015114
     0.48897      0.9951    -0.22792    0.010542
     0.63826      0.9513    -0.17766    0.014933
     0.63826      0.9513    -0.17766    0.014933
     0.47746     0.72295    -0.22622   0.0044184
     0.48091     0.80086    -0.26868   0.0041117
     0.32837     0.79064    -0.18096   0.0044954
     0.32837     0.79064    -0.18096   0.0044954
     0.10933      1.0103     -0.2438   0.0079862
     0.23207     0.91515    -0.23636    0.005132
     0.41516     0.76421    -0.21919   0.0049852
     0.55328      1.0553    -0.08883    0.018492
     0.47625      1.1033   -0.074838    0.018851
      0.2371      1.2168     0.12474    0.032876
      0.4607      1.0836    -0.14465    0.017249
      0.4607      1.0836    -0.14465    0.017249
     0.57458     0.94181    -0.22298    0.011944
     0.57458     0.94181    -0.22298    0.011944
     0.80186     0.81281    -0.26422    0.011455
     0.80186     0.81281    -0.26422    0.011455
     0.80186     0.81281    -0.26422    0.011455
     0.56709     0.54181    -0.23135   0.0046262
     0.75902     0.56415    -0.41616    0.002563
     0.77602     0.57928    -0.43107   0.0024696
     0.82961     0.59271    -0.43301   0.0028255
     0.82961     0.59271    -0.43301   0.0028255
     0.82961     0.59271    -0.43301   0.0028255
     0.82961     0.59271    -0.43301   0.0028255
     0.82961     0.59271    -0.43301   0.0028255
     0.82961     0.59271    -0.43301   0.0028255
     0.82961     0.59271    -0.43301   0.0028255
     0.90059     0.61212    -0.41077   0.0032877
     0.90059     0.61212    -0.41077   0.0032877
     0.90059     0.61212    -0.41077   0.0032877
     0.90059     0.61212    -0.41077   0.0032877
     0.90059     0.61212    -0.41077   0.0032877
     0.90059     0.61212    -0.41077   0.0032877
     0.90831     0.53592    -0.32464   0.0042612
     0.90831     0.53592    -0.32464   0.0042612
     0.90831     0.53592    -0.32464   0.0042612
     0.80405     0.65803    -0.42501   0.0039408
     0.85114       0.654    -0.42517   0.0039918
     0.85114       0.654    -0.42517   0.0039918
      1.0704     0.50547   -0.055347   0.0041809
      0.8667     0.79861    -0.23457    0.012772
     0.69856     0.55509    -0.37486   0.0038265
     0.69856     0.55509    -0.37486   0.0038265
     0.69856     0.55509    -0.37486   0.0038265
      0.4661     0.66462    -0.18285   0.0044449
     0.31452     0.65173    0.012827   0.0068481
     0.12727     0.68445    0.084786    0.007232
     0.12727     0.68445    0.084786    0.007232
     0.10696     0.71622    0.021666   0.0067452
     0.10696     0.71622    0.021666   0.0067452
     0.26091     0.92414    -0.24468   0.0058678
     0.26091     0.92414    -0.24468   0.0058678
    -0.03118     0.73405   0.0058521   0.0069191
   -0.042151     0.64048     0.22313   0.0090585
    -0.15166     0.48125     0.69884    0.013583
     0.13121     0.65715     0.14504   0.0076444
     0.13121     0.65715     0.14504   0.0076444
     0.25313     0.67684   0.0087406    0.006622
     0.54264     0.92701    -0.23845   0.0095384
      0.3692      1.0232    -0.22455    0.014785
     0.37896      1.0549    -0.19761       0.011
     0.52612      1.0393    -0.13577    0.016027
     0.64619      0.9482    -0.16982    0.013163
     0.44531     0.81471    -0.25256   0.0049113
     0.44531     0.81471    -0.25256   0.0049113
     0.44531     0.81471    -0.25256   0.0049113
     0.45539     0.80262    -0.25275   0.0047747
     0.45539     0.80262    -0.25275   0.0047747
     0.46565     0.96824    -0.23764   0.0095239
     0.31701      1.1532   -0.065279    0.018193
     0.31701      1.1532   -0.065279    0.018193
     0.31701      1.1532   -0.065279    0.018193
     0.31701      1.1532   -0.065279    0.018193
     0.37743     0.94546    -0.26073   0.0074973
     0.34971      1.0771    -0.18539    0.016241
     0.48678      1.0004    -0.21986    0.012785
      0.1965     0.90254    -0.22244   0.0068394
      0.1965     0.90254    -0.22244   0.0068394
     0.14346     0.85948     -0.1896   0.0057111
     0.40138      1.0604    -0.16108    0.014322
     0.25598      1.1699   -0.055153    0.020848
     0.25598      1.1699   -0.055153    0.020848
     0.25598      1.1699   -0.055153    0.020848
    0.051279      1.1479    -0.13258    0.016432
    -0.11091     0.93355    -0.23069   0.0056756
    -0.19902     0.84291    -0.19157   0.0050406
    -0.19902     0.84291    -0.19157   0.0050406
    -0.31944     0.88456    -0.23147   0.0057693
    -0.41382     0.66039    -0.11755   0.0051879
    -0.41382     0.66039    -0.11755   0.0051879
    -0.33443     0.64234 -0.00056101   0.0065858
    -0.33443     0.64234 -0.00056101   0.0065858
    -0.33443     0.64234 -0.00056101   0.0065858
    -0.29169     0.90696    -0.24747   0.0042151
    -0.53728      1.1237    0.039126    0.024048
     -0.5122      1.0817   -0.067545    0.019461
    -0.80885     0.96004    0.021612    0.021085
    -0.55873     0.71111     -0.3013   0.0039545
    -0.80413     0.64967     -0.4332   0.0032428
    -0.80413     0.64967     -0.4332   0.0032428
    -0.84141     0.35125     0.80669    0.021088
     -1.1108     0.61084   -0.018751    0.010662
    -0.85823     0.48897    -0.21804   0.0067709
    -0.85823     0.48897    -0.21804   0.0067709
    -0.75829     0.40927     0.19314    0.013206
    -0.77312     0.39541     0.32077    0.014663
    -0.59652     0.45273    -0.11305   0.0080739
    -0.59652     0.45273    -0.11305   0.0080739
    -0.59652     0.45273    -0.11305   0.0080739
    -0.85715     0.72615    -0.34007   0.0073423
    -0.85715     0.72615    -0.34007   0.0073423
    -0.64821     0.77136    -0.33138   0.0066787
    -0.72797     0.62681    -0.42721   0.0022951
    -0.72797     0.62681    -0.42721   0.0022951
     -0.6854      0.8219    -0.29951   0.0080685
     -0.6854      0.8219    -0.29951   0.0080685
     -0.6854      0.8219    -0.29951   0.0080685
     -0.6854      0.8219    -0.29951   0.0080685
    -0.82461     0.61993    -0.44683   0.0024696
    -0.82461     0.61993    -0.44683   0.0024696
    -0.82461     0.61993    -0.44683   0.0024696
    -0.82461     0.61993    -0.44683   0.0024696
    -0.82461     0.61993    -0.44683   0.0024696
    -0.88422     0.74659    -0.29158   0.0097122
    -0.88422     0.74659    -0.29158   0.0097122
    -0.88422     0.74659    -0.29158   0.0097122
    -0.88422     0.74659    -0.29158   0.0097122
     -1.0061     0.46974   -0.037764   0.0067662
     -1.0061     0.46974   -0.037764   0.0067662
     -1.0061     0.46974   -0.037764   0.0067662
     -1.0716     0.48216   0.0035122   0.0053219
    -0.90495     0.62418    -0.39958   0.0036963
    -0.71551     0.88924    -0.21641    0.010546
    -0.71551     0.88924    -0.21641    0.010546
    -0.87093     0.68479      -0.379   0.0068341
    -0.87093     0.68479      -0.379   0.0068341
    -0.87093     0.68479      -0.379   0.0068341
     -0.8614     0.68027    -0.39977   0.0052202
    -0.82247     0.63666    -0.44137   0.0029506
    -0.82247     0.63666    -0.44137   0.0029506
    -0.63596     0.65975    -0.36368   0.0029211
    -0.75826     0.68706    -0.40909   0.0040514
    -0.75826     0.68706    -0.40909   0.0040514
    -0.75826     0.68706    -0.40909   0.0040514
    -0.75826     0.68706    -0.40909   0.0040514
     -1.0236     0.85205     0.29535    0.022371
     -1.0236     0.85205     0.29535    0.022371
     -1.0236     0.85205     0.29535    0.022371
     -1.0236     0.85205     0.29535    0.022371
     -1.0236     0.85205     0.29535    0.022371
     -0.7663     0.83455    -0.24325    0.010366
     -0.7663     0.83455    -0.24325    0.010366
     -0.7663     0.83455    -0.24325    0.010366
    -0.77843     0.79267     -0.3167   0.0081724
    -0.77843     0.79267     -0.3167   0.0081724
    -0.74631     0.55591    -0.40628   0.0034545
    -0.89711     0.47811    -0.16096   0.0069835
     -1.0866     0.51939   -0.047972   0.0045144
     -1.0866     0.51939   -0.047972   0.0045144
     -1.0945     0.60594   -0.072077   0.0078001
     -1.0945     0.60594   -0.072077   0.0078001
    -0.79719     0.58168    -0.43966   0.0024403
    -0.60826     0.59037    -0.31318   0.0035769
    -0.68037     0.50539    -0.30473   0.0055579
     -0.6703     0.52873    -0.33577   0.0042515
    -0.78361     0.55135    -0.40377   0.0032235
     -1.0228     0.77435   0.0015187    0.015302
     -1.0228     0.77435   0.0015187    0.015302
     -1.0228     0.77435   0.0015187    0.015302
     -0.7538     0.59284    -0.43058   0.0024071
    -0.72403     0.53692    -0.38045   0.0041261
    -0.46653     0.74923    -0.24128   0.0046454
    -0.75947     0.55563    -0.40632   0.0035097
    -0.63256     0.59564    -0.34755   0.0027875
    -0.63256     0.59564    -0.34755   0.0027875
    -0.63256     0.59564    -0.34755   0.0027875
    -0.86405     0.81454    -0.21579    0.011246
    -0.86405     0.81454    -0.21579    0.011246
     -1.0375     0.77927    0.055657    0.016097
     -1.0375     0.77927    0.055657    0.016097
     -1.0211     0.82461     0.17421    0.020582
     -1.0211     0.82461     0.17421    0.020582
    -0.83969     0.63108    -0.43809   0.0026506
     -0.6835     0.80395    -0.31572   0.0070494
     -0.6835     0.80395    -0.31572   0.0070494
    -0.70993     0.88522    -0.22061    0.011075
    -0.70993     0.88522    -0.22061    0.011075
    -0.70993     0.88522    -0.22061    0.011075
    -0.81564     0.69863     -0.4001   0.0045453
    -0.69813       0.519    -0.33777   0.0045268
    -0.69813       0.519    -0.33777   0.0045268
    -0.69813       0.519    -0.33777   0.0045268
    -0.95734     0.74167    -0.20242    0.013297
    -0.95734     0.74167    -0.20242    0.013297
    -0.95734     0.74167    -0.20242    0.013297
    -0.86935     0.62848    -0.42701   0.0034422
    -0.86935     0.62848    -0.42701   0.0034422
    -0.91418     0.89165    0.065361     0.02165
    -0.91418     0.89165    0.065361     0.02165
    -0.79558      1.1463     0.55346    0.047288
    -0.79558      1.1463     0.55346    0.047288
    -0.79558      1.1463     0.55346    0.047288
    -0.79558      1.1463     0.55346    0.047288
    -0.54516      1.0542    -0.12481    0.014567
    -0.25479       1.082     -0.2244     0.01342
    -0.50138     0.87515    -0.27629   0.0074463
    -0.68382     0.71502    -0.36875   0.0047486
    -0.76193     0.50294    -0.31154   0.0058162
    -0.76193     0.50294    -0.31154   0.0058162
    -0.66962     0.54656    -0.36208   0.0038339
    -0.66962     0.54656    -0.36208   0.0038339
    -0.50758     0.50128   -0.097025   0.0055886
    -0.50758     0.50128   -0.097025   0.0055886
    -0.50758     0.50128   -0.097025   0.0055886
    -0.58806     0.63397    -0.31003   0.0035384
    -0.58806     0.63397    -0.31003   0.0035384
    -0.36483     0.83861    -0.23679    0.005294
    -0.35789     0.66702   -0.058267   0.0051466
    -0.39731     0.81878     -0.2382   0.0048546
    -0.38801     0.69639    -0.11951    0.005548
    -0.50989     0.78683    -0.27871   0.0053102
     -0.7086     0.87762    -0.24358    0.012784
     -0.7086     0.87762    -0.24358    0.012784
    -0.41794      1.1045   -0.084301    0.018783
    -0.22949     0.80844    -0.15931   0.0057297
    -0.36815      1.0593     -0.1577    0.014528
    -0.62894      0.9585    -0.16379    0.014366
    -0.86917     0.86336   -0.078557    0.019243
    -0.82221     0.56983    -0.42605   0.0031764
    -0.82221     0.56983    -0.42605   0.0031764
    -0.74796     0.65549    -0.43094   0.0028235
    -0.74796     0.65549    -0.43094   0.0028235
    -0.64401     0.68296    -0.36385   0.0033226
    -0.64401     0.68296    -0.36385   0.0033226
    -0.47247      0.5723    -0.10607   0.0048044
    -0.28352     0.70932   -0.055166   0.0066917
    -0.26191     0.84643    -0.20665   0.0044865
   -0.096208       1.075     -0.2137    0.011033
   -0.096208       1.075     -0.2137    0.011033
   -0.096208       1.075     -0.2137    0.011033
    -0.30572      1.1078    -0.15238    0.012727
    -0.18511      1.2429    0.049689    0.023761
    -0.18511      1.2429    0.049689    0.023761
    -0.15166     0.94952     -0.2429   0.0056766
    -0.24483      0.7652     -0.1114   0.0057736
    -0.54049      1.0406    -0.10519    0.018611
     -0.4382      1.1596    0.044992    0.028842
     -0.5242     0.89468    -0.27463   0.0069379
    -0.63526     0.66621    -0.35746   0.0030253
    -0.80243     0.71131    -0.38182   0.0064566
    -0.55867     0.75735    -0.30517   0.0040361
    -0.62667     0.84027     -0.2974   0.0070129
    -0.52656     0.82819    -0.28871   0.0052497
    -0.66018       0.808    -0.31231   0.0077046
    -0.36208      1.1018    -0.13571    0.016161
    -0.11056      1.0836    -0.22309    0.011555
    -0.37507     0.96107    -0.25468     0.01365
    -0.66448     0.95025    -0.14249    0.016744
    -0.51571     0.69128     -0.2516   0.0037332
    -0.26587     0.74388   -0.088872   0.0054674
    -0.56486     0.82923    -0.29567   0.0058446
    -0.61713     0.96045    -0.17173    0.015351
    -0.61713     0.96045    -0.17173    0.015351
     -0.9034     0.70634      -0.321   0.0082525
     -0.8617     0.54917    -0.38334   0.0037344
     -1.0592     0.45859    0.062856   0.0062094
     -1.0592     0.45859    0.062856   0.0062094
     -1.0592     0.45859    0.062856   0.0062094
     -1.0592     0.45859    0.062856   0.0062094
     -1.1008      0.4844    0.046322   0.0049464
     -1.1008      0.4844    0.046322   0.0049464
     -1.1008      0.4844    0.046322   0.0049464
     -1.1008      0.4844    0.046322   0.0049464
     -1.1008      0.4844    0.046322   0.0049464
     -1.1008      0.4844    0.046322   0.0049464
     -1.1008      0.4844    0.046322   0.0049464
     -1.1008      0.4844    0.046322   0.0049464
    -0.93949     0.44027    0.040414    0.011176
    -0.95065     0.45519   -0.013786   0.0080347
    -0.95065     0.45519   -0.013786   0.0080347
    -0.73734     0.65106    -0.42427   0.0028186
    -0.71266     0.92195     -0.1736    0.014312
     -0.5961      1.0757   -0.038787    0.018482
    -0.42276     0.96759    -0.24548   0.0086621
    -0.48516     0.71735    -0.23634   0.0043029
    -0.28254     0.75984    -0.10844   0.0057778
    -0.28254     0.75984    -0.10844   0.0057778
    -0.16602     0.55524     0.43138   0.0083682
    -0.16602     0.55524     0.43138   0.0083682
    -0.18349     0.59678     0.26531   0.0085559
    -0.18349     0.59678     0.26531   0.0085559
     0.03552      0.7854   -0.071909   0.0055774
     0.03552      0.7854   -0.071909   0.0055774
     0.30584     0.89976    -0.22934   0.0075851
     0.15914      1.0059    -0.23709   0.0086838
    0.070268     0.86487      -0.169   0.0070897
    -0.14323     0.77752   -0.087289   0.0061249
  0.00085456     0.91707    -0.22647    0.005747
    -0.12842      1.2073   -0.066115    0.021087
    -0.41591     0.92018    -0.26745   0.0063973
    -0.37785     0.94961    -0.26152   0.0071492
    -0.58258       0.933    -0.23955    0.010687
    -0.69375     0.94286    -0.17833    0.013217
     -0.5438     0.85009    -0.28308   0.0065984
    -0.59754      1.0257    -0.11351    0.016218
    -0.59754      1.0257    -0.11351    0.016218
    -0.59754      1.0257    -0.11351    0.016218
    -0.31569      1.2301     0.11607    0.036071
    -0.12188      1.1804   -0.097594    0.016835
     0.12326     0.88376    -0.20838   0.0053442
    0.041456      1.1063    -0.19361    0.013037
   -0.078559      1.2881     0.17787    0.028574
    -0.12112      1.0365    -0.25284   0.0071859
    -0.12112      1.0365    -0.25284   0.0071859
    -0.12112      1.0365    -0.25284   0.0071859
    0.097687     0.90778    -0.21828   0.0045834
     0.18849      1.0115    -0.25108   0.0084696
     0.18849      1.0115    -0.25108   0.0084696
    0.073191     0.98115    -0.25585   0.0053999
   -0.026392      1.2145   -0.030635    0.023114
  -0.0022405      1.0542    -0.25051   0.0090012
   -0.067438      1.0626    -0.22824   0.0090502
   -0.067438      1.0626    -0.22824   0.0090502
    -0.24815     0.96598    -0.26072   0.0060774
    -0.44369       1.152   -0.030124    0.018566
    -0.27981     0.99001    -0.25093   0.0085056
   -0.083071     0.95344    -0.24727   0.0052389
    -0.18907      1.2136   -0.022779    0.029213
    0.026797      1.0533     -0.2415    0.008814
    0.026797      1.0533     -0.2415    0.008814
    -0.19911     0.83354    -0.16935   0.0054269
   -0.052245       1.014    -0.24886    0.010464
     0.18072      1.2355    0.030556    0.026642
   -0.087444      1.1413    -0.16405    0.012862
    -0.33146      1.2302     0.12486    0.026993
    -0.33146      1.2302     0.12486    0.026993
   -0.098386      1.2969     0.21795    0.036972
   -0.012286      1.1954   -0.085086    0.019688
   -0.012286      1.1954   -0.085086    0.019688
    -0.11169      1.2232    0.015416    0.027542
     0.17243     0.98893    -0.25461   0.0058682
     0.31296     0.73895    -0.11833    0.005258
     0.44092     0.95995     -0.2606   0.0099448
     0.44092     0.95995     -0.2606   0.0099448
     0.22569      1.0295    -0.24586   0.0084875
     0.11622       1.179   -0.084803    0.018875
     0.11622       1.179   -0.084803    0.018875
     0.30651       1.069    -0.19943    0.013332
     0.41389     0.90689    -0.26825   0.0057556
     0.41389     0.90689    -0.26825   0.0057556
      0.4506     0.82123    -0.25397   0.0058329
     0.26138     0.87476    -0.21637   0.0055847
     0.38157     0.99512    -0.23261    0.010958
     0.42855      1.2573     0.26853    0.033872
     0.47869      1.1843      0.1403    0.030355
     0.47869      1.1843      0.1403    0.030355
     0.25508      1.3192     0.35755    0.036274
    0.031436      1.0285    -0.24668   0.0067117
    0.060115     0.89094     -0.2129   0.0051386
     0.26375     0.70979   -0.036854   0.0059248
     0.14418     0.79551    -0.11436   0.0052201
   0.0081016      0.7796   -0.070737   0.0059601
    -0.21105      1.0626    -0.22696   0.0091493
    -0.21105      1.0626    -0.22696   0.0091493
    -0.21668     0.78469    -0.13038   0.0061713
    -0.44039     0.77905    -0.23447   0.0048277
     -0.3378     0.92332    -0.25189   0.0052329
    -0.53482     0.99785    -0.17986    0.013294
    -0.53482     0.99785    -0.17986    0.013294
     -0.3615     0.85855    -0.24915   0.0053691
    -0.41657     0.56498   0.0021748   0.0061675
    -0.13219     0.51461     0.60167    0.011415
    -0.18293     0.60927     0.22973   0.0073227
    -0.18293     0.60927     0.22973   0.0073227
    -0.18293     0.60927     0.22973   0.0073227
     -0.3236     0.83454    -0.20867   0.0054115
     -0.3236     0.83454    -0.20867   0.0054115
     -0.3236     0.83454    -0.20867   0.0054115
     -0.1507     0.67885    0.087909   0.0062888
    -0.10247     0.80445    -0.11579   0.0055589
    -0.10247     0.80445    -0.11579   0.0055589
    -0.38091     0.61937   -0.030554    0.005863
    -0.38091     0.61937   -0.030554    0.005863
    -0.50708     0.62484    -0.20358   0.0045144
      -0.762     0.87215     -0.1804    0.014912
      -0.762     0.87215     -0.1804    0.014912
      -0.762     0.87215     -0.1804    0.014912
      -0.762     0.87215     -0.1804    0.014912
    -0.66289     0.92603    -0.20164    0.014687
    -0.66289     0.92603    -0.20164    0.014687
    -0.66289     0.92603    -0.20164    0.014687
    -0.66289     0.92603    -0.20164    0.014687
    -0.68882      1.1584     0.33321    0.035473
    -0.58956       1.111    0.051625    0.024281
    -0.56675      1.2333     0.39436    0.036452
    -0.74597       1.078     0.22332    0.029585
    -0.74597       1.078     0.22332    0.029585
    -0.65598      1.2215     0.43011    0.038051
    -0.65598      1.2215     0.43011    0.038051
    -0.64795     0.93173    -0.20531   0.0093775
    -0.57464     0.71542    -0.31024   0.0037117
    -0.57464     0.71542    -0.31024   0.0037117
    -0.57464     0.71542    -0.31024   0.0037117
    -0.31758     0.94823    -0.26084   0.0052688
    -0.30295     0.71188   -0.069001   0.0058888
   -0.031033     0.72303    0.027014   0.0066631
   -0.031033     0.72303    0.027014   0.0066631
    -0.29729     0.67438   -0.015811   0.0067443
    -0.18172     0.66439     0.10229   0.0067951
    -0.18172     0.66439     0.10229   0.0067951
    -0.18172     0.66439     0.10229   0.0067951
    -0.18172     0.66439     0.10229   0.0067951
    -0.11771     0.73192  -0.0078962    0.005964
    -0.11771     0.73192  -0.0078962    0.005964
   -0.092013     0.74603    -0.02123   0.0062868
     0.11978     0.81841    -0.14562   0.0060085
     0.16923     0.68663    0.058807    0.007335
    0.073427     0.49995     0.70894    0.013193
    0.073427     0.49995     0.70894    0.013193
    0.073427     0.49995     0.70894    0.013193
     0.25993     0.60116     0.17479   0.0077321
     0.51944     0.64876    -0.23557   0.0043243
     0.71735     0.71174    -0.38714   0.0043659
     0.60896     0.65018    -0.33436   0.0032018
     0.31763     0.56927     0.16181   0.0077939
     0.24916     0.56151     0.28631   0.0086634
     0.40454     0.40364     0.31092   0.0084805
     0.40454     0.40364     0.31092   0.0084805
     0.40454     0.40364     0.31092   0.0084805
     0.63146     0.54433     -0.3125   0.0037492
     0.76231     0.80311    -0.29602    0.011269
     0.49904     0.89679    -0.27654   0.0073745
     0.49904     0.89679    -0.27654   0.0073745
     0.78681     0.80362    -0.28452   0.0092734
     0.78681     0.80362    -0.28452   0.0092734
     0.78681     0.80362    -0.28452   0.0092734
     0.78681     0.80362    -0.28452   0.0092734
      0.9195     0.86246   -0.016649    0.020514
     0.68644     0.58877    -0.39298   0.0029831
     0.68644     0.58877    -0.39298   0.0029831
     0.70226     0.67017    -0.41079   0.0028947
     0.43447     0.94478    -0.25789   0.0068174
     0.43447     0.94478    -0.25789   0.0068174
     0.39174      0.9431    -0.26065   0.0061948
     0.16537     0.99088    -0.26402   0.0056034
     0.30467     0.97138    -0.25544   0.0055407
     0.30976     0.70528   -0.062891   0.0059118
     0.30976     0.70528   -0.062891   0.0059118
     0.30976     0.70528   -0.062891   0.0059118
     0.43975      1.0012    -0.22465    0.012306
     0.66422     0.99001    -0.12386    0.016262
     0.52938     0.97028     -0.2075    0.012156
     0.36734      1.0948       -0.16    0.011974
     0.36734      1.0948       -0.16    0.011974
     0.11152      1.1391    -0.15363    0.015881
     0.11152      1.1391    -0.15363    0.015881
     0.20514      1.1968   -0.050138    0.022064
   -0.058786     0.94147    -0.23522   0.0066133
   -0.058786     0.94147    -0.23522   0.0066133
     0.21849     0.82373    -0.16963    0.005349
       0.421     0.93506    -0.25822   0.0069595
      0.2331      1.1076    -0.17701    0.015362
     0.12469      1.0053    -0.24544   0.0072455
     0.12469      1.0053    -0.24544   0.0072455
     0.30761     0.83459    -0.20962   0.0047813
     0.41637     0.79759    -0.23136   0.0049939
     0.41637     0.79759    -0.23136   0.0049939
     0.28025     0.72837   -0.077168   0.0061923
    0.035857     0.80138    -0.10798   0.0057209
     0.29033      1.0192     -0.2302   0.0096975
     0.29033      1.0192     -0.2302   0.0096975
     0.37678     0.93924    -0.24544   0.0081403
     0.27854      0.9433    -0.24459   0.0067553
    0.020243      1.0147     -0.2541   0.0070369
   -0.097368      1.0295     -0.2573   0.0061605
    -0.38353     0.94831    -0.23499   0.0078432
    -0.49069     0.98931    -0.22322    0.013061
    -0.41164      0.9315    -0.25003   0.0082548
    -0.41164      0.9315    -0.25003   0.0082548
    -0.41164      0.9315    -0.25003   0.0082548
    -0.21398      1.1259     -0.1394    0.018775
    -0.21398      1.1259     -0.1394    0.018775
    -0.35854     0.86325    -0.23932   0.0052682
     -0.6306     0.64355    -0.35459   0.0028198
    -0.81012     0.66792    -0.42528   0.0052283
    -0.74232     0.43924   -0.046509    0.011798
    -0.62058     0.67845    -0.34422   0.0033488
    -0.45961     0.69953    -0.19763   0.0047537
    -0.53964     0.82248     -0.2952   0.0047729
    -0.53964     0.82248     -0.2952   0.0047729
    -0.57666     0.60114    -0.28073   0.0034597
    -0.84037     0.60805    -0.43505   0.0025129
    -0.84037     0.60805    -0.43505   0.0025129
    -0.78119     0.44214    -0.03911    0.011825
    -0.54534     0.57109    -0.22453   0.0039304
    -0.58693      0.4837    -0.17992   0.0067281
    -0.78484     0.77851    -0.32622   0.0072618
    -0.63734     0.69673    -0.35777   0.0033443
    -0.41137     0.88902    -0.26945   0.0054486
    -0.67032     0.75034    -0.35774   0.0045167
    -0.67032     0.75034    -0.35774   0.0045167
    -0.59314     0.67638    -0.32122   0.0031914
    -0.59314     0.67638    -0.32122   0.0031914
    -0.34987      0.7957    -0.19865   0.0050029
    -0.31624     0.84135    -0.21168    0.005043
    -0.31624     0.84135    -0.21168    0.005043
   -0.089264       1.129    -0.19381    0.013082
     -0.2311     0.83279     -0.1869   0.0053472
     -0.2311     0.83279     -0.1869   0.0053472
     -0.2311     0.83279     -0.1869   0.0053472
    -0.48096     0.72784    -0.23965   0.0044965
    -0.48096     0.72784    -0.23965   0.0044965
    -0.42971     0.79496    -0.23632   0.0051363
    -0.63845     0.54162    -0.31854   0.0041613
    -0.44276     0.49054    0.041416   0.0058821
    -0.44276     0.49054    0.041416   0.0058821
    -0.44276     0.49054    0.041416   0.0058821
    -0.44276     0.49054    0.041416   0.0058821
    -0.44276     0.49054    0.041416   0.0058821
    -0.32009     0.68943   -0.064771   0.0055888
    -0.32009     0.68943   -0.064771   0.0055888
   -0.039939       0.908    -0.23088   0.0055925
     0.02105      1.0714    -0.22213   0.0098259
  -0.0095688     0.79159   -0.082124   0.0059124
     0.24698     0.57096     0.25411   0.0088315
     0.37395     0.41461     0.35584   0.0074219
     0.31623     0.40143     0.57857    0.010746
     0.52879     0.56963    -0.19625   0.0044364
     0.40134     0.68734    -0.13247   0.0050787
     0.34954     0.51358     0.22296   0.0078386
     0.14702     0.66752     0.11145    0.007702
    -0.11707     0.92156    -0.23431   0.0062794
    -0.17656      1.0552    -0.20779    0.014791
    -0.17656      1.0552    -0.20779    0.014791
    -0.43847      1.2806     0.31456     0.03407
    -0.43847      1.2806     0.31456     0.03407
    -0.53762      1.1799      0.1676    0.034875
    -0.51909     0.92218    -0.25527   0.0081512
    -0.34136     0.99665    -0.23737   0.0088948
    -0.53501     0.69906    -0.27595   0.0040797
    -0.53472     0.76352    -0.28872   0.0050579
     -0.7125      0.7221    -0.37623    0.004729
    -0.88234     0.75208    -0.28376    0.011053
    -0.89693     0.57003    -0.38456   0.0030399
    -0.62554     0.77452    -0.33261   0.0046289
    -0.70836      0.5389     -0.3627   0.0048127
    -0.70836      0.5389     -0.3627   0.0048127
    -0.70836      0.5389     -0.3627   0.0048127
    -0.70836      0.5389     -0.3627   0.0048127
    -0.93277     0.61528    -0.37187   0.0046743
    -0.93277     0.61528    -0.37187   0.0046743
    -0.80793     0.56131    -0.41536   0.0037606
    -0.80793     0.56131    -0.41536   0.0037606
    -0.64041     0.60331    -0.35715   0.0026287
    -0.73766     0.84279    -0.26253   0.0094508
    -0.73766     0.84279    -0.26253   0.0094508
     -0.5578     0.68265    -0.28879    0.003562
    -0.84261     0.54483     -0.3862   0.0038804
    -0.82606     0.82811    -0.24305    0.010944
    -0.82606     0.82811    -0.24305    0.010944
     -1.0947     0.87841     0.63888    0.029516
     -1.0947     0.87841     0.63888    0.029516
     -1.0947     0.87841     0.63888    0.029516
    -0.89904     0.64824    -0.39576   0.0050079
     -1.0507     0.72022   -0.027074    0.014414
     -1.0507     0.72022   -0.027074    0.014414
     -1.0507     0.72022   -0.027074    0.014414
    -0.85959     0.61557    -0.43542   0.0032912
    -0.71664     0.63622    -0.41703   0.0028267
    -0.62391     0.70363    -0.34403   0.0037847
    -0.69633      0.5942    -0.40069   0.0025989
     -0.4122      0.8092    -0.24235   0.0045365
    -0.44992     0.91608    -0.26493   0.0070731
    -0.44992     0.91608    -0.26493   0.0070731
    -0.47658     0.91986    -0.25419   0.0073473
    -0.66804     0.75038    -0.34824   0.0062505
    -0.74815     0.98361   -0.021083    0.018035
    -0.74815     0.98361   -0.021083    0.018035
    -0.80697     0.85826    -0.16365    0.014208
     -1.0657     0.92003     0.69489    0.034952
     -1.0657     0.92003     0.69489    0.034952
     -1.0657     0.92003     0.69489    0.034952
     -1.0657     0.92003     0.69489    0.034952
    -0.79734      1.0657     0.26785    0.027498
     -0.5156      1.1886     0.19255    0.035125
    -0.80658      1.1096      0.5005    0.039746
    -0.52913     0.96533    -0.21986    0.012545
    -0.53096      0.7055    -0.27348   0.0035729
    -0.42328     0.85491    -0.25294   0.0061392
    -0.32411      1.0722    -0.22374    0.009747
    -0.32411      1.0722    -0.22374    0.009747
    -0.21419     0.78843    -0.12696   0.0056312
    -0.50339     0.78767    -0.27249   0.0043087
    -0.54419     0.87838    -0.27995   0.0073945
    -0.54419     0.87838    -0.27995   0.0073945
    -0.67982     0.84172    -0.28532   0.0083237
    -0.67982     0.84172    -0.28532   0.0083237
    -0.53146     0.97652    -0.21625    0.018384
    -0.33512     0.99454    -0.24905   0.0066681
    -0.50298      1.1547     0.10211    0.029557
    -0.52786      1.1168     0.03895     0.02692
    -0.29122     0.92046    -0.25427    0.005359
    -0.54888       1.038    -0.11477    0.018705
    -0.54888       1.038    -0.11477    0.018705
    -0.42304     0.90053     -0.2561   0.0055533
    -0.42304     0.90053     -0.2561   0.0055533
    -0.42304     0.90053     -0.2561   0.0055533
    -0.33447      1.1243    -0.10726    0.020676
    -0.10091      1.0667    -0.23969   0.0080542
    0.046125     0.99784    -0.25767   0.0058981
    0.046125     0.99784    -0.25767   0.0058981
