     ACCEPTANCE:
      0.77228
      0.77451
       0.7767
      0.77885
      0.78095
      0.78302
      0.78505
      0.78704
      0.77982
      0.78182
      0.78378
      0.78571
      0.78761
      0.78947
      0.78261
      0.77586
      0.77778
      0.77966
      0.77311
      0.76667
       0.7686
      0.77049
      0.77236
      0.76613
         0.76
       0.7619
      0.75591
      0.75781
      0.75969
      0.76154
      0.76336
      0.76515
      0.76692
      0.76866
      0.77037
      0.77206
      0.77372
      0.77536
      0.77698
      0.77143
      0.76596
      0.76056
      0.76224
      0.75694
      0.75862
      0.75342
       0.7551
      0.75676
      0.75839
         0.76
      0.76159
      0.76316
      0.76471
      0.76623
      0.76774
      0.76923
       0.7707
      0.76582
      0.76101
       0.7625
      0.76398
      0.76543
      0.76687
      0.76829
       0.7697
      0.76506
      0.76647
      0.76786
      0.76923
      0.77059
      0.76608
      0.76744
      0.76879
      0.77011
      0.77143
      0.76705
      0.76836
      0.76966
      0.77095
      0.77222
      0.77348
      0.76923
      0.77049
      0.77174
      0.77297
      0.77419
       0.7754
       0.7766
      0.77249
      0.77368
      0.76963
      0.76562
      0.76166
      0.75773
      0.75385
         0.75
      0.75127
      0.75253
      0.75377
        0.755
      0.75622
      0.75743
      0.75862
       0.7598
      0.76098
      0.76214
      0.76329
      0.76442
      0.76555
      0.76667
      0.76303
      0.76415
      0.76526
      0.76168
      0.75814
      0.75926
      0.75576
      0.75688
      0.75799
      0.75909
      0.76018
      0.76126
      0.75785
      0.75893
      0.75556
      0.75664
       0.7533
      0.75439
      0.75546
      0.75652
      0.75325
      0.75431
      0.75536
      0.75641
      0.75319
      0.75424
      0.75527
       0.7563
      0.75732
      0.75833
      0.75519
       0.7562
       0.7572
       0.7541
      0.75102
      0.75203
      0.75304
      0.75403
      0.75502
        0.756
      0.75697
      0.75794
      0.75889
      0.75984
      0.76078
      0.75781
      0.75875
      0.75969
      0.76062
      0.76154
      0.76245
      0.76336
      0.76426
      0.76136
      0.76226
      0.76316
       0.7603
      0.75746
      0.75836
      0.75556
      0.75646
      0.75735
      0.75458
      0.75547
      0.75636
      0.75362
      0.75451
       0.7554
      0.75269
      0.75357
      0.75445
      0.75532
      0.75265
      0.75352
      0.75439
      0.75175
      0.75261
      0.75347
      0.75433
      0.75517
      0.75601
      0.75685
      0.75427
       0.7517
      0.75254
      0.75338
      0.75421
      0.75503
      0.75585
      0.75333
      0.75415
      0.75497
      0.75578
      0.75658
      0.75738
      0.75817
      0.75896
      0.75649
      0.75405
      0.75161
       0.7492
      0.74679
       0.7476
      0.74522
      0.74603
      0.74684
      0.74448
      0.74528
      0.74608
      0.74687
      0.74455
      0.74534
      0.74303
      0.74074
      0.74154
      0.73926
      0.74006
       0.7378
      0.73556
      0.73333
      0.73414
      0.73193
      0.72973
      0.72754
      0.72836
      0.72917
        0.727
      0.72485
      0.72271
      0.72353
      0.72141
       0.7193
       0.7172
      0.71512
      0.71304
      0.71098
      0.71182
      0.71264
      0.71347
      0.71429
      0.71225
      0.71307
      0.71105
      0.71186
      0.71268
      0.71348
      0.71429
      0.71508
      0.71588
      0.71667
      0.71745
      0.71823
      0.71901
      0.71703
      0.71781
      0.71585
      0.71662
      0.71739
      0.71816
      0.71892
      0.71968
      0.71774
      0.71582
       0.7139
        0.712
      0.71277
      0.71353
      0.71429
       0.7124
      0.71053
      0.71129
      0.71204
      0.71018
      0.70833
      0.70909
      0.70984
      0.71059
      0.71134
      0.71208
      0.71282
      0.71355
      0.71429
      0.71247
      0.71066
      0.70886
       0.7096
      0.70781
      0.70603
      0.70426
        0.705
      0.70574
      0.70398
      0.70471
      0.70545
      0.70617
       0.7069
      0.70762
      0.70833
      0.70905
      0.70732
      0.70803
      0.70874
      0.70944
      0.71014
      0.70843
      0.70673
      0.70743
      0.70813
      0.70644
      0.70714
      0.70784
      0.70616
      0.70686
      0.70519
      0.70588
      0.70423
      0.70492
      0.70327
      0.70396
      0.70465
      0.70302
       0.7037
      0.70439
      0.70507
      0.70575
      0.70642
      0.70481
      0.70548
      0.70387
      0.70455
      0.70295
      0.70136
      0.69977
      0.70045
      0.69888
      0.69955
      0.70022
      0.70089
      0.70156
      0.70222
      0.70067
      0.70133
      0.70199
      0.70044
       0.6989
      0.69737
      0.69803
      0.69651
      0.69499
      0.69348
      0.69414
      0.69264
       0.6933
      0.69181
      0.69247
      0.69313
      0.69165
      0.69231
      0.69296
      0.69362
      0.69427
      0.69492
      0.69556
       0.6962
      0.69684
      0.69538
      0.69392
      0.69456
       0.6952
      0.69583
      0.69647
       0.6971
      0.69772
      0.69835
      0.69897
      0.69959
      0.70021
      0.70082
      0.69939
          0.7
      0.70061
      0.70122
       0.6998
       0.7004
      0.70101
      0.70161
      0.70221
      0.70281
      0.70341
        0.704
      0.70259
      0.70319
      0.70179
      0.70238
      0.70099
       0.6996
       0.7002
      0.70079
      0.70138
      0.70196
      0.70059
      0.69922
      0.69786
      0.69844
      0.69709
      0.69767
      0.69826
      0.69884
       0.6975
      0.69615
      0.69482
      0.69349
      0.69216
      0.69084
      0.68952
      0.69011
       0.6907
      0.68939
      0.68809
      0.68868
      0.68927
      0.68797
      0.68668
      0.68727
      0.68785
      0.68843
      0.68715
      0.68773
      0.68831
      0.68889
      0.68762
      0.68819
      0.68877
      0.68934
      0.68991
      0.68864
      0.68921
      0.68978
      0.69035
      0.69091
      0.69147
      0.69203
      0.69259
      0.69134
      0.69009
      0.69065
       0.6912
      0.68996
      0.69052
      0.68929
      0.68806
      0.68683
      0.68739
      0.68794
       0.6885
      0.68905
      0.68783
      0.68838
      0.68717
      0.68772
      0.68651
      0.68706
      0.68761
      0.68815
       0.6887
      0.68924
      0.68977
      0.69031
      0.68912
      0.68966
      0.68847
      0.68729
      0.68782
      0.68836
      0.68889
      0.68942
      0.68825
      0.68707
      0.68591
      0.68644
      0.68697
       0.6875
      0.68634
      0.68687
      0.68739
      0.68792
      0.68677
      0.68562
      0.68614
      0.68667
      0.68719
      0.68605
      0.68491
      0.68543
       0.6843
      0.68317
      0.68204
      0.68257
      0.68309
      0.68197
      0.68249
      0.68137
      0.68189
      0.68241
       0.6813
      0.68019
      0.68071
      0.68123
      0.68013
      0.68065
      0.68116
      0.68167
      0.68218
      0.68269
       0.6816
      0.68051
      0.68102
      0.68153
      0.68203
      0.68254
      0.68304
      0.68354
      0.68246
      0.68297
      0.68346
      0.68396
      0.68289
      0.68182
      0.68075
      0.68125
      0.68019
      0.67913
      0.67963
      0.67857
      0.67907
      0.67957
      0.67852
      0.67747
      0.67797
      0.67692
      0.67742
      0.67791
      0.67841
       0.6789
      0.67939
      0.67988
      0.67884
      0.67781
       0.6783
      0.67879
      0.67927
      0.67976
      0.68024
      0.67922
       0.6782
      0.67868
      0.67766
      0.67814
      0.67713
      0.67761
       0.6766
      0.67708
      0.67756
      0.67656
      0.67704
      0.67604
      0.67504
      0.67552
      0.67599
      0.67647
      0.67548
      0.67595
      0.67496
      0.67398
      0.67445
      0.67347
      0.67394
      0.67297
      0.67344
      0.67391
      0.67294
      0.67197
      0.67244
      0.67291
      0.67338
      0.67385
      0.67432
      0.67335
      0.67382
      0.67429
      0.67475
      0.67379
      0.67425
      0.67472
      0.67376
      0.67422
      0.67468
      0.67514
       0.6756
      0.67606
      0.67651
      0.67556
      0.67602
      0.67647
      0.67692
      0.67737
      0.67782
      0.67827
      0.67733
      0.67778
      0.67822
      0.67867
      0.67773
       0.6768
      0.67724
      0.67769
      0.67813
       0.6772
      0.67627
      0.67671
      0.67715
      0.67623
      0.67667
      0.67711
      0.67755
      0.67799
      0.67843
      0.67886
       0.6793
      0.67973
      0.68016
      0.68059
      0.68102
      0.68145
      0.68188
      0.68231
      0.68273
      0.68316
      0.68358
        0.684
      0.68442
      0.68351
      0.68393
      0.68435
      0.68477
      0.68386
      0.68428
       0.6847
      0.68511
      0.68421
      0.68331
      0.68373
      0.68283
      0.68194
      0.68105
      0.68146
      0.68188
      0.68229
       0.6827
      0.68312
      0.68353
      0.68394
      0.68435
      0.68475
      0.68516
      0.68428
      0.68468
       0.6838
      0.68421
      0.68333
      0.68374
      0.68286
      0.68327
      0.68367
      0.68408
      0.68448
      0.68488
      0.68528
      0.68568
      0.68608
      0.68647
      0.68687
      0.68726
      0.68766
      0.68679
      0.68593
      0.68632
      0.68672
      0.68711
       0.6875
      0.68789
      0.68828
      0.68742
      0.68781
       0.6882
      0.68859
      0.68897
      0.68936
      0.68974
      0.69012
      0.69051
      0.68966
      0.69004
      0.69042
       0.6908
      0.69118
      0.69155
      0.69193
      0.69109
      0.69146
      0.69184
      0.69221
      0.69259
      0.69296
      0.69212
      0.69249
      0.69287
      0.69203
       0.6924
      0.69277
      0.69314
      0.69351
      0.69388
      0.69424
      0.69461
      0.69498
      0.69534
       0.6957
      0.69487
      0.69524
       0.6956
      0.69596
      0.69632
      0.69668
      0.69586
      0.69622
      0.69658
      0.69693
      0.69729
      0.69765
        0.698
      0.69718
      0.69754
      0.69789
      0.69825
       0.6986
      0.69895
      0.69814
      0.69849
      0.69884
      0.69919
      0.69954
      0.69873
      0.69792
      0.69827
      0.69746
      0.69666
        0.697
      0.69735
       0.6977
       0.6969
      0.69725
      0.69759
       0.6968
      0.69714
      0.69635
      0.69555
       0.6959
      0.69625
      0.69545
       0.6958
      0.69615
      0.69649
      0.69683
      0.69718
      0.69752
      0.69786
      0.69707
      0.69741
      0.69775
      0.69697
      0.69731
      0.69765
      0.69799
      0.69832
      0.69866
        0.699
      0.69933
      0.69855
      0.69778
        0.697
      0.69734
      0.69657
       0.6969
      0.69613
      0.69536
       0.6957
      0.69493
      0.69417
      0.69451
      0.69374
      0.69298
      0.69222
      0.69256
       0.6929
      0.69214
      0.69138
      0.69063
      0.69097
      0.69022
      0.69055
      0.69089
      0.69122
      0.69048
      0.68973
      0.68898
      0.68824
       0.6875
      0.68784
      0.68817
      0.68851
      0.68884
      0.68917
      0.68844
      0.68877
       0.6891
      0.68837
      0.68763
      0.68797
       0.6883
      0.68863
      0.68896
      0.68823
      0.68856
      0.68889
      0.68816
      0.68849
      0.68776
      0.68809
      0.68842
      0.68875
      0.68908
       0.6894
      0.68973
      0.69005
      0.69038
       0.6907
      0.69102
      0.69135
      0.69063
      0.69095
      0.69127
      0.69159
      0.69191
      0.69223
      0.69255
      0.69286
      0.69215
      0.69247
      0.69278
      0.69207
      0.69239
       0.6927
      0.69302
      0.69333
      0.69365
      0.69396
      0.69427
      0.69356
      0.69286
      0.69317
      0.69348
      0.69379
      0.69411
      0.69442
      0.69473
      0.69402
      0.69433
      0.69464
      0.69495
      0.69526
      0.69456
      0.69486
      0.69517
      0.69447
      0.69478
      0.69509
      0.69439
      0.69369
        0.694
      0.69331
      0.69361
      0.69292
      0.69323
      0.69353
      0.69384
      0.69315
      0.69246
      0.69277
      0.69307
      0.69337
      0.69269
      0.69299
      0.69231
      0.69163
      0.69193
      0.69223
      0.69253
      0.69284
      0.69314
      0.69344
      0.69374
      0.69306
      0.69336
      0.69268
      0.69298
      0.69328
      0.69358
      0.69388
      0.69417
      0.69447
      0.69477
      0.69506
      0.69536
      0.69469
      0.69402
      0.69335
      0.69364
      0.69394
      0.69327
       0.6926
       0.6929
      0.69319
      0.69349
      0.69378
      0.69407
      0.69436
      0.69466
      0.69399
      0.69429
      0.69458
      0.69392
      0.69421
       0.6945
      0.69384
      0.69318
      0.69347
      0.69376
      0.69405
      0.69434
      0.69463
      0.69492
      0.69426
      0.69455
      0.69484
      0.69512
      0.69447
      0.69476
      0.69504
      0.69439
      0.69374
       0.6931
      0.69338
      0.69367
      0.69395
      0.69424
      0.69452
      0.69481
      0.69509
      0.69537
      0.69565
      0.69501
      0.69437
      0.69373
      0.69401
      0.69337
      0.69365
      0.69393
      0.69421
       0.6945
      0.69478
      0.69505
      0.69442
       0.6947
      0.69406
      0.69343
      0.69371
      0.69399
      0.69427
      0.69364
