     MU:      SIGMA:     E_MEASURED:    ERROR:
    -0.74403     0.67329    -0.41597   0.0036249
    -0.64292     0.97184    -0.18062    0.014548
    -0.47285      1.0121    -0.19819    0.011284
    -0.53987     0.81388    -0.27592   0.0056265
    -0.31484     0.69966   -0.065321   0.0059239
    -0.18678     0.92928    -0.23602   0.0047153
   -0.082269     0.90298     -0.2198   0.0050664
     0.16851     0.98406    -0.25529   0.0075168
     0.16851     0.98406    -0.25529   0.0075168
     0.26818     0.76773    -0.12827    0.005504
  -0.0061657      1.0472    -0.24166    0.011185
    0.079191      1.2335   -0.038719    0.021253
   -0.061246      1.0844    -0.22649    0.011475
  -0.0049966     0.84515    -0.16807   0.0051431
  -0.0049966     0.84515    -0.16807   0.0051431
  -0.0049966     0.84515    -0.16807   0.0051431
    0.045786      1.0856    -0.22291    0.010796
     0.31531      1.0439    -0.21675     0.01025
     0.31531      1.0439    -0.21675     0.01025
     0.31531      1.0439    -0.21675     0.01025
     0.18324      1.0909    -0.21539     0.01162
     0.45329      1.0971    -0.10988    0.018459
      0.3532       1.212    0.084523    0.031232
      0.3532       1.212    0.084523    0.031232
      0.3532       1.212    0.084523    0.031232
     0.12273      1.2871     0.18093    0.027664
     0.12273      1.2871     0.18093    0.027664
     0.39338      1.1026    -0.12087      0.0152
     0.15555      1.2662     0.16332    0.034124
   -0.086268       1.398     0.55412    0.048878
   -0.080204      1.3276     0.36506    0.042759
     0.17029       1.169   -0.082809    0.027964
     0.07692      1.0941    -0.20715   0.0099395
     0.36847     0.93829    -0.25579   0.0069108
     0.61267     0.74836    -0.32378   0.0054856
     0.37035      1.0264     -0.2026    0.012984
     0.57364      1.0648   -0.053136    0.020088
     0.48526      1.1766    0.076084    0.025573
     0.58901      1.0855    0.007091    0.028267
     0.58901      1.0855    0.007091    0.028267
     0.58901      1.0855    0.007091    0.028267
     0.58901      1.0855    0.007091    0.028267
      0.4506     0.85459    -0.25912    0.005416
      0.4506     0.85459    -0.25912    0.005416
     0.48531     0.63699    -0.18466   0.0048156
     0.48531     0.63699    -0.18466   0.0048156
     0.40304     0.79103    -0.22437   0.0048918
     0.26253     0.89066    -0.23094   0.0048038
     0.34534     0.73804    -0.13478   0.0048659
     0.51019     0.73419    -0.26278   0.0044294
     0.31527     0.93617    -0.24614   0.0064643
     0.13089     0.80568     -0.1173   0.0055437
     0.21223     0.74061   -0.059602   0.0057247
    0.096139      1.0266    -0.23899   0.0089838
     0.10443      1.0853    -0.22531    0.010761
    -0.10054     0.85571    -0.16992   0.0065577
     -0.3118     0.79926     -0.1814   0.0057544
     -0.3118     0.79926     -0.1814   0.0057544
     -0.3118     0.79926     -0.1814   0.0057544
    -0.45139     0.87593    -0.26832   0.0059267
    -0.37325     0.87856    -0.25895   0.0047046
    -0.17425      1.0419    -0.23817   0.0090976
    -0.15718      1.1804    -0.12808    0.014962
    -0.12378     0.94157     -0.2487   0.0052136
    -0.32538      1.0282    -0.22717    0.010461
    -0.32538      1.0282    -0.22717    0.010461
    -0.48345     0.86235    -0.26997   0.0052049
     -0.5584      1.0348    -0.13617    0.013464
    -0.71246     0.82626    -0.29105   0.0076939
    -0.68563     0.77369    -0.33816   0.0057186
    -0.68563     0.77369    -0.33816   0.0057186
    -0.45614     0.96122    -0.23364     0.01293
    -0.28647     0.86463    -0.22434   0.0049885
    -0.44297     0.96262    -0.25942    0.009296
    -0.37991     0.93939    -0.24923   0.0082973
    -0.37991     0.93939    -0.24923   0.0082973
    -0.33203      1.0263     -0.2152   0.0098448
    -0.45837     0.81209    -0.26019   0.0054819
    -0.68831      0.8354    -0.29465   0.0068492
    -0.44338     0.74452     -0.2153   0.0047013
    -0.18349     0.57541      0.3214   0.0085476
    -0.18349     0.57541      0.3214   0.0085476
    -0.46726     0.52626   -0.053951   0.0051791
    -0.29477     0.56856     0.18273   0.0078163
     -0.5561     0.83769    -0.29436    0.005626
    -0.82382     0.57714    -0.42658   0.0025502
    -0.98326     0.66304    -0.26251   0.0083116
    -0.94848     0.57843     -0.3488   0.0035563
    -0.94848     0.57843     -0.3488   0.0035563
    -0.98627     0.59968     -0.3019   0.0047622
    -0.98627     0.59968     -0.3019   0.0047622
    -0.98627     0.59968     -0.3019   0.0047622
    -0.98627     0.59968     -0.3019   0.0047622
    -0.98627     0.59968     -0.3019   0.0047622
    -0.98627     0.59968     -0.3019   0.0047622
    -0.98627     0.59968     -0.3019   0.0047622
    -0.94211     0.61399    -0.36243   0.0046777
    -0.81144     0.62075    -0.44123   0.0024037
    -0.65801     0.79898    -0.31867   0.0082901
    -0.52833     0.72585     -0.2662   0.0040808
     -0.6918      1.0209    0.011829    0.027052
    -0.58966     0.82688    -0.28356   0.0074224
    -0.48422      0.6905    -0.22166   0.0046432
    -0.49253     0.64801    -0.19019   0.0047752
    -0.24029     0.79266    -0.13705   0.0049943
    -0.33456     0.73552    -0.11849   0.0049655
    -0.26818     0.76305    -0.12629   0.0058527
    -0.39799     0.64654   -0.076569   0.0057046
    -0.29622     0.43837     0.52949    0.010034
   -0.025204     0.60195       0.338   0.0084767
   -0.025204     0.60195       0.338   0.0084767
    -0.32378     0.56074     0.16419   0.0073824
    -0.31554     0.55591     0.18397   0.0080772
    -0.31554     0.55591     0.18397   0.0080772
    -0.31554     0.55591     0.18397   0.0080772
    -0.37012     0.58818    0.051676   0.0060848
    -0.37012     0.58818    0.051676   0.0060848
     -0.2379      0.6307     0.13348   0.0077882
    -0.18978     0.84637    -0.17491   0.0051233
   -0.054269      1.0903    -0.19995    0.012364
    0.035134      1.2818    0.078832    0.026371
    0.075883      1.1692     -0.1257    0.016157
    0.075883      1.1692     -0.1257    0.016157
      0.3513     0.91228    -0.25494   0.0068121
      0.3513     0.91228    -0.25494   0.0068121
    0.060361      1.0363    -0.25005    0.009679
    0.060361      1.0363    -0.25005    0.009679
    -0.10976       1.205   -0.050267    0.021084
    0.061828      1.3548     0.43687    0.047931
    -0.19557      1.2329   -0.021907    0.021558
    -0.19557      1.2329   -0.021907    0.021558
     -0.4015      1.0066     -0.2301   0.0098592
    -0.44422     0.71911    -0.20844   0.0051523
    -0.41131     0.78728    -0.21129   0.0046599
    -0.41131     0.78728    -0.21129   0.0046599
    -0.21012      1.0366    -0.23456   0.0087702
    -0.31813     0.80094    -0.18387   0.0061733
    -0.33778      1.0185    -0.23976   0.0088302
    -0.40002      0.8624    -0.25701   0.0050492
    -0.67125     0.56907    -0.37463   0.0034818
    -0.67125     0.56907    -0.37463   0.0034818
    -0.84697     0.57409    -0.42017   0.0030415
    -0.65736     0.68415    -0.37854   0.0026332
    -0.65736     0.68415    -0.37854   0.0026332
    -0.65736     0.68415    -0.37854   0.0026332
     -0.3944     0.69872    -0.13787   0.0054729
    -0.13169      0.8848    -0.20235     0.00545
   -0.027877     0.77829     -0.0738   0.0062671
    -0.29992     0.74378    -0.10986   0.0054421
    -0.40225     0.70721    -0.14997   0.0052862
    -0.21025     0.93244    -0.24039   0.0058743
   -0.059176       1.073    -0.22249    0.011517
    0.075389      1.1626    -0.13323    0.018034
     0.16102      1.1544    -0.13815    0.016988
     0.31197     0.98475     -0.2469   0.0087602
     0.31197     0.98475     -0.2469   0.0087602
     0.25383     0.86037    -0.21573   0.0055135
      0.2416     0.87648    -0.21818   0.0052978
     0.42131     0.82495    -0.25145   0.0051865
     0.71839     0.79502    -0.32589   0.0065902
     0.46552      1.0247    -0.18668    0.012021
     0.65848     0.75035    -0.34707   0.0048174
     0.45567     0.71388    -0.20271   0.0043771
     0.45567     0.71388    -0.20271   0.0043771
     0.59086     0.53269     -0.2602   0.0046988
     0.82091     0.65225    -0.43451   0.0036616
     0.82091     0.65225    -0.43451   0.0036616
     0.82091     0.65225    -0.43451   0.0036616
     0.67763     0.76557    -0.34491   0.0062347
     0.67763     0.76557    -0.34491   0.0062347
     0.75548     0.66089     -0.4297   0.0026965
     0.99263     0.76677   -0.047726    0.015265
     0.99263     0.76677   -0.047726    0.015265
     0.84441     0.65241    -0.42098   0.0043857
     0.95193     0.81088   -0.084705    0.013483
     0.95193     0.81088   -0.084705    0.013483
     0.91975       0.931      0.1577    0.023346
      1.0327     0.91496     0.54111     0.03471
      1.0327     0.91496     0.54111     0.03471
     0.83888      1.1315     0.68439    0.037994
     0.73664      1.1224     0.30618    0.030863
     0.47708      1.1668    0.065318    0.023717
     0.47708      1.1668    0.065318    0.023717
     0.60019      1.0201   -0.092226     0.01793
       0.774     0.82717     -0.2536    0.011846
       0.774     0.82717     -0.2536    0.011846
     0.49239     0.82143    -0.28121   0.0055592
     0.57128     0.89637    -0.26469   0.0079635
     0.65358     0.85499    -0.26029    0.011421
     0.50755     0.99803    -0.20804    0.013318
     0.31308     0.99678    -0.24701   0.0093819
     0.39481      1.2338     0.15274    0.025375
     0.39481      1.2338     0.15274    0.025375
     0.39481      1.2338     0.15274    0.025375
     0.60334      1.2879      0.6634     0.04534
     0.67127      1.1912     0.41115    0.040476
     0.41109      1.2321     0.20628    0.030129
     0.33438      1.1028    -0.14367    0.015971
    0.071089      1.1059    -0.20331     0.01042
    0.071089      1.1059    -0.20331     0.01042
    0.072478      1.3381     0.35479    0.042051
     0.25133      1.1805    -0.06304    0.022509
    0.066833       1.083    -0.22424    0.010807
     0.23256     0.87781    -0.22748   0.0049056
     0.24894     0.94535    -0.25022   0.0054918
     0.41932      0.8589    -0.24234   0.0055805
     0.18342      1.0432    -0.22773     0.01119
     0.18342      1.0432    -0.22773     0.01119
     0.18342      1.0432    -0.22773     0.01119
     0.18342      1.0432    -0.22773     0.01119
     0.18342      1.0432    -0.22773     0.01119
     0.18342      1.0432    -0.22773     0.01119
     0.21607      1.2627     0.10638    0.028762
     0.21607      1.2627     0.10638    0.028762
     0.26127      1.1848   -0.022899    0.023763
     0.27599     0.99022    -0.25235   0.0082374
     0.27599     0.99022    -0.25235   0.0082374
     0.41901     0.71074    -0.17479   0.0052479
     0.58262     0.67185    -0.30683   0.0040311
     0.35097     0.61121    0.034475   0.0058561
     0.35097     0.61121    0.034475   0.0058561
     0.62865     0.53152    -0.29127   0.0048089
     0.62865     0.53152    -0.29127   0.0048089
     0.62865     0.53152    -0.29127   0.0048089
     0.80193     0.62121    -0.44436   0.0027327
     0.80193     0.62121    -0.44436   0.0027327
     0.73817      0.3576     0.73602    0.020721
     0.73817      0.3576     0.73602    0.020721
     0.73817      0.3576     0.73602    0.020721
     0.73817      0.3576     0.73602    0.020721
     0.88078     0.65589    -0.40449   0.0046015
     0.88078     0.65589    -0.40449   0.0046015
     0.88078     0.65589    -0.40449   0.0046015
     0.88078     0.65589    -0.40449   0.0046015
     0.87135     0.75176    -0.31147   0.0095126
     0.59106      0.4688    -0.14678   0.0064933
     0.59106      0.4688    -0.14678   0.0064933
     0.59106      0.4688    -0.14678   0.0064933
     0.59106      0.4688    -0.14678   0.0064933
     0.47722     0.55864   -0.095318   0.0051186
     0.47722     0.55864   -0.095318   0.0051186
     0.47722     0.55864   -0.095318   0.0051186
     0.47722     0.55864   -0.095318   0.0051186
     0.47722     0.55864   -0.095318   0.0051186
     0.47722     0.55864   -0.095318   0.0051186
     0.47722     0.55864   -0.095318   0.0051186
     0.72246     0.80089      -0.315   0.0077627
      0.5588     0.64735    -0.27889   0.0033766
     0.79326     0.42091     0.09584    0.013942
     0.54235     0.62636    -0.25106   0.0042786
     0.54235     0.62636    -0.25106   0.0042786
     0.59547       0.616    -0.31124   0.0033017
     0.59547       0.616    -0.31124   0.0033017
     0.29784     0.86769    -0.21396   0.0061478
    0.027841     0.64654     0.19823   0.0078942
     0.21924     0.44498     0.72261     0.01178
   -0.080547      0.5643     0.43596   0.0098389
    -0.10823      0.3857      1.3645    0.019189
    0.094379     0.49884     0.69746    0.012241
     -0.1379     0.74698   -0.034531   0.0054441
   -0.070387      0.6836     0.11432   0.0066792
    -0.25651     0.93014    -0.25573   0.0058467
    -0.34604     0.82887    -0.21838   0.0043762
    -0.34604     0.82887    -0.21838   0.0043762
    -0.55262     0.62912    -0.27309   0.0041608
    -0.55262     0.62912    -0.27309   0.0041608
    -0.62691     0.85841    -0.27863   0.0085427
    -0.86832     0.67517    -0.40632   0.0046554
    -0.61268     0.60298    -0.33092   0.0030946
    -0.62453     0.34436     0.82145    0.020068
    -0.46877     0.31862     0.84414    0.022989
    -0.46877     0.31862     0.84414    0.022989
    -0.46877     0.31862     0.84414    0.022989
    -0.46877     0.31862     0.84414    0.022989
    -0.46877     0.31862     0.84414    0.022989
    -0.51813     0.56795    -0.17862   0.0044238
    -0.28427     0.82608    -0.19319   0.0056432
    -0.21439     0.97275    -0.25865   0.0057042
    -0.21439     0.97275    -0.25865   0.0057042
    -0.21439     0.97275    -0.25865   0.0057042
   -0.046187      1.2488    0.052115    0.027029
    0.048392      1.3173     0.23389    0.035582
    0.048392      1.3173     0.23389    0.035582
    0.048392      1.3173     0.23389    0.035582
     0.31249      1.2776     0.24165    0.036914
    0.079841      1.2563     0.06516    0.020899
    -0.18881      1.2092   -0.057182    0.016875
    -0.12382      1.3382     0.33903    0.039902
   -0.014908      1.0588    -0.22754    0.010301
    0.038069     0.78129   -0.072041     0.00598
     0.26781     0.55189     0.28863   0.0081121
     0.56312     0.81895    -0.30252   0.0051355
     0.56312     0.81895    -0.30252   0.0051355
     0.56312     0.81895    -0.30252   0.0051355
     0.56312     0.81895    -0.30252   0.0051355
     0.45575       1.063    -0.17939    0.014816
     0.45575       1.063    -0.17939    0.014816
     0.45575       1.063    -0.17939    0.014816
     0.45575       1.063    -0.17939    0.014816
     0.53846      1.2368     0.37624    0.037335
     0.37036      1.1729  -0.0064548     0.02028
     0.37036      1.1729  -0.0064548     0.02028
     0.62787      1.2592     0.53183    0.038649
     0.73953      1.0484     0.14319    0.028816
     0.81754     0.77097    -0.30087   0.0094722
      0.7566     0.88636    -0.20232    0.012756
     0.70048       1.027    0.054301    0.022473
     0.77738     0.97887    0.029228    0.020779
     0.81118     0.79518    -0.28567   0.0085231
     0.81118     0.79518    -0.28567   0.0085231
     0.86178      1.0802     0.54993    0.037948
     0.71034      1.2869      1.0955    0.073329
     0.96441      1.2079       1.612     0.07154
      0.8952      1.0384     0.41163     0.03029
      0.8952      1.0384     0.41163     0.03029
      0.8952      1.0384     0.41163     0.03029
     0.91506     0.83633   -0.077701    0.020113
     0.84999     0.94315     0.03388     0.02178
     0.84999     0.94315     0.03388     0.02178
     0.91507     0.99142     0.40282    0.031405
      1.0673     0.78148     0.15139    0.019288
      1.0673     0.78148     0.15139    0.019288
     0.81577     0.86275    -0.16608    0.015746
     0.81577     0.86275    -0.16608    0.015746
     0.52517      0.9056    -0.25774   0.0081273
     0.52517      0.9056    -0.25774   0.0081273
     0.38023     0.92203    -0.24401   0.0075428
     0.38023     0.92203    -0.24401   0.0075428
       0.208     0.89221    -0.22761   0.0050661
     0.29382     0.61361     0.10724   0.0067964
     0.29382     0.61361     0.10724   0.0067964
    0.080914     0.51629     0.64356    0.011566
     0.34623     0.81356    -0.20529   0.0045174
     0.48223     0.60006    -0.14861   0.0049218
     0.73729     0.42311     0.07227     0.01241
     0.87528     0.40985     0.21501      0.0124
     0.87528     0.40985     0.21501      0.0124
      0.7574     0.58778    -0.43242   0.0021956
      0.7574     0.58778    -0.43242   0.0021956
     0.85547     0.59748     -0.4253   0.0029348
     0.85547     0.59748     -0.4253   0.0029348
     0.85547     0.59748     -0.4253   0.0029348
     0.85547     0.59748     -0.4253   0.0029348
      0.7756     0.56211    -0.41629   0.0033967
      0.7756     0.56211    -0.41629   0.0033967
      0.8077     0.68788    -0.41078   0.0050073
     0.76145     0.55516    -0.40616   0.0041308
      0.7145     0.56097    -0.39435   0.0033412
     0.84046     0.59716    -0.43769   0.0028393
      1.0627     0.80484     0.23424    0.022569
      1.0627     0.80484     0.23424    0.022569
      1.0338     0.89623     0.37953    0.028176
      1.0984     0.59946   -0.065317   0.0069421
      1.0984     0.59946   -0.065317   0.0069421
      1.0984     0.59946   -0.065317   0.0069421
      1.0984     0.59946   -0.065317   0.0069421
     0.91565     0.40113     0.31371    0.013332
     0.91565     0.40113     0.31371    0.013332
     0.91565     0.40113     0.31371    0.013332
     0.91565     0.40113     0.31371    0.013332
     0.94486     0.56383    -0.33959   0.0038206
     0.94486     0.56383    -0.33959   0.0038206
      1.0075     0.63614    -0.24938   0.0064814
      1.0075     0.63614    -0.24938   0.0064814
     0.86236     0.54001      -0.368   0.0038868
     0.86546     0.41713     0.18217    0.012633
     0.86546     0.41713     0.18217    0.012633
     0.85856     0.49088    -0.22201   0.0070548
     0.93502     0.71429    -0.27964   0.0082607
     0.77602     0.49654    -0.28479   0.0072992
     0.72394     0.49501    -0.29049   0.0054332
     0.46508     0.65976    -0.17224   0.0050791
     0.24727     0.90935     -0.2382   0.0059037
     0.36638     0.61894  -0.0062909   0.0063272
     0.33941     0.44482     0.36957   0.0095322
     0.33941     0.44482     0.36957   0.0095322
     0.33941     0.44482     0.36957   0.0095322
      0.1822     0.73724   -0.039433   0.0057283
      0.3619      1.0128    -0.22456   0.0095849
     0.55582      1.1112  -0.0067997    0.022904
     0.58285     0.81799    -0.29345   0.0059324
     0.62056      1.0167    -0.11132    0.019133
     0.66734      1.1494     0.26213    0.029294
     0.57031      1.3176     0.77422    0.053962
     0.41622      1.2312      0.1668    0.029913
     0.57418        1.04   -0.083019    0.020696
      0.7297     0.97429   -0.077916    0.019544
     0.87899     0.93049     0.11573    0.024812
     0.87899     0.93049     0.11573    0.024812
     0.71819     0.70214    -0.39568    0.004078
     0.72164     0.78005    -0.34632   0.0060471
      0.5691     0.76982    -0.31307   0.0042746
      0.5691     0.76982    -0.31307   0.0042746
     0.35006     0.98953    -0.24041    0.010405
      0.4728     0.89434    -0.25921   0.0084003
     0.65589      0.7434    -0.35577    0.004409
     0.79401      1.0345     0.18079    0.027602
     0.71698      1.0825     0.17115    0.026925
     0.47783      1.1959      0.2673    0.039891
     0.70143      1.0628    0.099369    0.027101
     0.70143      1.0628    0.099369    0.027101
     0.81531     0.92099   -0.016752     0.02222
     0.81531     0.92099   -0.016752     0.02222
      1.0426       0.792     0.13808    0.020519
      1.0426       0.792     0.13808    0.020519
      1.0426       0.792     0.13808    0.020519
     0.80783       0.521    -0.34505   0.0051966
     0.99975     0.54334    -0.23157   0.0041631
      1.0168     0.55846    -0.23149   0.0040883
      1.0703      0.5719    -0.13499   0.0065535
      1.0703      0.5719    -0.13499   0.0065535
      1.0703      0.5719    -0.13499   0.0065535
      1.0703      0.5719    -0.13499   0.0065535
     0.79269     0.87038    -0.18035    0.013943
     0.79269     0.87038    -0.18035    0.013943
     0.76723     0.62112    -0.44149   0.0020752
     0.83821     0.64053    -0.43717   0.0029852
      1.0135     0.43706     0.12913   0.0071513
      1.0135     0.43706     0.12913   0.0071513
      1.0135     0.43706     0.12913   0.0071513
      1.0135     0.43706     0.12913   0.0071513
      1.0135     0.43706     0.12913   0.0071513
      1.0135     0.43706     0.12913   0.0071513
      1.0135     0.43706     0.12913   0.0071513
      1.0135     0.43706     0.12913   0.0071513
     0.90919     0.55917    -0.36323   0.0031253
     0.95628     0.55513    -0.31139    0.003349
     0.95628     0.55513    -0.31139    0.003349
     0.95628     0.55513    -0.31139    0.003349
     0.75263     0.84828    -0.24177    0.011337
     0.58449     0.60476    -0.29646   0.0037433
     0.58449     0.60476    -0.29646   0.0037433
     0.58449     0.60476    -0.29646   0.0037433
     0.35203     0.71429    -0.11349   0.0055343
     0.20045      0.7014    0.013062   0.0073328
    0.013197     0.73411    0.006478   0.0062314
    0.013197     0.73411    0.006478   0.0062314
  -0.0071096     0.76588   -0.061324   0.0064392
    -0.18587     0.73019   -0.037262   0.0059729
   -0.031923      0.9381    -0.22719   0.0055346
   -0.031923      0.9381    -0.22719   0.0055346
    -0.32401     0.74802    -0.13412   0.0048006
    -0.33498     0.65444  -0.0091323   0.0063759
    -0.44449     0.49522    0.038055   0.0059661
    -0.16162     0.67112     0.10031   0.0074532
    -0.16162     0.67112     0.10031   0.0074532
     -0.0397     0.69081    0.094657   0.0072613
     0.24981     0.94098    -0.24967   0.0067176
    0.076367      1.0372    -0.24253    0.010294
    0.086134      1.0688    -0.22904   0.0095173
     0.23329      1.0533    -0.22317    0.010176
     0.35336     0.96217    -0.25297   0.0075941
     0.15248     0.82868    -0.15261   0.0052879
     0.15248     0.82868    -0.15261   0.0052879
     0.15248     0.82868    -0.15261   0.0052879
     0.16256     0.81659    -0.15344   0.0050036
     0.39491      1.0828    -0.13217    0.014045
     0.39491      1.0828    -0.13217    0.014045
     0.24627      1.2678     0.15581    0.026396
     0.24627      1.2678     0.15581    0.026396
     0.24627      1.2678     0.15581    0.026396
     0.24627      1.2678     0.15581    0.026396
     0.30669      1.0601    -0.19561    0.013668
     0.27896      1.1917   -0.012936    0.027256
     0.41603       1.115    -0.10902    0.017847
     0.12576      1.0171     -0.2405   0.0092148
     0.12576      1.0171     -0.2405   0.0092148
    0.072713     0.97408    -0.24729   0.0085049
    0.072713     0.97408    -0.24729   0.0085049
   -0.072691      1.0836    -0.21608    0.012431
   -0.072691      1.0836    -0.21608    0.012431
     0.10387      1.1525    -0.15092    0.016363
    -0.10082      1.1306    -0.15908    0.014637
    -0.26301     0.91624    -0.24112   0.0063064
    -0.35112      0.8256    -0.22575   0.0054325
    -0.21859     0.57846     0.26851   0.0084982
    -0.33901     0.62011    0.032715   0.0070914
    -0.43338     0.39594     0.26735   0.0089994
    -0.43338     0.39594     0.26735   0.0089994
      -0.354     0.37789      0.5152   0.0098125
      -0.354     0.37789      0.5152   0.0098125
      -0.354     0.37789      0.5152   0.0098125
    -0.31126     0.64251    0.041636   0.0065331
    -0.55684     0.85925    -0.27566   0.0081294
    -0.53177     0.81723    -0.28722   0.0060506
    -0.82842     0.69559    -0.39697   0.0058459
    -0.82842     0.69559    -0.39697   0.0058459
    -0.82842     0.69559    -0.39697   0.0058459
    -0.82842     0.69559    -0.39697   0.0058459
     -0.8657     0.39717     0.32744    0.014129
     -1.1351     0.65676     0.11765    0.013943
    -0.88252     0.53489     -0.3429   0.0039276
    -0.88252     0.53489     -0.3429   0.0039276
    -0.78258      0.4552   -0.097686    0.009345
    -0.79741     0.44134   -0.029905     0.01057
     -0.6208     0.49866    -0.24982   0.0051642
     -0.6208     0.49866    -0.24982   0.0051642
     -0.6208     0.49866    -0.24982   0.0051642
    -0.88144     0.77208    -0.25031    0.010147
     -1.0337     0.49218      -0.066   0.0052754
    -0.82473     0.53739    -0.37408   0.0046935
    -0.82473     0.53739    -0.37408   0.0046935
    -0.82473     0.53739    -0.37408   0.0046935
    -0.78216     0.73248    -0.37697   0.0054911
    -0.78216     0.73248    -0.37697   0.0054911
    -0.78216     0.73248    -0.37697   0.0054911
    -0.78216     0.73248    -0.37697   0.0054911
    -0.92138     0.53051    -0.30951   0.0038362
     -0.6544     0.55349    -0.34845   0.0037795
     -0.6544     0.55349    -0.34845   0.0037795
    -0.76246     0.73346    -0.37003   0.0065248
    -0.76246     0.73346    -0.37003   0.0065248
    -0.82208     0.86012    -0.16039    0.013968
    -0.86588      1.0784     0.56146    0.038214
    -0.86588      1.0784     0.56146    0.038214
    -0.86588      1.0784     0.56146    0.038214
    -0.98773     0.80159    0.016081    0.018765
    -0.90019     0.51703    -0.28552   0.0047375
    -0.90019     0.51703    -0.28552   0.0047375
    -0.96576     0.52946    -0.25939   0.0040676
    -0.79907     0.67148    -0.42315   0.0037225
    -0.60963     0.93654    -0.21356    0.012452
    -0.46591      1.1443   -0.016495    0.021117
    -0.62133     0.93984    -0.15398    0.016624
    -0.62133     0.93984    -0.15398    0.016624
    -0.62133     0.93984    -0.15398    0.016624
     -0.6118     0.93532    -0.23008    0.011542
    -0.57287     0.89172    -0.26659   0.0082026
    -0.74735     0.66668     -0.4264   0.0027849
    -0.56084     0.68977    -0.30133   0.0038384
    -0.68314     0.71708     -0.3752   0.0041303
    -0.78914     0.86573    -0.18779     0.01524
    -0.78914     0.86573    -0.18779     0.01524
    -0.72008     0.59491    -0.41695   0.0022948
    -0.98542      0.7599   -0.068296    0.015637
     -1.2221     0.88015      1.3225    0.039454
     -1.2221     0.88015      1.3225    0.039454
     -1.2221     0.88015      1.3225    0.039454
     -1.2221     0.88015      1.3225    0.039454
    -0.96477     0.86265     0.12775    0.019634
    -0.96477     0.86265     0.12775    0.019634
    -0.96477     0.86265     0.12775    0.019634
     -0.9769     0.82077   0.0080635    0.015503
     -0.9769     0.82077   0.0080635    0.015503
    -0.94479     0.58401    -0.35158   0.0034253
     -1.0956     0.50621  -0.0046486   0.0043578
     -1.0956     0.50621  -0.0046486   0.0043578
     -1.0956     0.50621  -0.0046486   0.0043578
     -1.1035     0.59276   -0.055372   0.0081168
     -1.1035     0.59276   -0.055372   0.0081168
    -0.80618     0.56851    -0.42258   0.0029313
    -0.61725      0.5772    -0.31657   0.0037906
    -0.68936     0.49221    -0.26998   0.0067083
    -0.67928     0.51555    -0.32037    0.004672
    -0.79259     0.53817    -0.38192   0.0043544
     -1.0318     0.76117   -0.014312    0.016528
     -1.0318     0.76117   -0.014312    0.016528
     -1.0318     0.76117   -0.014312    0.016528
    -0.76278     0.57966     -0.4258   0.0025986
    -0.73302     0.52374     -0.3562   0.0050405
    -0.47552     0.73605    -0.24109   0.0045202
    -0.76845     0.54245    -0.39462   0.0037126
    -0.64155     0.58246    -0.34947   0.0028213
    -0.64155     0.58246    -0.34947   0.0028213
    -0.64155     0.58246    -0.34947   0.0028213
    -0.87303     0.80137    -0.21823    0.011314
    -0.87303     0.80137    -0.21823    0.011314
     -1.0465     0.76609    0.061553    0.016543
     -1.0465     0.76609    0.061553    0.016543
     -1.0301     0.81143      0.1523    0.020173
     -1.0301     0.81143      0.1523    0.020173
    -0.84867     0.61791    -0.43764   0.0028348
    -0.69248     0.79077    -0.32637   0.0072691
    -0.69248     0.79077    -0.32637   0.0072691
    -0.71891     0.87204    -0.24141   0.0099629
    -0.71891     0.87204    -0.24141   0.0099629
    -0.71891     0.87204    -0.24141   0.0099629
    -0.82462     0.68545    -0.40665   0.0046123
    -0.70712     0.50582    -0.30995   0.0060698
    -0.85801     0.36565      0.6603    0.016094
    -0.85801     0.36565      0.6603    0.016094
     -1.1172     0.58832   -0.013903   0.0089685
     -1.1172     0.58832   -0.013903   0.0089685
     -1.1172     0.58832   -0.013903   0.0089685
     -1.0292     0.47513   -0.033714   0.0058429
     -1.0292     0.47513   -0.033714   0.0058429
     -1.0741     0.73831    0.084541    0.016416
     -1.0741     0.73831    0.084541    0.016416
    -0.95546     0.99293     0.50504    0.035435
    -0.75206       1.131     0.46821    0.041602
    -0.75206       1.131     0.46821    0.041602
    -0.75206       1.131     0.46821    0.041602
    -0.50164      1.0389    -0.17564    0.013827
    -0.21127      1.0667    -0.22981    0.010765
    -0.45785     0.85986    -0.26992   0.0070972
    -0.64029     0.69973    -0.35549   0.0032688
    -0.71841     0.48766     -0.2647   0.0066989
    -0.71841     0.48766     -0.2647   0.0066989
     -0.6261     0.53128    -0.30119   0.0047911
    -0.78991     0.74709    -0.34706   0.0065591
    -0.62787      0.7018    -0.35352   0.0035659
    -0.62787      0.7018    -0.35352   0.0035659
    -0.45542     0.54562   -0.047822   0.0054968
     -0.5359     0.67831    -0.26272   0.0041523
     -0.5359     0.67831    -0.26272   0.0041523
    -0.31267     0.88295    -0.24283   0.0058348
    -0.30573     0.71136   -0.064295   0.0058551
    -0.34515     0.86312    -0.24723   0.0047024
    -0.33585     0.74073    -0.12766   0.0053787
    -0.45773     0.83117    -0.26562    0.005746
    -0.65644     0.92196    -0.21435    0.013615
    -0.65644     0.92196    -0.21435    0.013615
    -0.36578      1.1488   -0.047489     0.01983
    -0.17733     0.85278    -0.18614   0.0049556
    -0.31599      1.1036    -0.13146    0.019556
    -0.57678      1.0028    -0.14018     0.01632
    -0.81701      0.9077   -0.089714    0.015876
    -0.77005     0.61418    -0.44435   0.0020254
    -0.77005     0.61418    -0.44435   0.0020254
     -0.6958     0.69983    -0.39724   0.0031217
    -0.50492     0.52834    -0.12611   0.0053098
    -0.40097     0.55582     0.03459    0.006369
    -0.40097     0.55582     0.03459    0.006369
    -0.40097     0.55582     0.03459    0.006369
    -0.21203     0.69284    0.024817   0.0070368
    -0.19041     0.82995    -0.17496   0.0051856
   -0.024712      1.0586    -0.23725   0.0086423
   -0.024712      1.0586    -0.23725   0.0086423
   -0.024712      1.0586    -0.23725   0.0086423
    -0.23423      1.0913    -0.20623    0.010879
    -0.11362      1.2264   -0.019889    0.020286
    -0.11362      1.2264   -0.019889    0.020286
   -0.080165     0.93304    -0.23653   0.0056254
    -0.17333     0.74871    -0.05262    0.006257
    -0.46899      1.0241    -0.17356     0.01662
     -0.3667      1.1431   -0.055054    0.021265
    -0.45271      0.8782    -0.26409   0.0067555
    -0.56377     0.64973    -0.28758   0.0037323
    -0.73093     0.69483    -0.39607   0.0045374
    -0.48718     0.74087    -0.24481   0.0039942
    -0.55517     0.82379    -0.29577   0.0068247
    -0.45506     0.81171    -0.25885   0.0051134
    -0.58868     0.79152    -0.31125   0.0052031
    -0.29059      1.0853      -0.182    0.015099
   -0.039064      1.0671    -0.23646   0.0090911
    -0.30357     0.94459    -0.25522    0.011879
    -0.59298     0.93377    -0.21674    0.011936
    -0.44422      0.6748    -0.16113   0.0050431
    -0.19437      0.7274    -0.02394   0.0058539
    -0.49336     0.81275    -0.27006   0.0055812
    -0.54563     0.94397    -0.21316    0.013434
    -0.54563     0.94397    -0.21316    0.013434
    -0.83191     0.68986    -0.40236   0.0049791
     -0.7902     0.53269    -0.37347   0.0045471
    -0.98765     0.44211    0.067214   0.0087038
    -0.98765     0.44211    0.067214   0.0087038
     -1.2079     0.68777     0.48985    0.019287
      -1.174     0.49421     0.18896   0.0061014
     -1.2157     0.52002     0.28072   0.0070375
     -1.2157     0.52002     0.28072   0.0070375
     -1.2157     0.52002     0.28072   0.0070375
     -1.0119     0.37473     0.51167    0.015603
     -1.0119     0.37473     0.51167    0.015603
     -1.0119     0.37473     0.51167    0.015603
     -1.0119     0.37473     0.51167    0.015603
     -1.2783     0.46091     0.55369   0.0076523
      -1.117     0.41679     0.30462   0.0095594
     -1.1281     0.43171       0.271   0.0076928
     -1.0324     0.36166     0.63111    0.018098
    -0.81905     0.55753    -0.40669   0.0029677
    -0.79436     0.82842     -0.2467     0.01147
     -0.6778     0.98212     -0.1107    0.014401
    -0.50447     0.87406    -0.27764   0.0069853
    -0.56687     0.62381    -0.27575   0.0030413
    -0.36424      0.6663   -0.047372   0.0054927
    -0.36424      0.6663   -0.047372   0.0054927
    -0.24773     0.46171     0.61318    0.010502
    -0.24773     0.46171     0.61318    0.010502
     -0.2652     0.50324     0.42331   0.0085803
     -0.2652     0.50324     0.42331   0.0085803
   -0.046184     0.69187    0.095512   0.0069907
   -0.046184     0.69187    0.095512   0.0069907
     0.22414     0.80622     -0.1469   0.0049675
    0.077435     0.91238    -0.22261   0.0061506
   -0.011437     0.77134   -0.061217   0.0055719
    -0.22493     0.68399      0.0364   0.0066124
    -0.08085     0.82353    -0.14166   0.0055825
    -0.21012      1.1137    -0.18813    0.013028
    -0.49761     0.82665    -0.27911   0.0047846
    -0.45955     0.85608    -0.25853   0.0070729
    -0.66428     0.83947    -0.31002   0.0070053
    -0.77545     0.84933    -0.24352    0.011316
     -0.6255     0.75655    -0.33673     0.00412
    -0.67924     0.93215    -0.18967    0.011932
    -0.67924     0.93215    -0.18967    0.011932
    -0.67924     0.93215    -0.18967    0.011932
     -0.3974      1.1366   -0.050578    0.020536
    -0.20358      1.0869    -0.20206      0.0114
    0.041556     0.79023   -0.083847   0.0055554
   -0.040248      1.0127    -0.24023    0.011105
    -0.16026      1.1946   -0.033815     0.02061
    -0.20282       0.943    -0.24591   0.0065028
    -0.20282       0.943    -0.24591   0.0065028
    -0.49075      1.1821     0.11855    0.027666
    -0.27194      1.0533    -0.23132   0.0097575
    -0.18114      1.1571    -0.14175    0.015819
   -0.018271     0.97787    -0.24467   0.0066621
    -0.13357      0.9475    -0.24657    0.006222
    -0.23316      1.1809   -0.047997    0.022087
      -0.209      1.0205    -0.25346   0.0078028
     -0.2742      1.0289    -0.22332    0.010318
     -0.2742      1.0289    -0.22332    0.010318
    -0.45491     0.93233    -0.26591   0.0083398
    -0.65045      1.1184     0.11267    0.025654
    -0.48657     0.95636    -0.24884   0.0086508
    -0.28983     0.91979    -0.25095    0.005824
    -0.39583      1.1799    0.017416    0.027193
    -0.17997      1.0196    -0.24354   0.0092284
    -0.17997      1.0196    -0.24354   0.0092284
    -0.40588     0.79989    -0.22644   0.0048804
    -0.25901     0.98036    -0.24889    0.010448
   -0.026048      1.2019   -0.047824    0.023583
    -0.29421      1.1077    -0.16515    0.012282
    -0.53822      1.1965     0.23122    0.030736
    -0.53822      1.1965     0.23122    0.030736
    -0.30515      1.2633     0.23366    0.035857
    -0.21905      1.1618    -0.12915    0.017201
    -0.21905      1.1618    -0.12915    0.017201
    -0.31845      1.1895    0.020887    0.028072
   -0.034335     0.95528    -0.25269   0.0053291
     0.10619      0.7053    0.047105   0.0072851
     0.23416      0.9263    -0.24416   0.0065497
     0.15102     0.98916     -0.2595   0.0064708
   -0.064218      1.0587    -0.24165   0.0096511
    -0.17369      1.2082  -0.0088071    0.022197
   -0.059975        1.31     0.20551    0.039975
     0.13031      1.2001   -0.064326    0.018146
      0.2377      1.0379    -0.23033    0.010692
      0.2377      1.0379    -0.23033    0.010692
      0.2744     0.95228     -0.2534   0.0066967
    0.085187      1.0058     -0.2455   0.0081418
     0.20537      1.1262    -0.16446     0.01871
     0.25236      1.3883     0.57912    0.042256
      0.3025      1.3153     0.37271    0.037357
      0.3025      1.3153     0.37271    0.037357
    0.078888      1.4503     0.91807    0.055979
    -0.14476      1.1595     -0.1248     0.01769
    -0.11608       1.022     -0.2523   0.0074879
     0.08756     0.84084     -0.1622   0.0054127
   -0.032011     0.92655    -0.21439   0.0067941
    -0.16809     0.91065    -0.23939   0.0054798
    -0.16809     0.91065    -0.23939   0.0054798
    0.058688      1.1602     -0.1287    0.019684
    0.053059     0.88226    -0.19745   0.0055392
    -0.17065     0.87662    -0.20653   0.0048462
   -0.068058      1.0209    -0.25614   0.0059915
    -0.26508      1.0954    -0.16869    0.013913
    -0.26508      1.0954    -0.16869    0.013913
   -0.091762     0.95612     -0.2542   0.0058882
    -0.14683     0.66255     0.12857   0.0069526
     0.13755     0.61218      0.2591   0.0079403
    0.086808     0.70684    0.053988   0.0067198
    0.086808     0.70684    0.053988   0.0067198
    0.086808     0.70684    0.053988   0.0067198
   -0.053863     0.93211    -0.22541   0.0053649
   -0.053863     0.93211    -0.22541   0.0053649
   -0.053863     0.93211    -0.22541   0.0053649
     0.11904     0.77642   -0.076366   0.0060106
     0.16727     0.90202     -0.2291   0.0053929
     0.35401     0.78007    -0.18718   0.0053345
     0.35401     0.78007    -0.18718   0.0053345
       0.653     0.74925    -0.34832   0.0049269
     0.52683     0.75473    -0.28305   0.0047915
     0.52683     0.75473    -0.28305   0.0047915
     0.29093      1.0441    -0.22532     0.00885
     0.29093      1.0441    -0.22532     0.00885
     0.29093      1.0441    -0.22532     0.00885
     0.39004      1.0979    -0.15385     0.01531
      0.1905      1.2095   -0.037766      0.0211
      0.1905      1.2095   -0.037766      0.0211
     0.44717     0.92017    -0.25786   0.0075144
     0.42123      1.1525   -0.027845    0.020447
     0.52049      1.1051   -0.038344    0.023614
      0.5433      1.2275     0.32322    0.033211
     0.36408      1.0722    -0.18166    0.013886
     0.30847      1.1699   -0.035152    0.021629
     0.39846      1.3133     0.33904    0.034204
     0.39846      1.3133     0.33904    0.034204
     0.40649      1.0236    -0.21288    0.010875
      0.4798     0.80732    -0.26565   0.0052417
      0.4798     0.80732    -0.26565   0.0052417
     0.56704     0.62018    -0.27756   0.0032181
      0.8241     0.85299    -0.15454    0.013238
     0.83873     0.61664    -0.43738   0.0027503
      1.1106     0.62779    -0.00469   0.0098258
      1.0248     0.51852    -0.15226   0.0045462
     0.75852     0.46987    -0.19779    0.008127
     0.87409     0.45988   -0.095841   0.0089306
     0.87409     0.45988   -0.095841   0.0089306
     0.87409     0.45988   -0.095841   0.0089306
     0.87409     0.45988   -0.095841   0.0089306
      0.9381     0.52741    -0.28454   0.0052083
      0.9381     0.52741    -0.28454   0.0052083
      0.9638     0.54153    -0.28391   0.0036956
      0.9638     0.54153    -0.28391   0.0036956
      0.9638     0.54153    -0.28391   0.0036956
     0.86799     0.35485     0.76943    0.021544
     0.86799     0.35485     0.76943    0.021544
     0.86799     0.35485     0.76943    0.021544
      1.0545     0.45606    0.071579   0.0072642
      1.0545     0.45606    0.071579   0.0072642
      1.0545     0.45606    0.071579   0.0072642
      1.0545     0.45606    0.071579   0.0072642
     0.76316     0.37515     0.53166    0.017525
      0.6947     0.36739     0.58386    0.018084
      0.6947     0.36739     0.58386    0.018084
      0.6947     0.36739     0.58386    0.018084
      0.6947     0.36739     0.58386    0.018084
     0.92162     0.50808    -0.24759   0.0048826
     0.92162     0.50808    -0.24759   0.0048826
     0.65835     0.60175    -0.37388   0.0028963
     0.86368     0.67901    -0.39651   0.0050864
      1.1515     0.58584    0.077639   0.0083285
      1.1515     0.58584    0.077639   0.0083285
      1.1515     0.58584    0.077639   0.0083285
      1.1515     0.58584    0.077639   0.0083285
      1.1515     0.58584    0.077639   0.0083285
      1.1515     0.58584    0.077639   0.0083285
     0.86366     0.58162     -0.4229   0.0026914
     0.87948     0.66302    -0.40483   0.0043449
     0.61169     0.93763    -0.20647    0.012228
     0.42268     0.75416    -0.20435   0.0043085
     0.37995     0.75248    -0.17645   0.0050671
     0.37995     0.75248    -0.17645   0.0050671
     0.51925     0.73298    -0.26334   0.0041321
     0.52433     0.46688   -0.061017   0.0055285
     0.52433     0.46688   -0.061017   0.0055285
     0.52433     0.46688   -0.061017   0.0055285
     0.65433      0.7628    -0.34849   0.0056479
      0.8788     0.75161    -0.30437   0.0082238
     0.74395     0.73188    -0.36554    0.006998
     0.58192     0.85637     -0.2819   0.0077281
     0.58192     0.85637     -0.2819   0.0077281
      0.3261     0.90071    -0.24551    0.005425
     0.54308      1.1461    0.038793    0.022056
     0.54308      1.1461    0.038793    0.022056
     0.27916     0.89073    -0.24154   0.0055858
     0.27916     0.89073    -0.24154   0.0055858
     0.55643     0.77299    -0.30275   0.0053658
     0.75894     0.88432    -0.17819    0.014875
     0.57104      1.0569   -0.064203    0.020418
     0.46263     0.95454    -0.25573   0.0081603
     0.63688     0.84147    -0.30584   0.0069088
      0.8198     0.67077    -0.42011   0.0042316
     0.92856     0.63378    -0.37364   0.0047522
     0.76048      0.5426    -0.39779    0.003746
     0.62436     0.47338    -0.17588   0.0065482
     0.37997     0.54639    0.090841   0.0066304
     0.63445     0.76416    -0.33922   0.0056558
     0.63445     0.76416    -0.33922   0.0056558
     0.72089     0.68425    -0.40379    0.003542
     0.62266     0.68831    -0.34437   0.0035829
     0.36436     0.75967    -0.17488   0.0050566
     0.24674      0.7745    -0.13333   0.0056129
    -0.03942     0.69332    0.082427   0.0067034
    -0.14658     0.73432   -0.018833   0.0060256
    -0.06753     0.67651     0.11855   0.0079488
    -0.06753     0.67651     0.11855   0.0079488
    -0.16043     0.87479    -0.20218   0.0052035
    0.037224      1.0692    -0.23619   0.0094058
    0.037224      1.0692    -0.23619   0.0094058
    -0.10734     0.80653    -0.12364   0.0052357
     -0.3794     0.58684    0.027022   0.0060587
    -0.55891     0.61121    -0.25859   0.0037493
    -0.49111     0.38253     0.27428    0.011386
    -0.36937     0.62174  -0.0038372   0.0060914
     -0.2084     0.64281     0.13017   0.0074677
    -0.28843     0.76577    -0.13501   0.0048283
    -0.28843     0.76577    -0.13501   0.0048283
    -0.28843     0.76577    -0.13501   0.0048283
    -0.55214     0.77267    -0.30344   0.0045674
    -0.42823     0.54662  0.00090842   0.0059795
    -0.36906     0.38071     0.45219   0.0091411
     -0.1332     0.50967     0.62681    0.010881
    -0.17479     0.42227     0.93993    0.016205
     -0.3727     0.71708    -0.13427   0.0050292
     -0.3727     0.71708    -0.13427   0.0050292
    -0.14673     0.90937    -0.22912   0.0046654
    -0.40568     0.77069    -0.20772   0.0049421
    -0.10945     0.72368    0.013533    0.006572
   -0.032279     0.64973     0.21572   0.0079655
   -0.032279     0.64973     0.21572   0.0079655
     0.21099     0.76905    -0.10329   0.0056197
     0.24463      0.8147    -0.16283   0.0051727
     0.24463      0.8147    -0.16283   0.0051727
      0.4716      1.1023   -0.083837    0.017424
     0.32976     0.80613    -0.19778   0.0050888
     0.32976     0.80613    -0.19778   0.0050888
     0.32976     0.80613    -0.19778   0.0050888
    0.079907     0.70118    0.067739   0.0067545
    0.079907     0.70118    0.067739   0.0067545
     0.13116      0.7683   -0.070542   0.0061501
     0.13116      0.7683   -0.070542   0.0061501
     0.32686     0.71723    -0.09656   0.0058221
     0.09326     0.51765     0.60936    0.010317
     0.37359     0.38799     0.42383   0.0079535
     0.37359     0.38799     0.42383   0.0079535
     0.37359     0.38799     0.42383   0.0079535
     0.49625     0.58687    -0.17181   0.0047486
     0.64556     0.50681    -0.26857   0.0049462
     0.92571     0.72538    -0.26594   0.0089901
     0.92571     0.72538    -0.26594   0.0089901
     0.89509      0.4456   0.0088808    0.010314
     0.89509      0.4456   0.0088808    0.010314
     0.89509      0.4456   0.0088808    0.010314
     0.83737     0.43242    0.066925    0.011512
      1.0499     0.60063    -0.19032   0.0058957
     0.92248     0.71833    -0.27813     0.01034
     0.87068     0.54457    -0.37034   0.0034523
     0.66816     0.69851    -0.36877   0.0037159
     0.40407     0.95255    -0.25361   0.0067639
     0.34458      1.0862    -0.14601    0.018786
     0.34458      1.0862    -0.14601    0.018786
    0.082665      1.3116     0.19172      0.0341
    0.082665      1.3116     0.19172      0.0341
   -0.016483      1.2109   -0.041604    0.017349
   0.0020482     0.95317    -0.24578   0.0057009
     0.17978      1.0276    -0.23759    0.008408
   -0.013873     0.73006    0.015379   0.0067003
   -0.013579     0.79451   -0.094595    0.005519
    -0.19136      0.7531   -0.063427   0.0052149
     -0.3612     0.78308    -0.19508   0.0046218
    -0.37579     0.60103    0.024455   0.0061016
     -0.1044     0.80551     -0.1264   0.0058337
     -0.1044     0.80551     -0.1264   0.0058337
     -0.1044     0.80551     -0.1264   0.0058337
     -0.1044     0.80551     -0.1264   0.0058337
    -0.11999     0.57344     0.38976   0.0090831
     -0.3444     0.64982   -0.027387   0.0064642
     -0.3444     0.64982   -0.027387   0.0064642
     -0.3444     0.64982   -0.027387   0.0064642
    -0.43715     0.47817    0.069357   0.0073598
    -0.26964     0.52017     0.35928    0.008266
    -0.36688     0.75965    -0.17684    0.005543
    -0.46159      1.0342    -0.17996    0.013156
    -0.28173     0.87403    -0.22225   0.0057367
    -0.56654     0.73621     -0.2995   0.0045523
    -0.54999      1.0195    -0.14728    0.016562
    -0.54999      1.0195    -0.14728    0.016562
    -0.81867      1.0698     0.36148    0.028574
     -1.1012      0.8585     0.53932    0.025567
     -1.1012      0.8585     0.53932    0.025567
    -0.90552     0.62834    -0.39982   0.0039363
     -1.0572     0.70032   -0.035991    0.014096
     -1.0572     0.70032   -0.035991    0.014096
     -1.0572     0.70032   -0.035991    0.014096
    -0.86607     0.59567    -0.42301    0.002864
    -0.72312     0.61632    -0.42355   0.0020664
    -0.63039     0.68373     -0.3541   0.0032122
    -0.70281      0.5743     -0.3942   0.0027259
    -0.41868     0.78929    -0.23045   0.0046537
     -0.4564     0.89617    -0.26891   0.0067559
     -0.4564     0.89617    -0.26891   0.0067559
    -0.48306     0.89995    -0.26606   0.0068516
    -0.67452     0.73047    -0.35878   0.0049612
    -0.75462      0.9637   -0.056692    0.016495
    -0.75462      0.9637   -0.056692    0.016495
    -0.81344     0.83835    -0.22479     0.01152
     -1.0722     0.90013     0.61101    0.029854
     -1.0722     0.90013     0.61101    0.029854
     -1.0722     0.90013     0.61101    0.029854
     -1.0722     0.90013     0.61101    0.029854
    -0.80382      1.0458     0.26084    0.028266
    -0.52207      1.1687     0.13779    0.031279
    -0.81305      1.0897     0.48575    0.042679
    -0.53561     0.94543    -0.23664    0.012827
    -0.53744     0.68559    -0.27348   0.0037027
    -0.42976       0.835    -0.24848   0.0054124
    -0.33058      1.0523    -0.23888    0.010222
    -0.60607       1.238     0.47214    0.047432
    -0.49616     0.95423    -0.24694   0.0089274
    -0.49616     0.95423    -0.24694   0.0089274
    -0.49616     0.95423    -0.24694   0.0089274
    -0.49616     0.95423    -0.24694   0.0089274
    -0.63179     0.91757    -0.24398    0.009393
    -0.63179     0.91757    -0.24398    0.009393
    -0.48343      1.0524     -0.1626    0.018135
    -0.28708      1.0704    -0.20181    0.012059
    -0.45494      1.2305      0.2971    0.033164
    -0.47983      1.1927     0.15655    0.032385
    -0.24318     0.99631    -0.25934   0.0073572
    -0.50085      1.1139   0.0059084    0.028344
    -0.50085      1.1139   0.0059084    0.028344
    -0.37501     0.97638    -0.23555   0.0097244
    -0.37501     0.97638    -0.23555   0.0097244
    -0.37501     0.97638    -0.23555   0.0097244
    -0.28644      1.2001    0.010134    0.025518
   -0.052872      1.1425    -0.18544    0.011556
    0.094159      1.0737    -0.24132    0.008817
    0.094159      1.0737    -0.24132    0.008817
