     ACCEPTANCE:
     0.049505
      0.04902
     0.048544
     0.048077
     0.047619
      0.04717
     0.046729
     0.046296
     0.045872
     0.045455
     0.045045
     0.044643
     0.044248
      0.04386
     0.043478
     0.043103
     0.042735
     0.042373
     0.042017
     0.041667
     0.041322
     0.040984
      0.04065
     0.040323
         0.04
     0.039683
      0.03937
     0.039062
      0.03876
     0.038462
     0.038168
     0.037879
     0.037594
     0.037313
     0.037037
     0.036765
     0.036496
     0.036232
     0.035971
     0.035714
     0.035461
     0.035211
     0.034965
     0.034722
     0.034483
     0.034247
     0.034014
     0.033784
     0.033557
     0.033333
     0.033113
     0.032895
      0.03268
     0.032468
     0.032258
     0.032051
     0.031847
     0.031646
     0.031447
      0.03125
     0.037267
     0.037037
      0.03681
     0.036585
     0.036364
     0.036145
     0.035928
     0.035714
     0.035503
     0.035294
     0.035088
     0.034884
     0.034682
     0.034483
     0.034286
     0.034091
     0.033898
     0.033708
      0.03352
     0.033333
     0.033149
     0.032967
     0.032787
     0.032609
     0.032432
     0.032258
     0.032086
     0.031915
     0.031746
     0.036842
     0.036649
     0.036458
     0.036269
     0.036082
     0.035897
     0.035714
     0.035533
     0.035354
     0.035176
        0.035
     0.034826
     0.034653
     0.034483
     0.039216
     0.039024
     0.038835
     0.043478
     0.043269
     0.043062
     0.042857
     0.042654
     0.042453
     0.042254
     0.042056
      0.04186
     0.046296
     0.046083
     0.045872
     0.045662
     0.045455
     0.045249
     0.045045
     0.044843
     0.044643
     0.044444
     0.044248
     0.044053
      0.04386
     0.043668
     0.043478
      0.04329
     0.043103
     0.042918
     0.042735
     0.042553
     0.042373
     0.042194
     0.042017
     0.041841
     0.041667
     0.041494
     0.041322
     0.041152
     0.040984
     0.040816
      0.04065
     0.040486
     0.040323
     0.040161
         0.04
     0.039841
     0.039683
     0.039526
      0.03937
     0.039216
     0.039062
     0.038911
      0.03876
      0.03861
     0.038462
     0.038314
     0.038168
     0.038023
     0.037879
     0.037736
     0.037594
     0.037453
     0.037313
     0.037175
     0.037037
       0.0369
     0.036765
      0.03663
     0.036496
     0.036364
     0.036232
     0.036101
     0.035971
     0.035842
     0.035714
     0.035587
     0.035461
     0.035336
     0.035211
     0.035088
     0.034965
     0.034843
     0.034722
     0.034602
     0.034483
     0.034364
     0.034247
      0.03413
     0.034014
     0.033898
     0.033784
      0.03367
     0.033557
     0.033445
     0.033333
     0.033223
     0.033113
     0.033003
     0.032895
     0.032787
      0.03268
     0.032573
     0.032468
     0.032362
     0.032258
     0.032154
     0.032051
     0.031949
     0.031847
     0.031746
     0.031646
     0.031546
     0.031447
     0.031348
      0.03125
     0.031153
     0.031056
      0.03096
     0.030864
     0.030769
     0.030675
     0.030581
     0.030488
     0.033435
     0.033333
     0.033233
     0.033133
     0.033033
     0.032934
     0.032836
     0.032738
     0.032641
     0.032544
     0.032448
     0.032353
     0.032258
     0.032164
      0.03207
     0.031977
     0.031884
     0.031792
       0.0317
     0.031609
     0.031519
     0.031429
     0.031339
     0.034091
     0.033994
     0.033898
     0.033803
     0.033708
     0.033613
      0.03352
     0.033426
     0.033333
     0.033241
     0.033149
     0.033058
     0.032967
     0.032877
     0.032787
     0.032698
     0.032609
      0.03252
     0.032432
     0.032345
     0.032258
     0.032172
     0.032086
        0.032
     0.031915
      0.03183
     0.031746
     0.031662
     0.031579
     0.031496
     0.031414
     0.031332
      0.03125
     0.031169
     0.031088
     0.031008
     0.030928
     0.030848
     0.030769
     0.030691
     0.030612
     0.030534
     0.030457
      0.03038
     0.030303
     0.030227
     0.030151
     0.030075
         0.03
     0.029925
     0.029851
     0.029777
     0.029703
      0.02963
     0.029557
     0.029484
     0.029412
      0.02934
     0.029268
     0.029197
     0.029126
     0.029056
     0.028986
     0.028916
     0.028846
     0.028777
     0.028708
      0.02864
     0.030952
     0.030879
     0.030806
     0.030733
      0.03066
     0.030588
     0.030516
     0.030445
     0.030374
     0.032634
     0.032558
     0.032483
     0.032407
     0.032333
     0.032258
     0.032184
     0.034404
     0.034325
     0.034247
     0.034169
     0.034091
     0.034014
     0.033937
      0.03386
     0.036036
     0.035955
     0.038117
     0.038031
     0.037946
     0.037862
     0.037778
     0.037694
     0.037611
     0.037528
     0.037445
     0.037363
     0.037281
     0.037199
     0.037118
     0.037037
     0.036957
     0.036876
     0.036797
     0.036717
     0.036638
     0.036559
     0.038627
     0.038544
     0.040598
     0.040512
     0.040426
     0.042463
     0.042373
     0.042283
     0.042194
     0.042105
     0.042017
     0.041929
     0.041841
     0.041754
     0.041667
      0.04158
     0.041494
     0.041408
     0.041322
     0.041237
     0.041152
     0.041068
     0.043033
     0.042945
     0.042857
     0.044807
     0.046748
     0.046653
     0.046559
     0.046465
     0.046371
     0.046278
     0.046185
     0.046092
        0.046
     0.045908
     0.045817
     0.045726
     0.045635
     0.045545
     0.045455
     0.045365
     0.045276
     0.047151
      0.04902
     0.048924
     0.048828
     0.048733
     0.048638
     0.048544
      0.04845
     0.048356
     0.048263
      0.04817
     0.048077
     0.047985
     0.047893
     0.049713
     0.049618
     0.049524
      0.04943
     0.049336
     0.049242
     0.049149
     0.049057
     0.048964
     0.048872
      0.04878
     0.048689
     0.048598
     0.048507
     0.048417
     0.050186
     0.050093
         0.05
     0.049908
     0.049815
     0.049724
     0.049632
     0.049541
     0.049451
      0.04936
      0.04927
      0.04918
     0.049091
     0.049002
     0.048913
     0.048825
     0.048736
     0.048649
      0.05036
     0.050269
     0.050179
     0.050089
         0.05
     0.049911
     0.049822
     0.049734
     0.049645
     0.049558
      0.04947
     0.049383
     0.049296
     0.049209
     0.049123
     0.049037
     0.048951
     0.048866
      0.04878
     0.048696
     0.048611
     0.048527
     0.048443
     0.048359
     0.048276
     0.048193
      0.04811
     0.048027
     0.047945
     0.047863
     0.047782
       0.0477
     0.047619
     0.047538
     0.047458
     0.047377
     0.047297
     0.047218
     0.047138
     0.048739
     0.048658
     0.048576
     0.048495
     0.048414
     0.048333
     0.048253
     0.048173
     0.048093
     0.048013
     0.047934
     0.047855
     0.047776
     0.047697
     0.047619
     0.047541
     0.047463
     0.047386
     0.047308
     0.047231
     0.047154
     0.047078
     0.047002
     0.046926
      0.04685
     0.046774
     0.046699
     0.046624
     0.046549
     0.046474
       0.0464
     0.046326
     0.047847
     0.047771
     0.047695
     0.047619
     0.047544
     0.047468
     0.047393
     0.047319
     0.047244
      0.04717
     0.047096
     0.047022
     0.046948
     0.046875
     0.046802
     0.046729
     0.046656
     0.046584
     0.046512
      0.04644
     0.046368
     0.046296
     0.046225
     0.046154
     0.046083
     0.046012
     0.045942
     0.047401
     0.047328
     0.047256
     0.047184
     0.047112
     0.047041
     0.048485
     0.048411
     0.048338
     0.048265
     0.048193
      0.04812
     0.048048
     0.047976
     0.047904
     0.049327
     0.049254
      0.04918
     0.049107
     0.049034
     0.048961
     0.048889
     0.048817
     0.048744
     0.048673
     0.048601
     0.048529
     0.048458
     0.048387
     0.048316
     0.048246
     0.048175
     0.048105
     0.048035
     0.047965
     0.047896
     0.047826
     0.047757
     0.047688
     0.047619
      0.04755
     0.047482
     0.047414
     0.047346
     0.047278
     0.048641
     0.048571
     0.048502
     0.048433
     0.048364
     0.048295
     0.048227
     0.048159
     0.048091
     0.048023
     0.047955
     0.047887
      0.04782
     0.047753
     0.047686
     0.047619
     0.047552
     0.047486
      0.04742
     0.047354
     0.047288
     0.047222
     0.047157
     0.047091
     0.047026
     0.046961
     0.046897
     0.046832
     0.046768
     0.046703
     0.046639
     0.046575
     0.046512
     0.046448
     0.046385
     0.046322
     0.046259
     0.046196
     0.046133
      0.04607
     0.046008
     0.045946
     0.045884
     0.045822
      0.04576
     0.045699
     0.045638
     0.045576
     0.045515
     0.045455
     0.045394
     0.045333
     0.045273
     0.045213
     0.045153
     0.045093
     0.045033
     0.044974
     0.044914
     0.044855
     0.044796
     0.044737
     0.044678
     0.044619
     0.044561
     0.044503
     0.044444
     0.044386
     0.044329
     0.045573
     0.045514
     0.045455
     0.045396
     0.045337
     0.045278
      0.04522
     0.045161
     0.045103
     0.045045
     0.044987
     0.044929
     0.044872
     0.044814
     0.044757
       0.0447
     0.044643
     0.044586
     0.044529
     0.044473
     0.044416
      0.04436
     0.044304
     0.044248
     0.044192
     0.044136
     0.044081
     0.044025
      0.04397
     0.043915
      0.04386
     0.043805
      0.04375
     0.043695
     0.043641
     0.043587
     0.043532
     0.043478
     0.043424
     0.043371
     0.043317
     0.043263
      0.04321
     0.043157
     0.043103
      0.04305
     0.042998
     0.042945
     0.042892
      0.04284
     0.042787
     0.042735
     0.042683
     0.042631
     0.042579
     0.042527
     0.042476
     0.042424
     0.042373
     0.042322
     0.042271
      0.04222
     0.042169
     0.042118
     0.042067
     0.042017
     0.041966
     0.041916
     0.041866
     0.041816
     0.041766
     0.041716
     0.042857
     0.042806
     0.042755
     0.042705
     0.042654
     0.042604
     0.042553
     0.042503
     0.042453
     0.042403
     0.042353
     0.042303
     0.042254
     0.042204
     0.042155
     0.042105
     0.042056
     0.042007
     0.041958
     0.041909
      0.04186
     0.041812
     0.041763
     0.041715
     0.041667
     0.041618
      0.04157
     0.041522
     0.041475
     0.041427
     0.041379
     0.041332
     0.041284
     0.041237
      0.04119
     0.041143
     0.041096
     0.041049
     0.041002
     0.040956
     0.040909
     0.040863
     0.040816
      0.04077
     0.040724
     0.040678
     0.040632
     0.040586
     0.040541
     0.040495
     0.040449
     0.040404
     0.040359
     0.040314
     0.040268
     0.040223
     0.040179
     0.040134
     0.040089
     0.040044
         0.04
     0.039956
     0.039911
     0.039867
     0.040929
     0.040884
     0.040839
     0.040794
     0.040749
     0.040704
     0.040659
     0.040615
      0.04057
     0.040526
     0.040481
      0.04153
     0.041485
     0.041439
     0.041394
     0.041349
     0.041304
      0.04126
     0.041215
      0.04117
     0.041126
     0.041081
     0.041037
     0.040992
     0.040948
     0.040904
      0.04086
     0.040816
     0.040773
     0.041801
     0.041756
     0.041711
     0.041667
     0.041622
     0.041578
     0.041534
     0.041489
     0.041445
     0.041401
     0.041357
     0.041314
      0.04127
     0.041226
     0.041183
     0.041139
     0.041096
     0.041053
     0.041009
     0.040966
     0.040923
     0.040881
     0.040838
     0.040795
     0.040752
      0.04071
     0.040667
     0.040625
     0.040583
     0.040541
     0.040498
     0.040456
     0.040415
     0.040373
     0.040331
     0.040289
     0.040248
     0.040206
     0.040165
     0.040123
     0.040082
     0.040041
         0.04
     0.039959
     0.039918
     0.039877
     0.039837
     0.039796
     0.039755
     0.039715
     0.039674
     0.039634
     0.039594
     0.039554
     0.039514
     0.039474
     0.039434
     0.039394
     0.039354
     0.039315
     0.039275
     0.040241
     0.040201
     0.040161
      0.04012
      0.04008
      0.04004
         0.04
      0.03996
      0.03992
      0.03988
     0.039841
     0.039801
     0.039761
     0.039722
     0.039683
     0.039643
     0.039604
     0.039565
     0.039526
     0.039487
     0.039448
     0.039409
     0.040354
     0.040315
     0.040275
     0.040236
     0.040196
     0.040157
     0.040117
     0.040078
     0.040039
         0.04
     0.039961
     0.039922
     0.039883
     0.039845
     0.039806
     0.039767
     0.039729
      0.03969
     0.039652
     0.039614
     0.039575
     0.039537
     0.039499
     0.039461
     0.039423
     0.039385
     0.039347
      0.03931
     0.039272
     0.039234
     0.039197
      0.03916
     0.039122
     0.039085
     0.039048
      0.03901
     0.038973
     0.038936
     0.038899
     0.038863
     0.038826
     0.038789
     0.038752
     0.038716
     0.038679
     0.038643
     0.038606
      0.03857
     0.039474
     0.039437
       0.0394
     0.039363
     0.039326
     0.039289
     0.039252
     0.039216
     0.039179
     0.039143
     0.039106
      0.03907
     0.039033
     0.038997
     0.038961
     0.038925
     0.038889
     0.038853
     0.038817
     0.038781
     0.038745
      0.03871
     0.038674
     0.038638
     0.038603
     0.038567
     0.038532
     0.038497
     0.038462
     0.038426
     0.038391
     0.038356
     0.038321
     0.038286
     0.038251
     0.038217
     0.038182
