     MU:      SIGMA:     E_MEASURED:    ERROR:
    -0.82748     0.62006    -0.43608   0.0037448
    -0.72637     0.91862    -0.18217    0.012741
     -0.5563     0.95891    -0.21258    0.010593
    -0.62332     0.76065    -0.33173    0.004931
    -0.39829     0.64643   -0.076038    0.005542
    -0.27023     0.87605    -0.21905   0.0046618
    -0.16572     0.84976    -0.18604   0.0045455
    0.085062     0.93083    -0.23913   0.0060752
    0.085062     0.93083    -0.23913   0.0060752
     0.18473      0.7145   -0.005713   0.0059581
   -0.089616     0.99397     -0.2614   0.0055763
  -0.0042589      1.1802     -0.1204    0.018406
     -0.1447      1.0312    -0.25163    0.011161
   -0.088446     0.79192    -0.10267   0.0056936
   -0.088446     0.79192    -0.10267   0.0056936
   -0.088446     0.79192    -0.10267   0.0056936
   -0.037664      1.0324    -0.24925   0.0090992
     0.23186     0.99068    -0.24751   0.0072057
     0.23186     0.99068    -0.24751   0.0072057
     0.23186     0.99068    -0.24751   0.0072057
    0.099794      1.0377    -0.25021   0.0073051
     0.36984      1.0439    -0.20712    0.013388
     0.26975      1.1588   -0.079044    0.020494
     0.26975      1.1588   -0.079044    0.020494
     0.26975      1.1588   -0.079044    0.020494
    0.039275      1.2339 -0.00082198    0.021757
    0.039275      1.2339 -0.00082198    0.021757
     0.30993      1.0494     -0.2183     0.01024
    0.072099      1.2129   0.0096192    0.027719
    0.072099      1.2129   0.0096192    0.027719
    0.078163      1.1426    -0.13737    0.017754
     0.32866     0.98397    -0.22977    0.011058
     0.23529     0.90904    -0.23651   0.0052913
     0.52684     0.75327    -0.27129   0.0041821
     0.77103     0.56334    -0.41907   0.0033203
     0.77103     0.56334    -0.41907   0.0033203
     0.97432     0.60172    -0.32135   0.0044285
     0.88594     0.71353    -0.33667   0.0086778
     0.98969     0.62249    -0.28482   0.0057702
     0.73395     0.91178    -0.15441    0.014332
     0.73395     0.91178    -0.15441    0.014332
     0.73395     0.91178    -0.15441    0.014332
     0.59555     0.68083    -0.31875   0.0032438
     0.59555     0.68083    -0.31875   0.0032438
     0.63025     0.46324    -0.15894   0.0071151
     0.63025     0.46324    -0.15894   0.0071151
     0.54798     0.61728    -0.25449   0.0035098
     0.54798     0.61728    -0.25449   0.0035098
     0.63079     0.46466    -0.16049   0.0073789
     0.79564     0.46081    -0.13831   0.0083701
     0.60072     0.66279    -0.32488   0.0032321
     0.60072     0.66279    -0.32488   0.0032321
     0.68206     0.59772    -0.39534   0.0021992
     0.68206     0.59772    -0.39534   0.0021992
     0.69035     0.65644    -0.39622   0.0026943
     0.69035     0.65644    -0.39622   0.0026943
     0.69035     0.65644    -0.39622   0.0026943
     0.69035     0.65644    -0.39622   0.0026943
     0.69035     0.65644    -0.39622   0.0026943
     0.55076     0.73311    -0.29719   0.0039257
      0.6289     0.73574    -0.34365   0.0037077
      0.6289     0.73574    -0.34365   0.0037077
     0.64597      0.8743     -0.2697   0.0089836
     0.67937     0.63543    -0.39465   0.0026185
     0.47777     0.72202    -0.23356   0.0040661
     0.50308     0.83971    -0.28247   0.0056465
     0.34501      0.6739   -0.050862   0.0059031
     0.27006     0.84633    -0.20557   0.0047908
     0.27006     0.84633    -0.20557   0.0047908
     0.29689     0.79375    -0.17107   0.0049274
     0.23219     0.98621     -0.2351   0.0095607
     0.23219     0.98621     -0.2351   0.0095607
     0.40186     0.88963    -0.25925   0.0073871
     0.24536     0.98762    -0.26061   0.0065802
     0.30841     0.96438    -0.24763   0.0081802
     0.48203     0.71006    -0.23133   0.0044329
     0.52991     0.79695    -0.27708   0.0062744
     0.40358     0.58276  -0.0048468   0.0070276
     0.40358     0.58276  -0.0048468   0.0070276
      0.6485     0.49188     -0.2486   0.0059976
      0.6485     0.49188     -0.2486   0.0059976
      0.6485     0.49188     -0.2486   0.0059976
      0.6485     0.49188     -0.2486   0.0059976
     0.82099     0.53418    -0.36993   0.0045326
     0.82099     0.53418    -0.36993   0.0045326
     0.82099     0.53418    -0.36993   0.0045326
     0.66155     0.62008    -0.38167   0.0024388
     0.69633     0.53548    -0.35237   0.0037519
     0.69633     0.53548    -0.35237   0.0037519
     0.65854     0.55673    -0.35038   0.0033659
     0.65854     0.55673    -0.35038   0.0033659
     0.65854     0.55673    -0.35038   0.0033659
     0.65854     0.55673    -0.35038   0.0033659
     0.36195     0.62355   0.0088512   0.0063336
     0.36195     0.62355   0.0088512   0.0063336
     0.13729     0.80091     -0.1083   0.0062006
     0.18144     0.81522     -0.1582   0.0059779
     0.31212     0.82198     -0.1953   0.0051976
     0.46555      1.0002    -0.21158     0.01414
     0.59522     0.92708    -0.23121    0.011775
     0.43176      1.2221     0.18736    0.031979
      0.5339      1.0281    -0.13558    0.016701
     0.63934     0.89173    -0.27198   0.0086855
     0.63103     0.84924    -0.28104   0.0082718
     0.88327     0.99388     0.34293    0.030404
       0.789     0.93674   -0.053437    0.016587
     0.85538     0.96428     0.16089    0.028613
     0.72556     0.84777    -0.27777    0.010787
     0.82733      0.6396    -0.43296    0.003563
     0.82733      0.6396    -0.43296    0.003563
     0.87159     0.56291    -0.39967   0.0034081
     0.87159     0.56291    -0.39967   0.0034081
     0.87983     0.55808     -0.3859   0.0035075
     0.87983     0.55808     -0.3859   0.0035075
     0.87983     0.55808     -0.3859   0.0035075
     0.82525     0.59036    -0.43389   0.0024364
     0.82525     0.59036    -0.43389   0.0024364
     0.95747     0.63288     -0.3436   0.0053326
     0.95747     0.63288     -0.3436   0.0053326
     0.95747     0.63288     -0.3436   0.0053326
      1.0469     0.82438     0.20963    0.021176
      1.0876     0.71178    0.083862    0.014014
      1.0876     0.71178    0.083862    0.014014
      1.0876     0.71178    0.083862    0.014014
      1.0876     0.71178    0.083862    0.014014
     0.79668     0.83585    -0.24701    0.014127
     0.59675     0.70221     -0.3227   0.0037748
     0.42663     0.87089    -0.25409   0.0070184
     0.59822      1.0206    -0.10401    0.018501
     0.34082     0.89879    -0.25528    0.005286
     0.34082     0.89879    -0.25528    0.005286
     0.34082     0.89879    -0.25528    0.005286
     0.34082     0.89879    -0.25528    0.005286
     0.37373     0.96695    -0.24043   0.0082511
     0.56115     0.73249     -0.3066   0.0034633
     0.56115     0.73249     -0.3066   0.0034633
     0.45314     0.49684    0.015916   0.0058093
     0.43349     0.71442    -0.18584   0.0045366
     0.43349     0.71442    -0.18584   0.0045366
     0.43349     0.71442    -0.18584   0.0045366
     0.30512     0.48085      0.3854   0.0084397
      0.1294     0.48588     0.74238     0.01249
     0.31901     0.59593     0.11058   0.0073875
     0.44673     0.71613    -0.19657   0.0046708
     0.56249     0.47054    -0.12849   0.0063801
     0.82545     0.48511    -0.23553   0.0072359
     0.82545     0.48511    -0.23553   0.0072359
     0.82545     0.48511    -0.23553   0.0072359
     0.82545     0.48511    -0.23553   0.0072359
     0.82545     0.48511    -0.23553   0.0072359
     0.82545     0.48511    -0.23553   0.0072359
     0.97653     0.62565    -0.30933   0.0061767
     0.97653     0.62565    -0.30933   0.0061767
     0.97653     0.62565    -0.30933   0.0061767
      1.1275     0.45604     0.18039   0.0064959
      1.1275     0.45604     0.18039   0.0064959
      1.0693     0.33165     0.93468    0.024263
      1.0571     0.34776     0.79931    0.018631
      1.0571     0.34776     0.79931    0.018631
      1.0571     0.34776     0.79931    0.018631
     0.80424     0.57749    -0.43548    0.002461
     0.80424     0.57749    -0.43548    0.002461
     0.60144     0.54101    -0.27685   0.0040745
     0.60144     0.54101    -0.27685   0.0040745
     0.60144     0.54101    -0.27685   0.0040745
     0.83149     0.66057    -0.42572   0.0042778
     0.83149     0.66057    -0.42572   0.0042778
     0.83149     0.66057    -0.42572   0.0042778
     0.68821     0.77389    -0.33527   0.0071573
     0.68821     0.77389    -0.33527   0.0071573
     0.76606     0.66921    -0.42916   0.0031243
     0.76606     0.66921    -0.42916   0.0031243
     0.76606     0.66921    -0.42916   0.0031243
     0.61784     0.55485    -0.30964   0.0037297
     0.72537     0.71332    -0.39397   0.0042498
     0.72537     0.71332    -0.39397   0.0042498
     0.69318     0.83344    -0.29572   0.0086166
     0.80615      0.8174    -0.23853    0.012031
     0.80615      0.8174    -0.23853    0.012031
     0.61231      1.0339   -0.039845    0.022736
     0.51007      1.0248    -0.15697    0.013655
     0.25051      1.0693    -0.21169    0.011399
     0.25051      1.0693    -0.21169    0.011399
     0.37362     0.92257    -0.26752    0.005991
     0.54743     0.72961    -0.28939    0.004558
     0.57832     0.99788    -0.15739    0.017864
     0.29671     0.99213    -0.24636    0.010736
     0.29671     0.99213    -0.24636    0.010736
     0.37901     0.95076    -0.24762   0.0093435
     0.23298      1.0938    -0.19477    0.011635
    0.038502      1.0925    -0.21398    0.011598
    0.038502      1.0925    -0.21398    0.011598
    0.038502      1.0925    -0.21398    0.011598
    0.038502      1.0925    -0.21398    0.011598
     0.24703      1.1467    -0.10091    0.020997
     0.31496        1.05    -0.23495   0.0092231
    0.054788      1.0909    -0.18632    0.014145
   -0.021925     0.96159    -0.24541     0.00597
    -0.28522      0.9647    -0.24823   0.0079434
    -0.28522      0.9647    -0.24823   0.0079434
    -0.28383      1.1969    0.018981    0.025664
    -0.10497      1.0393    -0.25248    0.010745
    -0.28947     0.94178    -0.25292   0.0057681
    -0.28947     0.94178    -0.25292   0.0057681
    -0.27309      1.0093    -0.24078   0.0090415
    -0.10272     0.92287    -0.22122   0.0049939
    -0.33861      1.1072     -0.1139    0.021436
    -0.33861      1.1072     -0.1139    0.021436
    -0.33861      1.1072     -0.1139    0.021436
    -0.33861      1.1072     -0.1139    0.021436
    -0.33861      1.1072     -0.1139    0.021436
    -0.33861      1.1072     -0.1139    0.021436
    -0.33861      1.1072     -0.1139    0.021436
    -0.33861      1.1072     -0.1139    0.021436
    -0.29341      1.0293    -0.22229     0.01172
    -0.27869     0.83469    -0.21086   0.0049377
   -0.089974     0.92019    -0.22782   0.0054597
   -0.089974     0.92019    -0.22782   0.0054597
    0.073644      0.8813    -0.19872   0.0051288
    -0.15801     0.82066    -0.14886   0.0052561
    -0.15801     0.82066    -0.14886   0.0052561
    -0.15801     0.82066    -0.14886   0.0052561
    -0.15801     0.82066    -0.14886   0.0052561
    -0.15801     0.82066    -0.14886   0.0052561
    0.015271     0.91036    -0.22644   0.0054057
    0.035183     0.96884    -0.24746   0.0060117
   -0.028574     0.70523    0.077482   0.0071183
   -0.028574     0.70523    0.077482   0.0071183
   -0.095989     0.64525     0.19596   0.0080312
     0.02321     0.54916     0.53107   0.0097211
     0.16581     0.84745    -0.18362   0.0051622
     0.16581     0.84745    -0.18362   0.0051622
     0.32234     0.99741     -0.2557   0.0068564
     0.32234     0.99741     -0.2557   0.0068564
     0.31291      1.0933    -0.18745    0.014843
    0.032622     0.81032     -0.1213   0.0050903
    0.032622     0.81032     -0.1213   0.0050903
    0.032622     0.81032     -0.1213   0.0050903
    -0.25046       1.006    -0.24465    0.008046
    -0.36431      1.0958    -0.15648    0.016032
     -0.5289      1.0942   -0.068244    0.017922
    -0.75345     0.94403   -0.085304    0.018126
    -0.93525     0.76303    -0.20685    0.010825
    -0.93525     0.76303    -0.20685    0.010825
    -0.74982     0.48239    -0.24674   0.0088208
    -0.74982     0.48239    -0.24674   0.0088208
    -0.50457     0.72463    -0.25302   0.0049392
    -0.66823      0.5711    -0.37329   0.0031635
    -0.66823      0.5711    -0.37329   0.0031635
    -0.66823      0.5711    -0.37329   0.0031635
    -0.89772     0.59068    -0.40461   0.0036038
     -0.8446     0.58032     -0.4245   0.0029009
     -0.8446     0.58032     -0.4245   0.0029009
     -0.8446     0.58032     -0.4245   0.0029009
     -0.8446     0.58032     -0.4245   0.0029009
     -0.8446     0.58032     -0.4245   0.0029009
     -1.1444     0.69964     0.21313    0.016453
     -1.1721     0.52104      0.1689    0.006464
    -0.96946     0.63418    -0.30828   0.0054509
    -0.96946     0.63418    -0.30828   0.0054509
    -0.90194      0.5708    -0.38243   0.0034006
    -0.90194      0.5708    -0.38243   0.0034006
    -0.90194      0.5708    -0.38243   0.0034006
    -0.90194      0.5708    -0.38243   0.0034006
    -0.90194      0.5708    -0.38243   0.0034006
    -0.90194      0.5708    -0.38243   0.0034006
    -0.90194      0.5708    -0.38243   0.0034006
    -0.90194      0.5708    -0.38243   0.0034006
     -0.6463     0.49861    -0.26236   0.0060887
     -0.6463     0.49861    -0.26236   0.0060887
    -0.49054     0.47287   -0.020569   0.0057581
    -0.49054     0.47287   -0.020569   0.0057581
    -0.78725     0.42068     0.11904    0.011837
    -0.78725     0.42068     0.11904    0.011837
    -0.95131     0.36672     0.59712    0.017996
     -1.0007     0.61604    -0.26827    0.006521
    -0.76681     0.87418    -0.17915    0.012785
    -0.69693      1.0208   -0.025116    0.016778
    -0.69693      1.0208   -0.025116    0.016778
    -0.69693      1.0208   -0.025116    0.016778
    -0.69693      1.0208   -0.025116    0.016778
    -0.60235      1.0893   0.0033465    0.024778
    -0.60235      1.0893   0.0033465    0.024778
    -0.60235      1.0893   0.0033465    0.024778
    -0.33826      1.0496      -0.219    0.013518
    -0.33826      1.0496      -0.219    0.013518
     -0.6069      1.0025    -0.16965    0.012105
    -0.54192      1.1314    0.086567    0.026301
    -0.43301     0.85201    -0.26234   0.0055188
    -0.43301     0.85201    -0.26234   0.0055188
    -0.43301     0.85201    -0.26234   0.0055188
     -0.1377      1.1191    -0.19407    0.010756
     -0.1377      1.1191    -0.19407    0.010756
     -0.1377      1.1191    -0.19407    0.010756
     -0.1377      1.1191    -0.19407    0.010756
     -0.1377      1.1191    -0.19407    0.010756
     -0.1377      1.1191    -0.19407    0.010756
     -0.1377      1.1191    -0.19407    0.010756
    0.049596      1.0672    -0.25561   0.0082708
     0.13231       1.241     0.04724    0.024191
   -0.035796      1.1771   -0.090286    0.019694
   -0.035796      1.1771   -0.090286    0.019694
     0.22172      1.2634     0.09094    0.021952
     0.33337      1.0525    -0.20244    0.012496
     0.41138     0.77513    -0.21081   0.0051168
     0.35044     0.89052    -0.24783   0.0066602
     0.29432      1.0311    -0.20759    0.012245
     0.37122     0.98303    -0.23396   0.0099964
     0.40503     0.79935    -0.23357   0.0047367
     0.59817     0.52661    -0.25798   0.0042774
     0.64876      0.8116    -0.31319   0.0073535
     0.49732      1.0184    -0.16769    0.015352
     0.75139     0.93936    -0.10779    0.015776
     0.68219     0.76982    -0.35033   0.0050873
     0.68219     0.76982    -0.35033   0.0050873
     0.77846      1.0032    0.089072    0.023152
     0.79831     0.80111     -0.2861    0.010657
     0.73324     0.90792    -0.18999    0.012658
     0.73324     0.90792    -0.18999    0.012658
     0.79832     0.95619    0.010531    0.021013
     0.95052     0.74625    -0.19419    0.012444
     0.95052     0.74625    -0.19419    0.012444
     0.69903     0.82753    -0.29038   0.0090062
     0.69903     0.82753    -0.29038   0.0090062
     0.69903     0.82753    -0.29038   0.0090062
     0.69903     0.82753    -0.29038   0.0090062
     0.55409     0.84396    -0.27625   0.0067472
     0.55409     0.84396    -0.27625   0.0067472
     0.38186     0.81414    -0.22849   0.0048574
     0.46768     0.53555    -0.05931   0.0052632
     0.46768     0.53555    -0.05931   0.0052632
     0.46768     0.53555    -0.05931   0.0052632
       0.733     0.83281    -0.28738   0.0087576
       0.869     0.61931    -0.42198   0.0033222
       0.869     0.61931    -0.42198   0.0033222
       1.007     0.60606    -0.25993   0.0063037
       1.007     0.60606    -0.25993   0.0063037
     0.88911     0.78399    -0.21181    0.010692
     0.88911     0.78399    -0.21181    0.010692
     0.88911     0.78399    -0.21181    0.010692
     0.88911     0.78399    -0.21181    0.010692
     0.88911     0.78399    -0.21181    0.010692
     0.89734     0.62692    -0.40731   0.0035869
     0.81747     0.59155     -0.4382   0.0025592
     0.81747     0.59155     -0.4382   0.0025592
     0.81747     0.59155     -0.4382   0.0025592
     0.77121     0.45882    -0.12337   0.0092802
     0.72427     0.46464    -0.16484   0.0077601
     0.85023     0.50082    -0.27864   0.0057523
      1.0725     0.70851  0.00041169    0.014744
      1.0725     0.70851  0.00041169    0.014744
      1.0436     0.79989     0.13367    0.019768
      1.1082     0.50312    0.018116   0.0042498
      1.1082     0.50312    0.018116   0.0042498
      1.1082     0.50312    0.018116   0.0042498
      1.1082     0.50312    0.018116   0.0042498
      1.1082     0.50312    0.018116   0.0042498
      1.1082     0.50312    0.018116   0.0042498
      1.1082     0.50312    0.018116   0.0042498
      1.1082     0.50312    0.018116   0.0042498
      1.1374     0.66582     0.14235    0.013702
      1.1374     0.66582     0.14235    0.013702
      1.1374     0.66582     0.14235    0.013702
      1.1374     0.66582     0.14235    0.013702
     0.99226     0.56969    -0.28519   0.0038734
     0.99537     0.44681    0.047604   0.0086112
     0.99537     0.44681    0.047604   0.0086112
     0.98846     0.52056    -0.21418   0.0043869
      1.0649     0.74397     0.10669    0.018574
     0.90593     0.52622    -0.30729   0.0043308
     0.85384     0.52469    -0.33416   0.0045195
     0.59499     0.68944    -0.32322   0.0035868
     0.37718     0.93903    -0.25195   0.0080599
     0.49629     0.64862    -0.20457   0.0044969
     0.46931      0.4745   0.0010111   0.0069086
     0.46931      0.4745   0.0010111   0.0069086
     0.46931      0.4745   0.0010111   0.0069086
     0.31211     0.76692    -0.15117    0.005305
      0.4918      1.0425    -0.14754    0.014739
      0.4918      1.0425    -0.14754    0.014739
     0.51883     0.74931    -0.27258   0.0039482
     0.55655       0.948    -0.23822    0.011805
     0.60333      1.0807    0.025688     0.02051
      0.5063      1.2489     0.33865    0.035646
     0.35221      1.1626   -0.044264    0.021719
     0.51017     0.97136    -0.22306    0.012345
     0.66569     0.90561    -0.25055    0.010073
     0.81498     0.86181    -0.16821    0.016332
     0.81498     0.86181    -0.16821    0.016332
     0.65417     0.63345    -0.37606   0.0026945
     0.65763     0.71136     -0.3682   0.0037133
     0.50509     0.70114    -0.24716   0.0044393
     0.50509     0.70114    -0.24716   0.0044393
     0.28605     0.92085    -0.25095   0.0054725
     0.40879     0.82565    -0.23843   0.0050737
     0.59187     0.67472    -0.32406    0.003437
     0.72999     0.96578   -0.098112     0.01667
     0.65297      1.0138   -0.086272    0.016487
     0.41382      1.1273    0.026689    0.027968
     0.63742     0.99414    -0.14642    0.015003
     0.63742     0.99414    -0.14642    0.015003
     0.75129     0.85231    -0.23949    0.011898
     0.75129     0.85231    -0.23949    0.011898
     0.97858     0.72332    -0.18789    0.013325
     0.97858     0.72332    -0.18789    0.013325
     0.97858     0.72332    -0.18789    0.013325
     0.74381     0.45232    -0.11025   0.0087548
     0.93573     0.47466    -0.11744   0.0075523
     0.95274     0.48978    -0.16145   0.0056115
      1.0063     0.50322    -0.14884   0.0046608
      1.0063     0.50322    -0.14884   0.0046608
      1.0063     0.50322    -0.14884   0.0046608
      1.0013     0.65832    -0.25405   0.0066031
      1.0013     0.65832    -0.25405   0.0066031
      1.0013     0.65832    -0.25405   0.0066031
      1.0013     0.65832    -0.25405   0.0066031
      1.0723     0.67774   -0.049382     0.01253
      1.2476     0.47427     0.42903   0.0073235
      1.2476     0.47427     0.42903   0.0073235
      1.2476     0.47427     0.42903   0.0073235
      1.2476     0.47427     0.42903   0.0073235
      1.2476     0.47427     0.42903   0.0073235
      1.2476     0.47427     0.42903   0.0073235
      1.2476     0.47427     0.42903   0.0073235
      1.2476     0.47427     0.42903   0.0073235
      1.1433     0.59637    0.055277   0.0090675
      1.1904     0.59234       0.212   0.0087131
      1.1904     0.59234       0.212   0.0087131
      1.1904     0.59234       0.212   0.0087131
     0.98675     0.88549     0.22444    0.025718
     0.81861     0.64196    -0.43888   0.0033372
     0.81861     0.64196    -0.43888   0.0033372
     0.81861     0.64196    -0.43888   0.0033372
     0.58615      0.7515    -0.31545   0.0036559
     0.43457     0.73861    -0.20085   0.0044809
     0.24732     0.77132    -0.12041   0.0056793
     0.24732     0.77132    -0.12041   0.0056793
     0.22701     0.80309    -0.16008   0.0057723
     0.22701     0.80309    -0.16008   0.0057723
     0.38096       1.011    -0.23121   0.0092715
     0.53258     0.77568    -0.28264   0.0053035
     0.53258     0.77568    -0.28264   0.0053035
     0.52161      0.6821    -0.24918   0.0050398
      0.4121     0.52288    0.064589   0.0061493
     0.69497     0.69877     -0.3906   0.0040822
     0.69497     0.69877     -0.3906   0.0040822
     0.81689     0.71847    -0.37201   0.0070193
     0.81689     0.71847    -0.37201   0.0070193
     0.64344     0.81465    -0.32093   0.0062551
     0.65321     0.84631    -0.28213   0.0076077
     0.80036     0.83079    -0.23117    0.010722
     0.92044     0.73965     -0.2469    0.010833
     0.71955     0.60617    -0.41735   0.0023126
     0.71955     0.60617    -0.41735   0.0023126
     0.71955     0.60617    -0.41735   0.0023126
     0.72964     0.59408    -0.42016   0.0020693
     0.72964     0.59408    -0.42016   0.0020693
      0.7399      0.7597     -0.3544    0.005711
     0.59126     0.94461    -0.19653    0.012214
     0.59126     0.94461    -0.19653    0.012214
     0.58932      1.1868     0.29047     0.03352
     0.58932      1.1868     0.29047     0.03352
     0.64974     0.97915    -0.12227    0.015692
     0.62202      1.1108    0.091286    0.029526
     0.75909      1.0341      0.1325    0.029399
     0.46881     0.93623    -0.24579   0.0095659
     0.46881     0.93623    -0.24579   0.0095659
     0.41577     0.89317    -0.26422   0.0059475
     0.41577     0.89317    -0.26422   0.0059475
     0.27036      1.0026    -0.24854   0.0079392
     0.27036      1.0026    -0.24854   0.0079392
     0.27036      1.0026    -0.24854   0.0079392
    0.065667     0.98073    -0.23718   0.0066587
   -0.096522     0.76634   -0.054686   0.0056908
   -0.096522     0.76634   -0.054686   0.0056908
   -0.096522     0.76634   -0.054686   0.0056908
    -0.21695     0.80799    -0.14513   0.0055954
    -0.31132     0.58382     0.13747   0.0074979
   -0.023911     0.72064    0.037098   0.0069894
    0.055475     0.70259    0.069737    0.007002
     0.22974     0.60095      0.2034   0.0082849
     0.22974     0.60095      0.2034   0.0082849
     0.27248     0.86558    -0.21669   0.0046582
    0.026893      1.0823    -0.21412    0.012756
    0.051964      1.0403    -0.25417    0.008132
    -0.24469     0.91865    -0.23826   0.0050407
    -0.24469     0.91865    -0.23826   0.0050407
    -0.49009      0.8572    -0.27237   0.0052641
    -0.49009      0.8572    -0.27237   0.0052641
    -0.52736     0.55879    -0.17767    0.004994
    -0.79674     0.81838    -0.24146    0.012105
    -0.54419     0.69651    -0.27399   0.0039378
    -0.84286     0.48093    -0.20603   0.0075824
    -0.74292     0.40123     0.25409    0.014091
    -0.75774     0.38737      0.3811    0.015553
    -0.58114      0.4447   -0.074543   0.0083006
    -0.58114      0.4447   -0.074543   0.0083006
    -0.58114      0.4447   -0.074543   0.0083006
    -0.84178     0.71811    -0.35872   0.0074304
    -0.84178     0.71811    -0.35872   0.0074304
    -0.63284     0.76333    -0.32962    0.005282
    -0.71259     0.61877    -0.41691   0.0022173
    -0.71259     0.61877    -0.41691   0.0022173
    -0.67002     0.81386    -0.31748   0.0069024
    -0.67002     0.81386    -0.31748   0.0069024
    -0.67002     0.81386    -0.31748   0.0069024
    -0.67002     0.81386    -0.31748   0.0069024
    -0.80924     0.61189    -0.44818   0.0020959
    -0.80924     0.61189    -0.44818   0.0020959
    -0.80924     0.61189    -0.44818   0.0020959
    -0.80924     0.61189    -0.44818   0.0020959
    -0.80924     0.61189    -0.44818   0.0020959
    -0.86885     0.73855    -0.32337   0.0083844
    -0.86885     0.73855    -0.32337   0.0083844
    -0.86885     0.73855    -0.32337   0.0083844
    -0.86885     0.73855    -0.32337   0.0083844
     -0.9907      0.4617   -0.031659   0.0085578
     -0.9907      0.4617   -0.031659   0.0085578
     -0.9907      0.4617   -0.031659   0.0085578
     -1.0563     0.47413   0.0083964   0.0055296
    -0.88957     0.61614    -0.41618   0.0032225
    -0.70013      0.8812    -0.22492    0.012389
    -0.70013      0.8812    -0.22492    0.012389
    -0.85556     0.67675    -0.39808   0.0055399
    -0.85556     0.67675    -0.39808   0.0055399
    -0.85556     0.67675    -0.39808   0.0055399
    -0.84603     0.67223    -0.41703   0.0043126
     -0.8071     0.62863    -0.44447   0.0027096
     -0.8071     0.62863    -0.44447   0.0027096
    -0.62059     0.65171    -0.34819   0.0032429
    -0.74289     0.67902    -0.40988   0.0036009
    -0.74289     0.67902    -0.40988   0.0036009
    -0.74289     0.67902    -0.40988   0.0036009
    -0.74289     0.67902    -0.40988   0.0036009
     -1.0082     0.84401     0.20962    0.022105
     -1.0082     0.84401     0.20962    0.022105
     -1.0082     0.84401     0.20962    0.022105
     -1.0082     0.84401     0.20962    0.022105
     -1.0082     0.84401     0.20962    0.022105
    -0.75092     0.82651    -0.26069    0.010227
    -0.75092     0.82651    -0.26069    0.010227
    -0.75092     0.82651    -0.26069    0.010227
    -0.76306     0.78463    -0.32696   0.0069454
    -0.76306     0.78463    -0.32696   0.0069454
    -0.73094     0.54787    -0.39056   0.0040448
    -0.88174     0.47007    -0.13349   0.0081928
     -1.0712     0.51135   -0.061487   0.0043882
     -1.0712     0.51135   -0.061487   0.0043882
     -1.0791      0.5979    -0.11346   0.0068844
     -1.0791      0.5979    -0.11346   0.0068844
    -0.78182     0.57365    -0.43145   0.0025995
    -0.59289     0.58234    -0.28945   0.0038562
      -0.665     0.49736    -0.26181   0.0057121
    -0.65493      0.5207    -0.31097    0.004441
    -0.76824     0.54331     -0.3886   0.0039823
     -1.0074     0.76632   -0.046538    0.014846
     -1.0074     0.76632   -0.046538    0.014846
     -1.0074     0.76632   -0.046538    0.014846
    -0.73843      0.5848    -0.42062   0.0027018
    -0.70866     0.52888    -0.36199   0.0042426
    -0.45116      0.7412    -0.22515   0.0047255
    -0.74409     0.54759    -0.39244   0.0035185
    -0.61719      0.5876    -0.32751   0.0029561
    -0.61719      0.5876    -0.32751   0.0029561
    -0.61719      0.5876    -0.32751   0.0029561
    -0.84867     0.80651    -0.24716    0.010454
    -0.84867     0.80651    -0.24716    0.010454
     -1.0221     0.77123   0.0044146      0.0167
     -1.0221     0.77123   0.0044146      0.0167
     -1.0057     0.81657     0.11892    0.019908
     -1.0057     0.81657     0.11892    0.019908
    -0.82432     0.62305    -0.44065   0.0025608
    -0.66813     0.79591    -0.32754   0.0064468
    -0.66813     0.79591    -0.32754   0.0064468
    -0.69455     0.87718    -0.24323     0.01106
    -0.69455     0.87718    -0.24323     0.01106
    -0.69455     0.87718    -0.24323     0.01106
    -0.80026     0.69059    -0.41259   0.0050715
    -0.80026     0.69059    -0.41259   0.0050715
    -0.95116     0.55042    -0.31078   0.0034923
    -0.95116     0.55042    -0.31078   0.0034923
    -0.95116     0.55042    -0.31078   0.0034923
    -0.95116     0.55042    -0.31078   0.0034923
    -0.95116     0.55042    -0.31078   0.0034923
    -0.95116     0.55042    -0.31078   0.0034923
    -0.95116     0.55042    -0.31078   0.0034923
    -0.99598      0.8136    0.066106    0.019332
    -0.99598      0.8136    0.066106    0.019332
    -0.87739      1.0682     0.52062    0.042173
    -0.67399      1.2063     0.56873    0.048275
    -0.67399      1.2063     0.56873    0.048275
    -0.67399      1.2063     0.56873    0.048275
    -0.42357      1.1142    -0.14124    0.013695
    -0.13319       1.142    -0.19265    0.012288
    -0.37978     0.93516    -0.25778   0.0073138
    -0.56222     0.77503    -0.30062   0.0046338
    -0.64033     0.56295    -0.33615   0.0036646
    -0.64033     0.56295    -0.33615   0.0036646
    -0.64033     0.56295    -0.33615   0.0036646
    -0.64033     0.56295    -0.33615   0.0036646
    -0.64033     0.56295    -0.33615   0.0036646
    -0.64033     0.56295    -0.33615   0.0036646
    -0.64033     0.56295    -0.33615   0.0036646
    -0.72081     0.69565    -0.39911   0.0038749
    -0.60302     0.54294    -0.28041   0.0043911
    -0.37979     0.74758    -0.16966   0.0049561
    -0.37979     0.74758    -0.16966   0.0049561
    -0.41921     0.89935    -0.27223   0.0060497
    -0.40992     0.77696    -0.21121   0.0054622
    -0.53179      0.8674     -0.2819   0.0072737
     -0.7305     0.95818   -0.097967    0.019296
     -0.7305     0.95818   -0.097967    0.019296
    -0.43984       1.185    0.075362    0.021785
    -0.25139       0.889    -0.23457    0.005203
    -0.39005      1.1399   -0.048748    0.021652
    -0.65084      1.0391   -0.016106    0.019807
    -0.89107     0.94393     0.13464    0.024387
    -0.84411      0.6504    -0.42826   0.0043559
    -0.84411      0.6504    -0.42826   0.0043559
    -0.76986     0.73605     -0.3826   0.0067951
    -0.57898     0.56457    -0.26356   0.0036654
    -0.47503     0.59204    -0.13015   0.0052252
    -0.47503     0.59204    -0.13015   0.0052252
    -0.47503     0.59204    -0.13015   0.0052252
    -0.28609     0.72906   -0.089753   0.0061312
    -0.26447     0.86617    -0.21891   0.0050521
   -0.098772      1.0948    -0.19247    0.013126
   -0.098772      1.0948    -0.19247    0.013126
   -0.098772      1.0948    -0.19247    0.013126
    -0.30829      1.1275     -0.1181    0.015122
    -0.18768      1.2627     0.11757     0.02484
    -0.18768      1.2627     0.11757     0.02484
    -0.15423     0.96926     -0.2525   0.0054865
    -0.24739     0.78494    -0.14246   0.0053346
    -0.54305      1.0603   -0.078336    0.019616
    -0.44076      1.1793    0.061514    0.028038
    -0.52677     0.91442    -0.26279   0.0076494
    -0.63783     0.68595    -0.35449   0.0039095
    -0.80499     0.73105    -0.35661     0.00733
    -0.56124     0.77709    -0.30747   0.0041901
    -0.62923     0.86001    -0.29099   0.0079042
    -0.52912     0.84794    -0.28197   0.0065296
    -0.66274     0.82774    -0.30004   0.0081452
    -0.36465      1.1215    -0.12004    0.017794
    -0.11312      1.1033    -0.21434    0.012463
    -0.37763     0.98081    -0.23947    0.014411
    -0.66704     0.96999    -0.11255    0.015877
    -0.51828     0.71103    -0.26065    0.004261
    -0.26843     0.76362    -0.12036     0.00509
    -0.56742     0.84897    -0.29479    0.006716
    -0.61969     0.98019    -0.13397    0.016294
    -0.61969     0.98019    -0.13397    0.016294
    -0.90597     0.72609    -0.28917     0.00868
    -0.86426     0.56891    -0.40668   0.0030465
     -1.0617     0.47833 -0.00063467   0.0049107
     -1.0617     0.47833 -0.00063467   0.0049107
     -1.0617     0.47833 -0.00063467   0.0049107
     -1.0617     0.47833 -0.00063467   0.0049107
     -1.1034     0.50414    0.013767   0.0042015
     -1.1034     0.50414    0.013767   0.0042015
     -1.1034     0.50414    0.013767   0.0042015
     -1.1034     0.50414    0.013767   0.0042015
     -1.1034     0.50414    0.013767   0.0042015
     -1.1034     0.50414    0.013767   0.0042015
     -1.1034     0.50414    0.013767   0.0042015
     -1.1034     0.50414    0.013767   0.0042015
    -0.94205     0.46002   -0.053411   0.0078013
    -0.95321     0.47494     -0.1084   0.0069548
    -0.95321     0.47494     -0.1084   0.0069548
     -0.7399     0.67081    -0.41792   0.0031282
    -0.71522      0.9417    -0.15001    0.014154
    -0.59866      1.0954   0.0052903     0.01991
    -0.42533     0.98734    -0.23799   0.0094858
    -0.48773     0.73709    -0.24546   0.0039638
     -0.2851     0.77958    -0.13422   0.0050097
     -0.2851     0.77958    -0.13422   0.0050097
    -0.16859     0.57498     0.35288   0.0095619
    -0.16859     0.57498     0.35288   0.0095619
    -0.18606     0.61652     0.21713    0.007998
    -0.18606     0.61652     0.21713    0.007998
    0.032956     0.80515     -0.1044   0.0054847
    0.032956     0.80515     -0.1044   0.0054847
     0.30328      0.9195    -0.24491   0.0066212
     0.15658      1.0257    -0.22332    0.010215
    0.067703     0.88461    -0.19455   0.0074658
    -0.14579     0.79726    -0.11627   0.0058933
  -0.0017097     0.93681    -0.24036   0.0054221
    -0.13098       1.227   -0.031889    0.021803
    -0.41847     0.93992    -0.26057   0.0061567
    -0.38041     0.96935    -0.24792   0.0099872
    -0.58514     0.95274    -0.21949    0.012911
    -0.69631     0.96261    -0.12936    0.015258
    -0.54636     0.86983    -0.28278   0.0068327
     -0.6001      1.0454   -0.050589    0.019581
     -0.6001      1.0454   -0.050589    0.019581
     -0.6001      1.0454   -0.050589    0.019581
    -0.31826      1.2499     0.16496    0.041825
    -0.12444      1.2001    -0.05171    0.020992
      0.1207      0.9035    -0.22137   0.0047692
    0.038892       1.126    -0.16911    0.018707
   -0.081123      1.3078     0.22346    0.032881
    -0.12368      1.0563    -0.24527   0.0076689
    -0.12368      1.0563    -0.24527   0.0076689
    -0.12368      1.0563    -0.24527   0.0076689
    0.095123     0.92752    -0.23511   0.0052794
     0.18593      1.0313    -0.25114   0.0074302
     0.18593      1.0313    -0.25114   0.0074302
    0.070627      1.0009    -0.25038   0.0059418
    0.070627      1.0009    -0.25038   0.0059418
    0.094778     0.84054    -0.16242   0.0049072
    0.029581     0.84896    -0.16399   0.0044516
     -0.2298     0.88221    -0.21802   0.0052731
    -0.41051     0.78561    -0.22213   0.0048535
    -0.60604     0.97166      -0.191    0.012346
    -0.44217     0.80965    -0.25292   0.0052463
    -0.44217     0.80965    -0.25292   0.0052463
    -0.54817      1.0698    -0.11202    0.017884
     -0.3323     0.90949    -0.25579   0.0052354
     -0.3323     0.90949    -0.25579   0.0052354
    -0.55821     0.68974    -0.28899   0.0036253
    -0.55821     0.68974    -0.28899   0.0036253
    -0.32525     0.91127    -0.25426   0.0050717
    -0.59341     0.81704    -0.30042   0.0059895
    -0.83743     0.90592   -0.012358    0.020999
    -0.83743     0.90592   -0.012358    0.020999
    -0.60435     0.97264    -0.17914    0.012787
    -0.51825     0.87115    -0.28782   0.0081712
    -0.51825     0.87115    -0.28782   0.0081712
    -0.61765     0.89892    -0.24835    0.010164
    -0.33354     0.66466   -0.031152   0.0057447
    -0.33354     0.66466   -0.031152   0.0057447
    -0.20557     0.88566    -0.21572   0.0056861
    -0.28872     0.94852    -0.26115   0.0064134
    -0.50395      1.0181    -0.17831    0.014042
    -0.50395      1.0181    -0.17831    0.014042
    -0.39024      1.1199    -0.11273    0.016269
    -0.19995        1.01    -0.24976   0.0084261
   -0.092564     0.84784    -0.15761   0.0044472
      0.1872      1.0554     -0.2378     0.01046
     0.22391     0.96976    -0.25452   0.0065023
    0.034688      1.0233    -0.24564   0.0089268
    0.034688      1.0233    -0.24564   0.0089268
    0.081673      1.2854     0.15391    0.030848
     0.13181      1.2124    -0.03158    0.021155
     0.13181      1.2124    -0.03158    0.021155
   -0.091797      1.3474     0.40311     0.03661
    -0.31544      1.0567    -0.21827    0.010493
    -0.28676     0.91911    -0.25144   0.0053401
   -0.083125     0.73796  -0.0064038   0.0071754
     -0.2027     0.82368    -0.16107   0.0057341
    -0.33878     0.80777    -0.21042   0.0054952
    -0.33878     0.80777    -0.21042   0.0054952
      -0.112      1.0573    -0.23011   0.0097449
    -0.11762     0.77939   -0.083931   0.0064517
    -0.34134     0.77375    -0.16859   0.0052187
    -0.23874     0.91801    -0.24041   0.0049163
    -0.43577     0.99254    -0.22108    0.011834
    -0.43577     0.99254    -0.22108    0.011834
    -0.26245     0.85325    -0.21471   0.0057976
    -0.26245     0.85325    -0.21471   0.0057976
    0.021928     0.80287    -0.10777   0.0058733
    -0.02881     0.89753    -0.20669   0.0051713
    0.063511     0.77569   -0.061167   0.0057476
    0.063511     0.77569   -0.061167   0.0057476
    -0.07716       1.001    -0.23611    0.008023
    -0.07716       1.001    -0.23611    0.008023
    -0.07716       1.001    -0.23611    0.008023
    0.095742     0.84527    -0.16454   0.0049635
     0.14397     0.97087    -0.25203   0.0063681
     0.33072     0.84892    -0.22441   0.0050211
     0.33072     0.84892    -0.22441   0.0050211
     0.62971     0.81811    -0.32067   0.0066861
     0.50353     0.82359    -0.27794   0.0055754
     0.50353     0.82359    -0.27794   0.0055754
     0.50353     0.82359    -0.27794   0.0055754
     0.50353     0.82359    -0.27794   0.0055754
     0.50353     0.82359    -0.27794   0.0055754
     0.60264     0.87747    -0.27753   0.0075496
      0.4031     0.98897    -0.23074    0.008938
      0.4031     0.98897    -0.23074    0.008938
     0.65977     0.69968    -0.37163   0.0035178
     0.63384       0.932    -0.22484     0.01303
      0.7331     0.88465    -0.22646    0.012778
      0.7559       1.007     0.04083    0.022256
     0.57669     0.85167    -0.29536   0.0053239
     0.52107     0.94943    -0.23295   0.0088088
     0.61106      1.0929  0.00069586    0.018384
     0.61106      1.0929  0.00069586    0.018384
      0.6191     0.80314    -0.32288   0.0060787
     0.69241     0.58684    -0.39776   0.0023849
     0.69241     0.58684    -0.39776   0.0023849
     0.69241     0.58684    -0.39776   0.0023849
     0.69241     0.58684    -0.39776   0.0023849
     0.69241     0.58684    -0.39776   0.0023849
     0.96432     0.59799    -0.33823   0.0037266
     0.96432     0.59799    -0.33823   0.0037266
     0.69807     0.54933    -0.37907   0.0038848
     0.81364     0.53934    -0.38328   0.0040598
     0.81364     0.53934    -0.38328   0.0040598
     0.81364     0.53934    -0.38328   0.0040598
     0.81364     0.53934    -0.38328   0.0040598
     0.87764     0.60687    -0.41892   0.0037581
     0.87764     0.60687    -0.41892   0.0037581
     0.90334     0.62099      -0.403   0.0032655
     0.90334     0.62099      -0.403   0.0032655
      0.9528     0.48921    -0.16889   0.0060073
      0.9528     0.48921    -0.16889   0.0060073
      0.9528     0.48921    -0.16889   0.0060073
      0.9528     0.48921    -0.16889   0.0060073
      1.1393     0.59042    0.052973    0.008716
      1.1393     0.59042    0.052973    0.008716
      1.1393     0.59042    0.052973    0.008716
      1.0309     0.52886    -0.16893   0.0040413
     0.73958     0.44796   -0.079089    0.010549
     0.67111     0.44019   -0.054532   0.0094725
     0.67111     0.44019   -0.054532   0.0094725
     0.67111     0.44019   -0.054532   0.0094725
     0.67111     0.44019   -0.054532   0.0094725
     0.89804     0.58089     -0.3912   0.0032527
     0.89804     0.58089     -0.3912   0.0032527
     0.89804     0.58089     -0.3912   0.0032527
     0.89804     0.58089     -0.3912   0.0032527
     0.89804     0.58089     -0.3912   0.0032527
     0.89804     0.58089     -0.3912   0.0032527
     0.89804     0.58089     -0.3912   0.0032527
     0.89804     0.58089     -0.3912   0.0032527
      1.0307     0.63973    -0.21919   0.0080301
      1.0307     0.63973    -0.21919   0.0080301
     0.74293      0.6355    -0.42795   0.0025174
     0.75875      0.7169    -0.39649   0.0052479
     0.49096     0.99151    -0.20841    0.010351
     0.30195     0.80804    -0.18674   0.0051256
     0.25921     0.80636    -0.16978   0.0054716
    0.032846     0.85414    -0.17974   0.0053081
     0.17215     0.83464    -0.15972   0.0052603
     0.17215     0.83464    -0.15972   0.0052603
     0.17215     0.83464    -0.15972   0.0052603
     0.17215     0.83464    -0.15972   0.0052603
     0.30214      1.1306    -0.11291    0.018836
     0.52661      1.1194   -0.021071    0.022926
     0.39177      1.0996     -0.1078    0.018305
     0.22973      1.2241   -0.023069    0.017225
     0.22973      1.2241   -0.023069    0.017225
   -0.026085      1.2685     0.08743    0.024832
   -0.026085      1.2685     0.08743    0.024832
    0.067534      1.3262      0.2318    0.031557
     -0.1964      1.0708    -0.20634    0.012931
     -0.1964      1.0708    -0.20634    0.012931
    0.080877     0.95309    -0.24381   0.0052881
     0.28339      1.0644    -0.21628    0.011121
     0.28339      1.0644    -0.21628    0.011121
     0.17497     0.96208    -0.25418   0.0058271
     0.17497     0.96208    -0.25418   0.0058271
      0.3579     0.79139    -0.19428   0.0050097
     0.46665     0.75439    -0.24136   0.0045376
     0.46665     0.75439    -0.24136   0.0045376
     0.33053     0.68517   -0.058525   0.0056673
    0.086142     0.75818   -0.036984   0.0058805
     0.34062     0.97595    -0.23417   0.0095077
     0.34062     0.97595    -0.23417   0.0095077
     0.42706     0.89604    -0.25426   0.0069687
     0.32883      0.9001    -0.24037    0.006478
    0.070528     0.97146    -0.24257   0.0055778
   -0.047083     0.98629    -0.25417   0.0060827
    -0.33325     0.90511    -0.23844   0.0063588
     -0.4404     0.94611    -0.25967   0.0087678
    -0.36136      0.8883    -0.24828   0.0063853
    -0.36136      0.8883    -0.24828   0.0063853
    -0.36136      0.8883    -0.24828   0.0063853
     -0.1637      1.0827    -0.20916    0.011107
     -0.1637      1.0827    -0.20916    0.011107
    -0.30826     0.82005    -0.19936   0.0047422
    -0.58032     0.60035    -0.29092   0.0035416
    -0.75983     0.62472    -0.43268   0.0024759
    -0.75983     0.62472    -0.43268   0.0024759
    -0.75983     0.62472    -0.43268   0.0024759
    -0.59886      0.6458    -0.31915   0.0032953
    -0.67888     0.76875    -0.35359   0.0052342
    -0.67888     0.76875    -0.35359   0.0052342
     -0.7159     0.54742    -0.37912   0.0036141
     -0.7159     0.54742    -0.37912   0.0036141
     -0.7159     0.54742    -0.37912   0.0036141
     -0.7159     0.54742    -0.37912   0.0036141
    -0.48005     0.67637    -0.20662   0.0055153
    -0.52164     0.58897    -0.20659   0.0047147
    -0.71955     0.88378    -0.22133    0.012017
    -0.57205     0.80201    -0.30706    0.004738
    -0.34608      0.9943    -0.24776    0.010239
    -0.60503     0.85561     -0.2921   0.0061108
     -0.3088     0.80861    -0.18733    0.004916
    -0.23162     0.73465   -0.053638   0.0057442
    -0.23162     0.73465   -0.053638   0.0057442
    0.011649     0.85398    -0.17271   0.0052682
    0.045283     0.89963    -0.20595   0.0051587
    0.045283     0.89963    -0.20595   0.0051587
     0.27225      1.1873   -0.064234    0.017862
     0.13042     0.89106    -0.21323   0.0045713
     0.13042     0.89106    -0.21323   0.0045713
     0.13042     0.89106    -0.21323   0.0045713
    -0.11944     0.78611    -0.10167   0.0058684
    -0.11944     0.78611    -0.10167   0.0058684
   -0.068188     0.85323    -0.16455   0.0054763
   -0.068188     0.85323    -0.16455   0.0054763
     0.12751     0.80215    -0.11445   0.0054168
    -0.10609     0.60258     0.30911   0.0089119
    -0.10609     0.60258     0.30911   0.0089119
    -0.10609     0.60258     0.30911   0.0089119
    -0.10609     0.60258     0.30911   0.0089119
     0.01658     0.80147    -0.10794   0.0052547
     0.01658     0.80147    -0.10794   0.0052547
     0.29673        1.02    -0.23335    0.011651
     0.29673        1.02    -0.23335    0.011651
     0.26611     0.74026   -0.080233   0.0054537
     0.52267     0.51962    -0.13963   0.0053982
     0.52267     0.51962    -0.13963   0.0053982
     0.46495     0.50645   -0.012149   0.0057682
      0.6775     0.67465      -0.388    0.002668
     0.55006     0.79235    -0.29067   0.0061472
     0.49826     0.61859    -0.17864    0.004395
     0.29574     0.77254    -0.14795   0.0052204
    0.031643      1.0266    -0.25282   0.0080934
   -0.027841      1.1602    -0.10625     0.02258
   -0.027841      1.1602    -0.10625     0.02258
   -0.027841      1.1602    -0.10625     0.02258
   -0.027841      1.1602    -0.10625     0.02258
    -0.12699      1.0594    -0.23338   0.0080014
    -0.10846     0.80172    -0.12367   0.0054144
    0.069272     0.87619    -0.19583   0.0047839
    0.069272     0.87619    -0.19583   0.0047839
    0.069566     0.94065    -0.23827   0.0062818
    -0.10821     0.89923    -0.20781   0.0051908
    -0.27806     0.92921    -0.25642   0.0051623
    -0.29264     0.74716    -0.10776   0.0049171
   -0.021253     0.95164    -0.24241   0.0060697
   -0.021253     0.95164    -0.24241   0.0060697
   -0.021253     0.95164    -0.24241   0.0060697
     0.21621     0.73179    -0.05558   0.0062843
     0.20062     0.49973     0.55584    0.010379
   -0.023795     0.57611     0.41565   0.0095617
   -0.023795     0.57611     0.41565   0.0095617
   -0.023795     0.57611     0.41565   0.0095617
   -0.023795     0.57611     0.41565   0.0095617
     0.14372      0.6181     0.23828    0.008588
    0.046476     0.85759    -0.17727    0.005262
   -0.048228      1.1321    -0.16437    0.013408
     0.13163     0.97197    -0.24352   0.0068726
     0.13163     0.97197    -0.24352   0.0068726
     0.13163     0.97197    -0.24352   0.0068726
     0.13163     0.97197    -0.24352   0.0068726
    -0.13705      1.0223    -0.25558   0.0074828
    -0.41959     0.81098    -0.24355   0.0052583
     -0.5896      0.8358    -0.30284   0.0056963
     -0.5896      0.8358    -0.30284   0.0056963
    -0.74126     0.90778     -0.1812     0.01389
    -0.74126     0.90778     -0.1812     0.01389
    -0.74126     0.90778     -0.1812     0.01389
    -0.55015     0.80313    -0.30104    0.005705
    -0.55015     0.80313    -0.30104    0.005705
    -0.45741     0.87054    -0.26558   0.0056799
    -0.52984     0.76111    -0.28044   0.0043696
    -0.24571     0.97611    -0.25215   0.0062911
    -0.24571     0.97611    -0.25215   0.0062911
    -0.24571     0.97611    -0.25215   0.0062911
    -0.27237     0.97988    -0.24379   0.0067969
    -0.46383     0.81041    -0.26065   0.0046737
    -0.54394      1.0436    -0.12767    0.014133
    -0.54394      1.0436    -0.12767    0.014133
    -0.60275     0.91829    -0.23646    0.011522
    -0.86147     0.98006     0.19151    0.030631
    -0.86147     0.98006     0.19151    0.030631
    -0.86147     0.98006     0.19151    0.030631
    -0.86147     0.98006     0.19151    0.030631
    -0.59313      1.1257    0.072714    0.025453
    -0.59313      1.1257    0.072714    0.025453
    -0.88411      1.0467     0.52874    0.039947
    -0.60666     0.90247    -0.25561    0.010278
    -0.60849     0.64263    -0.33394   0.0030774
    -0.50081     0.79204    -0.27309   0.0049834
    -0.40164      1.0093    -0.25376   0.0084037
    -0.40164      1.0093    -0.25376   0.0084037
    -0.40164      1.0093    -0.25376   0.0084037
    -0.40164      1.0093    -0.25376   0.0084037
    -0.40164      1.0093    -0.25376   0.0084037
    -0.40164      1.0093    -0.25376   0.0084037
    -0.53727     0.97264    -0.23918   0.0094117
    -0.53727     0.97264    -0.23918   0.0094117
    -0.38891      1.1074    -0.13248    0.020181
    -0.19256      1.1255    -0.15846    0.013682
    -0.19256      1.1255    -0.15846    0.013682
    -0.21745      1.0876    -0.20257    0.010933
    0.019198     0.89123    -0.21131   0.0050201
    -0.23847      1.0088    -0.24762    0.010543
    -0.23847      1.0088    -0.24762    0.010543
    -0.11263      0.8713    -0.19197   0.0047109
    -0.30671     0.99017    -0.23924    0.008265
    -0.30671     0.99017    -0.23924    0.008265
    -0.30671     0.99017    -0.23924    0.008265
   -0.073142     0.93257    -0.23677    0.005614
    0.073888     0.86376    -0.18161   0.0046049
    0.047127      1.1138    -0.18602    0.016507
