       GEN           L2
       0        2940.05
       1        2372.63
       2         2151.7
       3        1950.08
       4        1866.88
       5        1784.92
       6        1712.38
       7        1622.43
       8        1556.52
       9        1490.74
      10        1453.52
      11        1400.31
      12        1358.63
      13        1292.32
      14        1262.12
      15        1221.68
      16        1182.32
      17         1148.5
      18        1123.93
      19        1093.64
      20        1072.71
      21        1015.95
      22        994.199
      23        971.386
      24          941.7
      25         913.13
      26        894.921
      27        858.212
      28        837.385
      29        807.277
      30        792.022
      31        774.482
      32         740.31
      33        720.315
      34        711.552
      35         702.71
      36        694.793
      37        667.624
      38        660.871
      39        599.316
      40        589.935
      41        581.399
      42        559.168
      43         533.93
      44        526.187
      45        505.254
      46        502.416
      47        499.493
      48        487.744
      49        483.143
      50        467.774
      51        460.183
      52        450.942
      53        438.793
      54        435.889
      55        424.457
      56        415.656
      57        411.061
      58        403.017
      59        392.357
      60         372.43
      61        348.466
      62        346.286
      63        340.776
      64        336.712
      65        326.823
      66          308.6
      67        302.198
      68        302.171
      69        298.822
      70        296.283
      71        294.366
      72        292.503
      73        291.043
      74        285.253
      75        281.605
      76        276.674
      77        271.336
      78        270.004
      79        269.029
      80        267.875
      81        266.119
      82        263.872
      83        258.626
      84        258.626
      85         258.62
      86        257.203
      87        254.916
      88        248.881
      89        248.071
      90        239.177
      91        234.929
      92        232.877
      93        231.213
      94         231.21
      95        230.436
      96        226.011
      97        225.196
      98        224.804
      99        224.092
     100        223.619
     101        218.384
     102        218.376
     103        216.194
     104        215.289
     105         215.26
     106         209.47
     107        206.433
     108        204.618
     109        204.618
     110        204.617
     111        204.366
     112        200.759
     113        199.554
     114        197.942
     115         194.66
     116        191.958
     117        190.254
     118        188.802
     119        187.238
     120        183.843
     121        183.842
     122        183.623
     123        183.487
     124        181.946
     125        181.936
     126        179.632
     127        178.552
     128        177.674
     129        176.503
     130        174.867
     131        174.859
     132        173.023
     133        173.022
     134         172.89
     135        172.509
     136        172.501
     137        170.634
     138        170.627
     139        168.814
     140        161.108
     141        161.105
     142        160.657
     143        160.375
     144         160.03
     145        153.302
     146         151.31
     147        149.321
     148        149.321
     149        149.316
     150        148.133
     151        148.132
     152        147.964
     153        147.962
     154        147.539
     155        147.438
     156        147.438
     157        147.387
     158        135.515
     159        134.479
     160        133.734
     161        133.728
     162        132.883
     163        131.814
     164        131.814
     165        131.814
     166        131.814
     167        131.814
     168        131.814
     169        131.814
     170        131.806
     171        130.263
     172        130.263
     173        130.133
     174        129.488
     175        129.488
     176        129.488
     177        129.483
     178         128.19
     179        122.699
     180        122.696
     181        122.088
     182        122.087
     183        121.736
     184        121.353
     185        121.345
     186        119.913
     187        119.909
     188        118.962
     189        118.962
     190        118.962
     191        118.962
     192        118.962
     193        118.962
     194        118.962
     195        118.962
     196        118.962
     197        118.959
     198         118.39
     199         118.39
     200        118.385
     201        117.031
     202        116.935
     203        116.935
     204        116.935
     205        116.935
     206        116.932
     207        116.259
     208         113.21
     209        112.278
     210         112.14
     211         112.14
     212         112.14
     213        112.139
     214        111.882
     215        111.882
     216        111.882
     217         111.88
     218        111.552
     219        111.552
     220        111.552
     221        111.552
     222        111.527
     223        111.527
     224        111.525
     225        111.104
     226        110.725
     227        110.722
     228         109.83
     229         109.39
     230        108.511
     231        108.511
     232        108.511
     233        108.511
     234        108.478
     235        108.478
     236        108.478
     237        108.478
     238        108.478
     239        108.476
     240        108.007
     241        107.586
     242        107.443
     243        107.443
     244        107.443
     245        107.443
     246        107.442
     247        107.189
     248        106.591
     249        106.318
     250        106.318
     251        106.318
     252         106.22
     253         106.22
     254         106.22
     255         106.22
     256         106.22
     257         106.22
     258        106.219
     259        106.133
     260        106.133
     261        106.124
     262        103.895
     263        103.895
     264        103.895
     265        103.895
     266        103.895
     267        103.895
     268        103.893
     269        103.189
     270        103.189
     271        103.186
     272        102.578
     273        101.865
     274        101.865
     275        101.865
     276        101.865
     277        101.865
     278        101.863
     279        101.463
     280        100.386
     281        100.386
     282        100.379
     283        98.7273
     284        98.7273
     285        98.7204
     286        97.0087
     287        97.0087
     288        97.0087
     289        97.0087
     290        97.0087
     291        97.0087
     292        97.0087
     293        97.0018
     294        95.3062
     295        95.3062
     296        95.2976
     297        93.6256
     298        93.6254
     299        93.5672
     300        93.5652
     301        93.0585
     302        92.6439
     303        92.6439
     304        92.6439
     305        92.6408
     306        91.8524
     307        89.7565
     308        89.7565
     309        89.7552
     310        89.4242
     311        89.4242
     312        89.4225
     313        88.9889
     314        88.9858
     315        88.2237
     316        88.2237
     317        88.2237
     318        88.2237
     319        88.2237
     320        88.2237
     321        88.2237
     322        88.2237
     323        88.2237
     324        88.2221
     325        87.8187
     326        87.8145
     327        86.7481
     328        86.7481
     329        86.7481
     330        86.7481
     331        86.7455
     332        86.0856
     333        86.0427
     334        86.0111
     335        86.0093
     336        85.5844
     337        85.5844
     338        85.5844
     339        85.5844
     340        85.5844
     341        85.5844
     342        85.5726
     343        83.0882
     344        82.8128
     345        82.8128
     346        82.8128
     347        82.8128
     348        82.8123
     349        82.6897
     350        82.6897
     351        82.6897
     352        82.6865
     353        81.8805
     354        81.8805
     355        81.8805
     356        81.8805
     357        81.8805
     358        81.8805
     359        81.8805
     360        81.8805
     361        81.8805
     362        81.8745
     363        80.3785
     364        80.3785
     365        80.3785
     366        80.3785
     367        80.3785
     368        80.3785
     369        80.3785
     370        80.3785
     371        80.3784
     372        80.3557
     373        80.3522
     374        79.4692
     375        79.4691
     376        79.4432
     377        79.4432
     378        79.4432
     379        79.4431
     380        79.4238
     381        79.4232
     382        79.2802
     383        79.2802
     384        79.2802
     385        79.2802
     386        79.2802
     387        79.2802
     388        79.2802
     389        79.2802
     390        79.2802
     391        79.2802
     392        79.2802
     393        79.2802
     394        79.2802
     395        79.2802
     396        79.2793
     397        79.0683
     398        79.0683
     399        79.0683
     400        79.0683
     401        79.0683
     402        79.0683
     403        79.0683
     404        79.0683
     405        79.0683
     406        79.0675
     407        78.8669
     408        78.8669
     409        78.8669
     410        78.8669
     411        78.8669
     412        78.8643
     413         78.206
     414         78.206
     415         78.206
     416         78.206
     417         78.206
     418         78.206
     419        78.2043
     420        77.7927
     421        77.7927
     422        77.7927
     423        77.7927
     424        77.7927
     425        77.7927
     426        77.7927
     427        77.7927
     428        77.7927
     429        77.7927
     430        77.7927
     431        77.7927
     432        77.7927
     433        77.7927
     434        77.7927
     435        77.7927
     436        77.7927
     437        77.7927
     438        77.7927
     439        77.7927
     440        77.7927
     441        77.7911
     442        77.3984
     443        76.8673
     444        76.8673
     445        76.8672
     446          76.83
     447        76.7235
     448        76.7235
     449        76.7194
     450        75.6855
     451        75.6843
     452        75.3837
     453        75.3837
     454        75.3831
     455          75.22
     456        74.7621
     457        74.7621
     458        74.7621
     459        74.7621
     460        74.7621
     461        74.7621
     462          74.76
     463        74.2463
     464        74.2463
     465        74.2463
     466        74.2463
     467        74.2463
     468        74.2463
     469        74.2463
     470        74.2463
     471        74.2463
     472        74.2463
     473        74.2463
     474        74.2463
     475        74.2446
     476        73.8333
     477        73.8333
     478        73.8333
     479        73.8333
     480        73.8333
     481        73.8333
     482        73.8333
     483        73.8333
     484        73.8333
     485        73.8333
     486        73.8333
     487        73.8333
     488        73.8333
     489        73.8333
     490        73.8333
     491        73.8333
     492        73.8333
     493        73.8333
     494        73.8333
     495        73.8333
     496        73.8333
     497        73.8333
     498        73.8333
     499        73.8333
     500        73.8333
     501        73.8333
     502        73.8333
     503        73.8324
     504        73.6159
     505        73.6159
     506        73.6159
     507        73.6159
     508        73.6159
     509        73.6159
     510        73.6159
     511        73.6159
     512        73.6159
     513        73.6159
     514        73.6159
     515        73.6152
     516        73.4587
     517        73.4587
     518        73.4587
     519        73.4587
     520        73.4587
     521        73.4587
     522        73.4587
     523        73.4587
     524        73.4587
     525        73.4587
     526        73.4587
     527        73.4587
     528        73.4587
     529        73.4587
     530        73.4587
     531        73.4587
     532        73.4587
     533        73.4587
     534        73.4587
     535        73.4587
     536        73.4587
     537        73.4587
     538        73.4587
     539        73.4587
     540        73.4587
     541        73.4587
     542        73.4587
     543        73.4587
     544        73.4587
     545        73.4587
     546        73.4587
     547        73.4587
     548        73.4587
     549        73.4587
     550        73.4587
     551        73.4587
     552        73.4587
     553        73.4587
     554        73.4587
     555        73.4587
     556        73.4587
     557        73.4587
     558        73.4587
     559        73.4587
     560        73.4587
     561        73.4576
     562        73.1709
     563        73.1709
     564        73.1709
     565        73.1709
     566        73.1709
     567        73.1709
     568        73.1709
     569        73.1709
     570        73.1709
     571        73.1709
     572        73.1709
     573        73.1709
     574        73.1709
     575        73.1709
     576        73.1709
     577        73.1709
     578        73.1709
     579        73.1709
     580        73.1709
     581        73.1709
     582        73.1709
     583        73.1709
     584        73.1709
     585          73.17
     586        72.9363
     587        72.9363
     588        72.9363
     589        72.9363
     590         72.934
     591         72.934
     592         72.934
     593        72.9327
     594        72.6165
     595        72.6165
     596        72.6165
     597        72.6165
     598        72.6165
     599        72.6165
     600        72.6165
     601        72.6165
     602        72.6165
     603        72.6165
     604        72.6165
     605        72.6165
     606        72.6165
     607        72.6165
     608        72.6165
     609        72.6165
     610        72.6165
     611        72.6165
     612        72.6165
     613        72.6165
     614        72.6165
     615        72.6165
     616        72.6165
     617        72.6165
     618        72.6165
     619        72.6165
     620        72.6165
     621        72.5961
     622        72.5961
     623        72.5961
     624        72.5961
     625        72.5961
     626        72.5961
     627        72.5961
     628        72.5961
     629        72.5961
     630        72.5961
     631        72.5961
     632        72.5961
     633        72.5961
     634        72.5961
     635        72.5961
     636        72.5961
     637        72.5961
     638        72.5961
     639        72.5961
     640        72.5961
     641        72.5961
     642        72.5961
     643        72.5961
     644        72.5961
     645        72.5961
     646        72.5947
     647          72.25
     648          72.25
     649        72.2496
     650        72.1489
     651        72.1489
     652        72.1489
     653        72.1489
     654        72.1489
     655        72.1489
     656        72.1489
     657        72.1489
     658        72.1489
     659        72.1489
     660        72.1489
     661        72.1489
     662        72.1489
     663        72.1489
     664        72.1489
     665        72.1489
     666        72.1489
     667        72.1489
     668        72.1489
     669        72.1489
     670        72.1489
     671        72.1489
     672        72.1489
     673        72.1489
     674        72.1489
     675        72.1489
     676        72.1489
     677        72.1489
     678        72.1489
     679        72.1489
     680        72.1489
     681        72.1489
     682        72.1489
     683        72.1489
     684        72.1489
     685        72.1489
     686        72.1489
     687        72.1489
     688        72.1489
     689        72.1489
     690        72.1489
     691        72.1489
     692        72.1489
     693        72.1489
     694        72.1489
     695        72.1489
     696        72.1489
     697        72.1489
     698        72.1489
     699        72.1489
     700        72.1489
     701        72.1489
     702        72.1489
     703        72.1489
     704        72.1489
     705        72.1489
     706        72.1489
     707        72.1489
     708        72.1489
     709        72.1489
     710        72.1489
     711        72.1489
     712        72.1489
     713        72.1489
     714        72.1489
     715        72.1489
     716        72.1489
     717        72.1489
     718        72.1489
     719        72.1489
     720        72.1489
     721        72.1489
     722        72.1489
     723        72.1489
     724        72.1489
     725        72.1489
     726        72.1489
     727        72.1485
     728        72.0523
     729        72.0523
     730        72.0523
     731        72.0523
     732        72.0523
     733        72.0523
     734        72.0523
     735        72.0523
     736        72.0523
     737        72.0523
     738        72.0523
     739        72.0523
     740        72.0523
     741        72.0523
     742        72.0523
     743        72.0523
     744        72.0522
     745        72.0351
     746        72.0351
     747        72.0351
     748        72.0351
     749        72.0351
     750        72.0351
     751        72.0351
     752        72.0351
     753        72.0351
     754        72.0351
     755        72.0351
     756        72.0351
     757        72.0351
     758        72.0351
     759        72.0351
     760        72.0351
     761        72.0351
     762        72.0351
     763        72.0351
     764        72.0351
     765        72.0351
     766        72.0351
     767        72.0351
     768        72.0351
     769        72.0351
     770        72.0351
     771        72.0351
     772        72.0351
     773        72.0351
     774        72.0351
     775        72.0351
     776        72.0351
     777        72.0351
     778        72.0351
     779        72.0351
     780        72.0351
     781        72.0351
     782        72.0351
     783        72.0351
     784        72.0351
     785        72.0351
     786        72.0351
     787        72.0351
     788        72.0351
     789        72.0351
     790        72.0351
     791        72.0351
     792        72.0351
     793        72.0351
     794        72.0351
     795        72.0351
     796        72.0351
     797        72.0351
     798        72.0351
     799        72.0351
     800        72.0351
     801        72.0351
     802        72.0351
     803        72.0351
     804        72.0351
     805        72.0351
     806        72.0351
     807        72.0351
     808        72.0351
     809        72.0351
     810        72.0351
     811        72.0351
     812        72.0351
     813        72.0351
     814        72.0351
     815        72.0351
     816        72.0351
     817        72.0351
     818        72.0351
     819        72.0351
     820        72.0351
     821        72.0351
     822        72.0351
     823        72.0351
     824        72.0351
     825        72.0351
     826        72.0351
     827        72.0351
     828        72.0351
     829        72.0351
     830        72.0351
     831        72.0351
     832        72.0351
     833        72.0351
     834        72.0351
     835        72.0351
     836        72.0351
     837        72.0351
     838        72.0351
     839        72.0351
     840        72.0351
     841        72.0351
     842        72.0351
     843        72.0351
     844        72.0351
     845        72.0351
     846        72.0351
     847        72.0351
     848        72.0351
     849        72.0351
     850        72.0351
     851        72.0351
     852        72.0351
     853        72.0351
     854        72.0351
     855        72.0351
     856        72.0351
     857        72.0351
     858        72.0351
     859        72.0351
     860        72.0351
     861        72.0351
     862        72.0351
     863        72.0351
     864        72.0351
     865        72.0351
     866        72.0351
     867        72.0351
     868        72.0351
     869        72.0351
     870        72.0351
     871        72.0351
     872        72.0351
     873        72.0351
     874        72.0351
     875        72.0351
     876        72.0351
     877        72.0351
     878        72.0351
     879        72.0351
     880        72.0351
     881        72.0351
     882        72.0351
     883        72.0351
     884        72.0351
     885        72.0351
     886        72.0351
     887        72.0351
     888        72.0351
     889        72.0351
     890        72.0351
     891        72.0351
     892         72.035
     893        72.0197
     894        72.0197
     895        72.0197
     896        72.0197
     897        72.0197
     898        72.0197
     899        72.0197
     900        72.0197
     901        72.0197
     902        72.0197
     903        72.0197
     904        72.0197
     905        72.0197
     906        72.0197
     907        72.0197
     908        72.0197
     909        72.0197
     910        72.0197
     911        72.0197
     912        72.0197
     913        72.0197
     914        72.0197
     915        72.0197
     916        72.0183
     917        71.6679
     918        71.6679
     919        71.6679
     920        71.6679
     921        71.6679
     922        71.6679
     923        71.6679
     924        71.6679
     925        71.6679
     926        71.6679
     927        71.6679
     928        71.6679
     929        71.6679
     930        71.6679
     931        71.6679
     932        71.6679
     933        71.6679
     934        71.6679
     935        71.6679
     936        71.6679
     937        71.6679
     938        71.6679
     939        71.6679
     940        71.6679
     941        71.6679
     942        71.6679
     943        71.6679
     944        71.6679
     945        71.6679
     946        71.6679
     947        71.6679
     948        71.6679
     949        71.6679
     950        71.6679
     951        71.6679
     952        71.6679
     953        71.6679
     954        71.6679
     955        71.6679
     956        71.6679
     957        71.6679
     958        71.6679
     959        71.6679
     960        71.6679
     961        71.6679
     962        71.6679
     963        71.6679
     964        71.6679
     965        71.6679
     966        71.6679
     967        71.6679
     968        71.6679
     969        71.6679
     970        71.6679
     971        71.6679
     972        71.6679
     973        71.6679
     974        71.6679
     975        71.6679
     976        71.6679
     977        71.6679
     978        71.6679
     979        71.6679
     980        71.6679
     981        71.6679
     982        71.6679
     983        71.6679
     984        71.6679
     985        71.6679
     986        71.6679
     987        71.6679
     988        71.6679
     989        71.6679
     990        71.6679
     991        71.6679
     992        71.6679
     993        71.6679
     994        71.6679
     995        71.6679
     996        71.6679
     997        71.6679
     998        71.6679
     999        71.6679
    1000        71.6679
    1001        71.6679
    1002        71.6679
    1003        71.6679
    1004        71.6679
    1005        71.6679
    1006        71.6679
    1007        71.6679
    1008        71.6679
    1009        71.6679
    1010        71.6679
    1011        71.6679
    1012        71.6679
    1013        71.6679
    1014        71.6679
    1015        71.6679
    1016        71.6679
    1017        71.6679
    1018        71.6679
    1019        71.6679
    1020        71.6679
    1021        71.6679
    1022        71.6679
    1023        71.6679
    1024        71.6679
    1025        71.6679
    1026        71.6679
    1027        71.6679
    1028        71.6679
    1029        71.6679
    1030        71.6679
    1031        71.6679
    1032        71.6679
    1033        71.6679
    1034        71.6679
    1035        71.6679
    1036        71.6679
    1037        71.6679
    1038        71.6679
    1039        71.6652
    1040        70.9909
    1041        70.9909
    1042        70.9909
    1043        70.9909
    1044        70.9909
    1045        70.9909
    1046        70.9909
    1047        70.9909
    1048        70.9909
    1049        70.9909
    1050        70.9909
    1051        70.9908
    1052         70.967
    1053         70.967
    1054         70.967
    1055         70.967
    1056         70.967
    1057        70.9662
    1058        70.7669
    1059        70.7669
    1060        70.7669
    1061        70.7669
    1062        70.7669
    1063        70.7669
    1064        70.7669
    1065        70.7669
    1066        70.7669
    1067        70.7669
    1068        70.7669
    1069        70.7669
    1070        70.7669
    1071        70.7669
    1072        70.7669
    1073        70.7669
    1074        70.7669
    1075        70.7669
    1076        70.7669
    1077        70.7669
    1078        70.7669
    1079        70.7669
    1080        70.7669
    1081        70.7669
    1082        70.7669
    1083        70.7669
    1084        70.7669
    1085        70.7669
    1086        70.7669
    1087        70.7669
    1088        70.7669
    1089        70.7669
    1090        70.7669
    1091        70.7669
    1092        70.7669
    1093        70.7669
    1094        70.7669
    1095        70.7669
    1096        70.7669
    1097        70.7669
    1098        70.7669
    1099        70.7669
    1100        70.7669
    1101        70.7669
    1102        70.7669
    1103        70.7669
    1104        70.7669
    1105        70.7669
    1106        70.7669
    1107        70.7669
    1108        70.7669
    1109        70.7669
    1110        70.7669
    1111        70.7669
    1112        70.7669
    1113        70.7669
    1114        70.7669
    1115        70.7669
    1116        70.7669
    1117        70.7669
    1118        70.7669
    1119        70.7669
    1120        70.7669
    1121        70.7669
    1122        70.7669
    1123        70.7669
    1124        70.7669
    1125        70.7669
    1126        70.7669
    1127        70.7669
    1128        70.7669
    1129        70.7669
    1130        70.7669
    1131        70.7669
    1132        70.7669
    1133        70.7669
    1134        70.7669
    1135        70.7669
    1136        70.7669
    1137        70.7669
    1138        70.7669
    1139        70.7669
    1140        70.7669
    1141        70.7669
    1142        70.7669
    1143        70.7669
    1144        70.7669
    1145        70.7669
    1146        70.7654
    1147        70.3814
    1148        70.3814
    1149        70.3814
    1150        70.3814
    1151        70.3814
    1152        70.3814
    1153        70.3814
    1154        70.3814
    1155        70.3814
    1156        70.3814
    1157        70.3814
    1158        70.3814
    1159        70.3814
    1160        70.3814
    1161        70.3814
    1162        70.3814
    1163        70.3814
    1164        70.3814
    1165        70.3814
    1166        70.3814
    1167        70.3814
    1168        70.3814
    1169        70.3814
    1170        70.3814
    1171        70.3814
    1172        70.3814
    1173        70.3814
    1174        70.3814
    1175        70.3814
    1176        70.3814
    1177        70.3814
    1178        70.3801
    1179        70.0413
    1180        70.0413
    1181        70.0413
    1182        70.0413
    1183        70.0413
    1184        70.0413
    1185        70.0413
    1186        70.0413
    1187        70.0413
    1188        70.0413
    1189        70.0413
    1190        70.0413
    1191        70.0413
    1192        70.0413
    1193        70.0413
    1194        70.0413
    1195        70.0413
    1196        70.0413
    1197        70.0413
    1198        70.0413
    1199        70.0413
    1200        70.0413
    1201        70.0413
    1202        70.0413
    1203        70.0413
    1204        70.0413
    1205        70.0413
    1206        70.0413
    1207        70.0413
    1208        70.0413
    1209        70.0413
    1210        70.0413
    1211        70.0413
    1212        70.0413
    1213        70.0413
    1214        70.0413
    1215        70.0392
    1216        69.5047
    1217        69.5047
    1218        69.5047
    1219        69.5047
    1220        69.5047
    1221        69.5047
    1222        69.5047
    1223        69.5047
    1224        69.5047
    1225        69.5047
    1226        69.5047
    1227        69.5047
    1228        69.5047
    1229        69.5047
    1230        69.5047
    1231        69.5047
    1232        69.5047
    1233        69.5047
    1234        69.5047
    1235        69.5047
    1236        69.5047
    1237        69.5047
    1238        69.5047
    1239        69.5047
    1240        69.5047
    1241        69.5047
    1242        69.5047
    1243        69.5047
    1244        69.5047
    1245        69.5047
    1246        69.5047
    1247        69.5047
    1248        69.5047
    1249        69.5047
    1250        69.5047
    1251        69.5047
    1252        69.5047
    1253        69.5047
    1254        69.5047
    1255        69.5047
    1256        69.5047
    1257        69.5047
    1258        69.5047
    1259        69.5047
    1260        69.5047
    1261        69.5047
    1262        69.5047
    1263        69.5047
    1264        69.5047
    1265        69.5047
    1266        69.5047
    1267        69.5047
    1268        69.5047
    1269        69.5047
    1270        69.5047
    1271        69.5047
    1272        69.5047
    1273        69.5047
    1274        69.5047
    1275        69.5047
    1276        69.5047
    1277        69.5047
    1278        69.5047
    1279        69.5047
    1280        69.5047
    1281        69.5047
    1282        69.5047
    1283        69.5047
    1284        69.5047
    1285        69.5047
    1286        69.5047
    1287        69.5047
    1288        69.5047
    1289        69.5047
    1290        69.5047
    1291        69.5047
    1292        69.5047
    1293        69.5047
    1294        69.5047
    1295        69.5047
    1296        69.5047
    1297        69.5047
    1298        69.5047
    1299        69.5047
    1300        69.5047
    1301        69.5047
    1302        69.5047
    1303        69.5047
    1304        69.5047
    1305        69.5047
    1306        69.5047
    1307        69.5047
    1308        69.5047
    1309        69.5047
    1310        69.5047
    1311        69.5047
    1312        69.5047
    1313        69.5047
    1314        69.5047
    1315        69.5047
    1316        69.5047
    1317        69.5047
    1318        69.5047
    1319        69.5047
    1320        69.5047
    1321        69.5047
    1322        69.5047
    1323        69.5047
    1324        69.5047
    1325        69.5047
    1326        69.5047
    1327        69.5047
    1328        69.5047
    1329        69.5047
    1330        69.5047
    1331        69.5047
    1332        69.5047
    1333        69.5047
    1334        69.5047
    1335        69.5047
    1336        69.5047
    1337        69.5047
    1338        69.5047
    1339        69.5047
    1340        69.5047
    1341        69.5047
    1342        69.5047
    1343        69.5047
    1344        69.5047
    1345        69.5047
    1346        69.5047
    1347        69.5047
    1348        69.5047
    1349        69.5047
    1350        69.5047
    1351        69.5047
    1352        69.5047
    1353        69.5047
    1354        69.5047
    1355        69.5047
    1356        69.5047
    1357        69.5047
    1358        69.5047
    1359        69.5047
    1360        69.5047
    1361        69.5047
    1362        69.5047
    1363        69.5047
    1364        69.5047
    1365        69.5047
    1366        69.5047
    1367        69.5047
    1368        69.5047
    1369        69.5047
    1370        69.5047
    1371        69.5047
    1372        69.5047
    1373        69.5047
    1374        69.5047
    1375        69.5047
    1376        69.5047
    1377        69.5047
    1378        69.5047
    1379        69.5047
    1380        69.5047
    1381        69.5047
    1382        69.5047
    1383        69.5047
    1384        69.5047
    1385        69.5047
    1386        69.5047
    1387        69.5047
    1388        69.5047
    1389        69.5047
    1390        69.5047
    1391        69.5047
    1392        69.5047
    1393        69.5047
    1394        69.5047
    1395        69.5047
    1396        69.5047
    1397        69.5047
    1398        69.5047
    1399        69.5047
    1400        69.5047
    1401        69.5047
    1402        69.5047
    1403        69.5047
    1404        69.5047
    1405        69.5047
    1406        69.5047
    1407        69.5047
    1408        69.5047
    1409        69.5047
    1410        69.5047
    1411        69.5047
    1412        69.5047
    1413        69.5047
    1414        69.5047
    1415        69.5047
    1416        69.5047
    1417        69.5047
    1418        69.5047
    1419        69.5047
    1420        69.5047
    1421        69.5047
    1422        69.5047
    1423        69.5047
    1424        69.5047
    1425        69.5047
    1426        69.5047
    1427        69.5047
    1428        69.5047
    1429        69.5047
    1430        69.5047
    1431        69.5047
    1432        69.5047
    1433        69.5047
    1434        69.5047
    1435        69.5047
    1436        69.5047
    1437        69.5047
    1438        69.5047
    1439        69.5047
    1440        69.5047
    1441        69.5047
    1442        69.5047
    1443        69.5047
    1444        69.5047
    1445        69.5047
    1446        69.5047
    1447        69.5047
    1448        69.5047
    1449        69.5047
    1450        69.5047
    1451        69.5047
    1452        69.5047
    1453        69.5047
    1454        69.5047
    1455        69.5047
    1456        69.5047
    1457        69.5047
    1458        69.5047
    1459        69.5047
    1460        69.5047
    1461        69.5047
    1462        69.5047
    1463        69.5047
    1464        69.5047
    1465        69.5047
    1466        69.5047
    1467        69.5047
    1468        69.5047
    1469        69.5047
    1470        69.5047
    1471        69.5047
    1472        69.5047
    1473        69.5047
    1474        69.5047
    1475        69.5047
    1476        69.5047
    1477        69.5047
    1478        69.5047
    1479        69.5047
    1480        69.5047
    1481        69.5047
    1482        69.5047
    1483        69.5047
    1484        69.5024
    1485          68.92
    1486          68.92
    1487          68.92
    1488          68.92
    1489          68.92
    1490          68.92
    1491          68.92
    1492          68.92
    1493          68.92
    1494          68.92
    1495          68.92
    1496          68.92
    1497          68.92
    1498          68.92
    1499          68.92
    1500          68.92
    1501          68.92
    1502          68.92
    1503          68.92
    1504          68.92
    1505          68.92
    1506          68.92
    1507          68.92
    1508          68.92
    1509          68.92
    1510          68.92
    1511          68.92
    1512          68.92
    1513          68.92
    1514          68.92
    1515          68.92
    1516          68.92
    1517          68.92
    1518          68.92
    1519          68.92
    1520          68.92
    1521          68.92
    1522          68.92
    1523          68.92
    1524          68.92
    1525          68.92
    1526          68.92
    1527          68.92
    1528          68.92
    1529          68.92
    1530          68.92
    1531          68.92
    1532          68.92
    1533          68.92
    1534          68.92
    1535          68.92
    1536          68.92
    1537          68.92
    1538          68.92
    1539          68.92
    1540          68.92
    1541          68.92
    1542          68.92
    1543          68.92
    1544          68.92
    1545          68.92
    1546          68.92
    1547          68.92
    1548          68.92
    1549          68.92
    1550          68.92
    1551          68.92
    1552          68.92
    1553          68.92
    1554          68.92
    1555          68.92
    1556          68.92
    1557          68.92
    1558          68.92
    1559          68.92
    1560          68.92
    1561          68.92
    1562          68.92
    1563          68.92
    1564          68.92
    1565          68.92
    1566          68.92
    1567          68.92
    1568          68.92
    1569          68.92
    1570          68.92
    1571          68.92
    1572          68.92
    1573          68.92
    1574          68.92
    1575          68.92
    1576          68.92
    1577          68.92
    1578          68.92
    1579          68.92
    1580        68.9185
    1581         68.559
    1582         68.559
    1583         68.559
    1584         68.559
    1585         68.559
    1586         68.559
    1587         68.559
    1588         68.559
    1589         68.559
    1590         68.559
    1591         68.559
    1592         68.559
    1593         68.559
    1594         68.559
    1595         68.559
    1596         68.559
    1597         68.559
    1598         68.559
    1599         68.559
    1600         68.559
    1601         68.559
    1602         68.559
    1603         68.559
    1604         68.559
    1605         68.559
    1606         68.559
    1607         68.559
    1608         68.559
    1609         68.559
    1610         68.559
    1611         68.559
    1612         68.559
    1613         68.559
    1614         68.559
    1615         68.559
    1616         68.559
    1617         68.559
    1618         68.559
    1619         68.559
    1620         68.559
    1621         68.559
    1622         68.559
    1623         68.559
    1624         68.559
    1625         68.559
    1626         68.559
    1627         68.559
    1628         68.559
    1629         68.559
    1630         68.559
    1631         68.559
    1632         68.559
    1633         68.559
    1634         68.559
    1635         68.559
    1636         68.559
    1637         68.559
    1638         68.559
    1639         68.559
    1640         68.559
    1641         68.559
    1642         68.559
    1643         68.559
    1644         68.559
    1645         68.559
    1646         68.559
    1647         68.559
    1648         68.559
    1649         68.559
    1650         68.559
    1651         68.559
    1652         68.559
    1653         68.559
    1654         68.559
    1655         68.559
    1656         68.559
    1657         68.559
    1658         68.559
    1659         68.559
    1660         68.559
    1661         68.559
    1662         68.559
    1663         68.559
    1664         68.559
    1665         68.559
    1666         68.559
    1667         68.559
    1668         68.559
    1669         68.559
    1670         68.559
    1671         68.559
    1672         68.559
    1673         68.559
    1674         68.559
    1675         68.559
    1676         68.559
    1677         68.559
    1678         68.559
    1679         68.559
    1680         68.559
    1681         68.559
    1682         68.559
    1683         68.559
    1684         68.559
    1685         68.559
    1686         68.559
    1687         68.559
    1688         68.559
    1689         68.559
    1690         68.559
    1691         68.559
    1692         68.559
    1693         68.559
    1694         68.559
    1695         68.559
    1696         68.559
    1697         68.559
    1698         68.559
    1699         68.559
    1700         68.559
    1701         68.559
    1702         68.559
    1703         68.559
    1704         68.559
    1705         68.559
    1706         68.559
    1707         68.559
    1708         68.559
    1709         68.559
    1710         68.559
    1711         68.559
    1712         68.559
    1713         68.559
    1714         68.559
    1715         68.559
    1716         68.559
    1717         68.559
    1718         68.559
    1719         68.559
    1720         68.559
    1721         68.559
    1722         68.559
    1723         68.559
    1724         68.559
    1725         68.559
    1726         68.559
    1727         68.559
    1728         68.559
    1729         68.559
    1730         68.559
    1731         68.559
    1732         68.559
    1733         68.559
    1734         68.559
    1735         68.559
    1736         68.559
    1737         68.559
    1738         68.559
    1739         68.559
    1740         68.559
    1741         68.559
    1742         68.559
    1743         68.559
    1744         68.559
    1745         68.559
    1746         68.559
    1747         68.559
    1748         68.559
    1749         68.559
    1750         68.559
    1751         68.559
    1752         68.559
    1753         68.559
    1754         68.559
    1755         68.559
    1756         68.559
    1757         68.559
    1758         68.559
    1759         68.559
    1760         68.559
    1761         68.559
    1762         68.559
    1763         68.559
    1764         68.559
    1765         68.559
    1766         68.559
    1767         68.559
    1768         68.559
    1769        68.5583
    1770        68.3847
    1771        68.3847
    1772        68.3847
    1773        68.3847
    1774        68.3847
    1775        68.3847
    1776        68.3847
    1777        68.3847
    1778        68.3847
    1779        68.3847
    1780        68.3847
    1781        68.3847
    1782        68.3847
    1783        68.3847
    1784        68.3847
    1785        68.3847
    1786        68.3847
    1787        68.3847
    1788        68.3847
    1789        68.3847
    1790        68.3847
    1791        68.3847
    1792        68.3847
    1793        68.3847
    1794        68.3847
    1795        68.3847
    1796        68.3847
    1797        68.3847
    1798        68.3847
    1799        68.3847
    1800        68.3847
    1801        68.3847
    1802        68.3847
    1803        68.3847
    1804        68.3847
    1805        68.3847
    1806        68.3847
    1807        68.3847
    1808        68.3847
    1809        68.3847
    1810        68.3847
    1811        68.3847
    1812        68.3847
    1813        68.3847
    1814        68.3847
    1815        68.3847
    1816        68.3847
    1817        68.3847
    1818        68.3847
    1819        68.3847
    1820        68.3847
    1821        68.3847
    1822        68.3847
    1823        68.3847
    1824        68.3847
    1825        68.3847
    1826        68.3847
    1827        68.3847
    1828        68.3847
    1829        68.3847
    1830        68.3847
    1831        68.3847
    1832        68.3847
    1833        68.3847
    1834        68.3847
    1835        68.3847
    1836        68.3847
    1837        68.3847
    1838        68.3847
    1839        68.3847
    1840        68.3847
    1841        68.3847
    1842        68.3847
    1843        68.3847
    1844        68.3847
    1845        68.3847
    1846        68.3847
    1847        68.3847
    1848        68.3847
    1849        68.3847
    1850        68.3847
    1851        68.3847
    1852        68.3847
    1853        68.3847
    1854        68.3847
    1855        68.3847
    1856        68.3847
    1857        68.3847
    1858        68.3847
    1859        68.3847
    1860        68.3847
    1861        68.3847
    1862        68.3847
    1863        68.3847
    1864        68.3847
    1865        68.3847
    1866        68.3847
    1867        68.3847
    1868        68.3847
    1869        68.3847
    1870        68.3847
    1871        68.3847
    1872        68.3847
    1873        68.3847
    1874        68.3847
    1875        68.3847
    1876        68.3847
    1877        68.3847
    1878        68.3847
    1879        68.3847
    1880        68.3847
    1881        68.3847
    1882        68.3847
    1883        68.3847
    1884        68.3847
    1885        68.3847
    1886        68.3847
    1887        68.3847
    1888        68.3847
    1889        68.3847
    1890        68.3847
    1891        68.3847
    1892        68.3847
    1893        68.3847
    1894        68.3847
    1895        68.3847
    1896        68.3847
    1897        68.3847
    1898        68.3847
    1899        68.3847
    1900        68.3847
    1901        68.3847
    1902        68.3847
    1903        68.3847
    1904        68.3847
    1905        68.3847
    1906        68.3847
    1907        68.3847
    1908        68.3847
    1909        68.3847
    1910        68.3847
    1911        68.3847
    1912        68.3847
    1913        68.3847
    1914        68.3847
    1915        68.3847
    1916        68.3847
    1917        68.3847
    1918        68.3847
    1919        68.3847
    1920        68.3847
    1921        68.3847
    1922        68.3847
    1923        68.3847
    1924        68.3847
    1925        68.3847
    1926        68.3847
    1927        68.3847
    1928        68.3847
    1929        68.3847
    1930        68.3847
    1931        68.3847
    1932        68.3847
    1933        68.3847
    1934        68.3847
    1935        68.3847
    1936        68.3847
    1937        68.3847
    1938        68.3847
    1939        68.3847
    1940        68.3847
    1941        68.3847
    1942        68.3847
    1943        68.3847
    1944        68.3847
    1945        68.3847
    1946        68.3847
    1947        68.3847
    1948        68.3847
    1949        68.3847
    1950        68.3847
    1951        68.3847
    1952        68.3847
    1953        68.3847
    1954        68.3847
    1955        68.3847
    1956        68.3847
    1957        68.3847
    1958        68.3847
    1959        68.3847
    1960        68.3847
    1961        68.3847
    1962        68.3847
    1963        68.3847
    1964        68.3847
    1965        68.3847
    1966        68.3847
    1967        68.3847
    1968        68.3847
    1969        68.3847
    1970        68.3847
    1971        68.3847
    1972        68.3847
    1973        68.3847
    1974        68.3847
    1975        68.3847
    1976        68.3847
    1977        68.3847
    1978        68.3847
    1979        68.3847
    1980        68.3847
    1981        68.3847
    1982        68.3847
    1983        68.3847
    1984        68.3847
    1985        68.3847
    1986        68.3847
    1987        68.3847
    1988        68.3847
    1989        68.3847
    1990        68.3847
    1991        68.3847
    1992        68.3847
    1993        68.3847
    1994        68.3847
    1995        68.3847
    1996        68.3847
    1997        68.3847
    1998        68.3847
    1999        68.3847
