       GEN           L2
       0        2916.93
       1        2325.66
       2        2204.81
       3        2097.61
       4        1887.08
       5        1804.44
       6        1740.02
       7        1679.31
       8        1602.25
       9        1534.31
      10        1498.88
      11        1455.86
      12        1406.46
      13        1371.68
      14        1312.68
      15           1256
      16        1226.13
      17        1204.04
      18        1144.08
      19        1079.58
      20        1036.23
      21        1011.41
      22        966.784
      23        935.244
      24        903.686
      25        880.896
      26        867.127
      27        841.155
      28         785.05
      29        773.805
      30         757.62
      31        747.658
      32        729.297
      33         709.44
      34        694.503
      35        682.328
      36        677.888
      37        640.824
      38        628.789
      39        618.609
      40        589.466
      41        569.771
      42        556.728
      43        536.944
      44        536.747
      45        510.507
      46        503.655
      47         494.54
      48        484.902
      49        483.119
      50        478.121
      51        473.333
      52        470.133
      53        466.703
      54        459.388
      55        450.798
      56        435.346
      57        430.262
      58        423.491
      59        409.363
      60        400.805
      61        396.684
      62        392.369
      63        389.571
      64        385.577
      65        378.682
      66        361.705
      67        356.922
      68         346.69
      69        339.206
      70        332.357
      71        329.034
      72        326.103
      73        314.099
      74        305.893
      75        301.343
      76        299.058
      77        298.025
      78        295.982
      79        289.614
      80        289.584
      81        289.574
      82        287.659
      83        282.095
      84        271.473
      85        269.071
      86        264.912
      87        264.892
      88         262.73
      89        260.253
      90        258.308
      91        254.462
      92        253.434
      93        243.797
      94        241.133
      95        239.254
      96        239.213
      97        233.855
      98        233.315
      99        232.576
     100        227.423
     101        223.265
     102        223.155
     103         223.05
     104        219.473
     105         216.76
     106        215.399
     107        212.017
     108        209.507
     109        209.018
     110        207.682
     111        206.947
     112        204.235
     113        201.138
     114        198.932
     115        198.925
     116         197.19
     117        195.804
     118        194.303
     119        194.303
     120        194.295
     121        192.944
     122        192.295
     123        188.553
     124        188.538
     125        186.122
     126        185.615
     127        184.152
     128        182.165
     129        182.162
     130        181.197
     131        175.375
     132         168.27
     133        167.423
     134        166.458
     135        165.296
     136        165.296
     137        165.286
     138        164.137
     139        163.351
     140        163.205
     141        162.758
     142        160.419
     143        160.419
     144        160.321
     145        160.321
     146        160.318
     147        159.618
     148        159.609
     149        157.333
     150        157.323
     151         155.11
     152         155.11
     153        155.091
     154        150.359
     155        150.356
     156         149.87
     157         148.81
     158        147.749
     159        147.749
     160        147.735
     161        145.999
     162        145.516
     163        144.084
     164        144.073
     165        141.975
     166        141.975
     167        141.974
     168        141.859
     169         141.64
     170        140.095
     171        140.095
     172        140.093
     173        139.481
     174        139.481
     175        139.481
     176        139.481
     177        139.481
     178        139.474
     179        137.965
     180        135.973
     181        134.217
     182         132.81
     183        131.757
     184        131.757
     185        131.757
     186        131.757
     187        131.757
     188        131.756
     189         131.68
     190        131.639
     191        131.633
     192        130.412
     193        130.412
     194        130.412
     195        130.405
     196        128.584
     197        128.584
     198        128.584
     199        128.584
     200        128.581
     201         127.82
     202         127.82
     203         127.82
     204         127.82
     205        127.817
     206        126.939
     207        126.939
     208        126.857
     209        126.857
     210        126.857
     211        126.857
     212        126.856
     213        126.442
     214        124.976
     215        124.444
     216        119.862
     217        119.858
     218        119.439
     219        119.431
     220        117.428
     221        117.006
     222        115.963
     223        115.918
     224        115.918
     225        115.918
     226        115.918
     227        115.916
     228        115.454
     229        115.454
     230        115.454
     231        115.453
     232        115.231
     233        115.231
     234        115.231
     235        115.231
     236        115.157
     237         115.12
     238         115.12
     239         115.12
     240        114.979
     241        114.975
     242        114.033
     243        114.032
     244        113.931
     245        113.931
     246        113.931
     247        113.931
     248        113.929
     249        113.299
     250        113.297
     251        112.685
     252        112.685
     253        112.685
     254        112.674
     255        111.169
     256        109.973
     257        109.973
     258        109.973
     259        109.947
     260        104.132
     261        104.116
     262        99.9957
     263        99.9957
     264        99.9957
     265        99.9957
     266        99.9957
     267        99.9957
     268        99.9938
     269        99.5044
     270        99.3216
     271        99.3216
     272        99.3216
     273        99.3191
     274        98.7138
     275        98.7131
     276        98.5397
     277        98.5397
     278        98.5335
     279        96.9893
     280        96.7954
     281        96.7954
     282        96.7954
     283        96.7954
     284        96.7931
     285        96.4447
     286        96.4447
     287        96.4447
     288        96.4447
     289        96.4447
     290        96.4447
     291        96.4447
     292        96.4447
     293        96.4447
     294        96.4447
     295        96.4396
     296        95.1761
     297        95.1761
     298        95.1748
     299        94.8508
     300        94.8508
     301        94.8508
     302        94.8508
     303        94.8458
     304        93.6071
     305        93.1451
     306        93.1424
     307        92.7929
     308        92.7918
     309        92.5016
     310        92.5016
     311        92.5008
     312        92.3066
     313        92.2998
     314        91.3115
     315        91.3115
     316        91.3115
     317        91.3115
     318        91.3115
     319        91.3099
     320        90.8995
     321        89.6393
     322        89.6382
     323        89.3499
     324        89.3499
     325        89.3499
     326        89.3499
     327        89.3499
     328        89.3499
     329        89.3499
     330        89.3466
     331        88.5116
     332        88.5047
     333        86.7983
     334        86.7983
     335        86.7983
     336        86.7983
     337        86.7971
     338        86.4895
     339        86.4895
     340        86.4895
     341        86.4895
     342        86.4895
     343        86.4895
     344        86.4895
     345        86.4895
     346        86.4895
     347        86.4895
     348        86.4895
     349        86.4895
     350        86.4865
     351        85.7454
     352        85.7454
     353        85.7454
     354        85.7454
     355        85.7454
     356        85.7454
     357        85.7454
     358        85.7454
     359        85.7454
     360        85.7439
     361        85.3707
     362        85.3707
     363        85.3707
     364        85.3707
     365        85.3686
     366        84.8351
     367        84.8351
     368        84.8351
     369        84.8351
     370        84.8351
     371        84.8351
     372        84.8351
     373        84.8351
     374        84.8351
     375        84.8351
     376        84.8351
     377        84.8351
     378        84.8351
     379        84.8351
     380        84.8351
     381        84.8337
     382        84.4767
     383        83.7212
     384        83.7211
     385        83.6914
     386        83.6914
     387        83.6914
     388        83.6914
     389        83.6914
     390        83.6901
     391        83.3472
     392        80.6088
     393        80.6088
     394        80.6029
     395         79.139
     396         79.139
     397         79.135
     398        78.3447
     399        78.0528
     400        78.0519
     401        77.8454
     402        77.8454
     403        77.8454
     404        77.8454
     405        77.8454
     406        77.8454
     407        77.8454
     408        77.8454
     409        77.8454
     410        77.8454
     411        77.8454
     412        77.8454
     413        77.8454
     414        77.8454
     415        77.8454
     416        77.8454
     417        77.8454
     418        77.8454
     419        77.8454
     420        77.8454
     421        77.8454
     422        77.8454
     423        77.8454
     424        77.8454
     425        77.8454
     426        77.8447
     427        77.6513
     428        77.6483
     429        76.8929
     430        76.8929
     431        76.8929
     432        76.8929
     433        76.8929
     434        76.8929
     435        76.8929
     436        76.8929
     437        76.8929
     438        76.8929
     439        76.8929
     440        76.8929
     441        76.8929
     442        76.8895
     443        76.4184
     444        76.4184
     445        76.4184
     446        76.4184
     447        76.4184
     448        76.4184
     449        76.4184
     450        76.4184
     451        76.4184
     452        76.4178
     453        76.2602
     454        76.2602
     455        76.2602
     456        76.2602
     457        76.2602
     458        76.2602
     459        76.2602
     460        76.2602
     461        76.2602
     462        76.2602
     463        76.2602
     464        76.2602
     465        76.2602
     466        76.2602
     467        76.2602
     468        76.2602
     469        76.2602
     470        76.2602
     471        76.2602
     472        76.2602
     473        76.2602
     474        76.2602
     475        76.2602
     476        76.2602
     477        76.2602
     478        76.2602
     479        76.2602
     480        76.2602
     481        76.2602
     482        76.2602
     483        76.2602
     484        76.2602
     485        76.2602
     486        76.2602
     487        76.2602
     488        76.2602
     489        76.2602
     490        76.2602
     491        76.2602
     492        76.2602
     493        76.2602
     494        76.2602
     495         76.259
     496        75.9416
     497        75.1681
     498        75.1681
     499        75.1681
     500        75.1681
     501        75.1672
     502        74.9511
     503        74.9511
     504        74.9511
     505        74.9511
     506        74.9511
     507        74.9511
     508        74.9511
     509        74.9511
     510        74.9511
     511        74.9511
     512        74.9511
     513        74.9511
     514        74.9511
     515        74.9449
     516        73.3908
     517        73.3908
     518        73.3908
     519        73.3908
     520        73.3908
     521        73.3908
     522        73.3908
     523        73.3908
     524        73.3908
     525        73.3908
     526        73.3908
     527        73.3908
     528        73.3908
     529        73.3908
     530        73.3908
     531        73.3908
     532        73.3908
     533         73.389
     534        72.9296
     535        72.9296
     536        72.9296
     537        72.9296
     538        72.9296
     539        72.9296
     540        72.9296
     541        72.9296
     542        72.9296
     543        72.9296
     544        72.9296
     545        72.9296
     546        72.9296
     547        72.9296
     548        72.9296
     549        72.9296
     550        72.9282
     551        72.5823
     552        72.4775
     553        72.4775
     554        72.4775
     555        72.4775
     556        72.4704
     557        70.6886
     558        70.6886
     559        70.6886
     560        70.6886
     561        70.6886
     562        70.6886
     563        70.6886
     564        70.6886
     565        70.6886
     566        70.6862
     567        70.0856
     568        70.0856
     569        70.0856
     570        70.0856
     571        70.0856
     572        70.0856
     573        70.0856
     574        70.0856
     575        70.0856
     576        70.0853
     577        70.0165
     578        70.0165
     579        70.0165
     580        70.0165
     581        70.0165
     582        70.0165
     583        70.0165
     584        70.0165
     585        70.0165
     586        70.0165
     587        70.0165
     588        70.0165
     589        70.0165
     590        70.0165
     591        70.0165
     592        70.0153
     593        69.7274
     594        69.7274
     595        69.7274
     596        69.7274
     597        69.7274
     598        69.7274
     599        69.7269
     600        69.6209
     601        69.6209
     602        69.6209
     603        69.6199
     604        69.3658
     605        69.3658
     606        69.3658
     607        69.3658
     608        69.3658
     609        69.3658
     610        69.3658
     611        69.3658
     612        69.3658
     613        69.3658
     614        69.3658
     615        69.3658
     616        69.3658
     617        69.3603
     618        67.9803
     619        67.9803
     620        67.9803
     621        67.9803
     622        67.9803
     623        67.9803
     624        67.9803
     625        67.9803
     626        67.9803
     627        67.9803
     628        67.9803
     629        67.9803
     630        67.9803
     631        67.9803
     632        67.9803
     633        67.9803
     634        67.9803
     635        67.9803
     636        67.9803
     637        67.9803
     638        67.9803
     639        67.9803
     640        67.9803
     641        67.9803
     642        67.9803
     643        67.9803
     644        67.9803
     645        67.9803
     646        67.9803
     647        67.9803
     648        67.9803
     649        67.9803
     650        67.9803
     651        67.9803
     652        67.9803
     653        67.9803
     654        67.9803
     655        67.9803
     656        67.9803
     657        67.9803
     658        67.9803
     659        67.9803
     660        67.9803
     661        67.9803
     662        67.9803
     663        67.9803
     664        67.9803
     665        67.9803
     666        67.9803
     667        67.9803
     668        67.9803
     669        67.9803
     670        67.9803
     671        67.9803
     672        67.9803
     673        67.9803
     674        67.9803
     675        67.9803
     676        67.9803
     677        67.9803
     678        67.9803
     679        67.9803
     680        67.9803
     681        67.9803
     682        67.9803
     683        67.9803
     684        67.9803
     685        67.9803
     686        67.9803
     687        67.9803
     688        67.9792
     689        67.6996
     690        67.6996
     691        67.6996
     692        67.6996
     693        67.6996
     694        67.6996
     695        67.6996
     696        67.6996
     697        67.6996
     698        67.6996
     699        67.6996
     700        67.6996
     701        67.6996
     702        67.6996
     703        67.6996
     704        67.6996
     705        67.6996
     706        67.6996
     707        67.6996
     708        67.6996
     709        67.6996
     710        67.6996
     711        67.6996
     712        67.6996
     713        67.6996
     714        67.6996
     715        67.6996
     716        67.6996
     717        67.6996
     718        67.6996
     719        67.6996
     720        67.6996
     721        67.6996
     722        67.6996
     723        67.6996
     724        67.6996
     725        67.6996
     726        67.6996
     727        67.6996
     728        67.6996
     729        67.6996
     730        67.6996
     731        67.6996
     732        67.6996
     733        67.6996
     734        67.6996
     735        67.6996
     736        67.6996
     737        67.6996
     738        67.6996
     739        67.6996
     740        67.6996
     741        67.6996
     742        67.6996
     743        67.6996
     744        67.6996
     745        67.6996
     746        67.6996
     747        67.6996
     748        67.6996
     749        67.6996
     750        67.6996
     751        67.6996
     752        67.6996
     753        67.6996
     754        67.6996
     755        67.6996
     756        67.6996
     757        67.6996
     758        67.6996
     759        67.6996
     760        67.6996
     761        67.6996
     762        67.6996
     763        67.6996
     764        67.6996
     765        67.6996
     766        67.6996
     767        67.6996
     768        67.6996
     769        67.6996
     770        67.6996
     771        67.6996
     772        67.6996
     773        67.6996
     774        67.6996
     775        67.6996
     776        67.6996
     777        67.6996
     778        67.6996
     779        67.6996
     780        67.6996
     781        67.6996
     782        67.6996
     783        67.6996
     784        67.6996
     785        67.6996
     786        67.6996
     787        67.6996
     788        67.6996
     789        67.6996
     790        67.6996
     791        67.6996
     792        67.6996
     793        67.6996
     794        67.6996
     795        67.6996
     796        67.6996
     797        67.6996
     798        67.6996
     799        67.6996
     800        67.6996
     801        67.6996
     802        67.6996
     803        67.6996
     804        67.6996
     805        67.6996
     806        67.6996
     807        67.6996
     808        67.6996
     809        67.6996
     810        67.6996
     811        67.6996
     812        67.6996
     813        67.6996
     814        67.6996
     815        67.6996
     816        67.6996
     817        67.6996
     818        67.6996
     819        67.6996
     820        67.6996
     821        67.6996
     822        67.6996
     823        67.6996
     824        67.6996
     825        67.6996
     826        67.6996
     827        67.6996
     828        67.6996
     829        67.6996
     830        67.6996
     831        67.6996
     832        67.6996
     833        67.6996
     834        67.6996
     835        67.6996
     836        67.6996
     837        67.6996
     838        67.6996
     839        67.6996
     840        67.6996
     841        67.6996
     842        67.6996
     843        67.6996
     844        67.6996
     845        67.6996
     846        67.6996
     847        67.6996
     848        67.6996
     849        67.6996
     850        67.6996
     851        67.6996
     852        67.6996
     853        67.6996
     854        67.6996
     855        67.6996
     856        67.6996
     857        67.6996
     858        67.6996
     859        67.6996
     860        67.6996
     861        67.6996
     862        67.6996
     863        67.6996
     864        67.6996
     865        67.6996
     866        67.6996
     867        67.6996
     868        67.6996
     869        67.6996
     870        67.6996
     871        67.6996
     872        67.6996
     873        67.6996
     874        67.6996
     875        67.6996
     876        67.6996
     877        67.6996
     878        67.6996
     879        67.6996
     880        67.6996
     881        67.6996
     882        67.6996
     883        67.6996
     884        67.6996
     885        67.6996
     886        67.6996
     887        67.6996
     888        67.6996
     889        67.6996
     890        67.6996
     891        67.6996
     892        67.6996
     893        67.6996
     894        67.6996
     895        67.6996
     896        67.6996
     897        67.6996
     898        67.6996
     899        67.6996
     900        67.6996
     901        67.6996
     902        67.6996
     903        67.6996
     904        67.6996
     905        67.6996
     906        67.6996
     907        67.6996
     908        67.6996
     909        67.6996
     910        67.6996
     911        67.6996
     912        67.6996
     913        67.6996
     914        67.6996
     915        67.6996
     916        67.6996
     917        67.6971
     918        67.6971
     919        67.6971
     920        67.6971
     921        67.6971
     922        67.6971
     923        67.6971
     924        67.6971
     925        67.6971
     926        67.6971
     927        67.6971
     928        67.6971
     929        67.6971
     930        67.6971
     931        67.6971
     932        67.6971
     933        67.6971
     934        67.6971
     935        67.6971
     936        67.6971
     937        67.6971
     938        67.6971
     939        67.6971
     940        67.6958
     941        67.3595
     942        67.3595
     943        67.3595
     944        67.3595
     945        67.3595
     946        67.3595
     947        67.3595
     948        67.3595
     949        67.3595
     950        67.3595
     951        67.3595
     952        67.3595
     953        67.3595
     954        67.3595
     955        67.3595
     956        67.3567
     957        66.6619
     958        66.6619
     959        66.6619
     960        66.6619
     961        66.6619
     962        66.6619
     963        66.6619
     964        66.6619
     965        66.6619
     966        66.6619
     967        66.6619
     968        66.6619
     969        66.6619
     970        66.6619
     971        66.6619
     972        66.6619
     973        66.6619
     974        66.6619
     975        66.6619
     976        66.6619
     977        66.6619
     978        66.6619
     979        66.6619
     980        66.6619
     981        66.6619
     982        66.6619
     983        66.6619
     984        66.6619
     985        66.6619
     986        66.6619
     987        66.6619
     988        66.6619
     989        66.6619
     990        66.6619
     991        66.6619
     992        66.6619
     993        66.6619
     994        66.6619
     995        66.6619
     996        66.6619
     997        66.6619
     998        66.6619
     999        66.6619
    1000        66.6619
    1001        66.6619
    1002        66.6619
    1003        66.6619
    1004        66.6619
    1005        66.6619
    1006        66.6619
    1007        66.6619
    1008        66.6619
    1009        66.6619
    1010        66.6619
    1011        66.6619
    1012        66.6619
    1013        66.6619
    1014        66.6619
    1015        66.6619
    1016        66.6619
    1017        66.6619
    1018        66.6619
    1019        66.6619
    1020        66.6619
    1021        66.6619
    1022        66.6619
    1023        66.6619
    1024        66.6619
    1025        66.6619
    1026        66.6619
    1027        66.6619
    1028        66.6619
    1029        66.6619
    1030        66.6619
    1031        66.6619
    1032        66.6619
    1033        66.6619
    1034        66.6619
    1035        66.6619
    1036        66.6619
    1037        66.6619
    1038        66.6619
    1039        66.6619
    1040        66.6619
    1041        66.6619
    1042        66.6619
    1043        66.6619
    1044        66.6619
    1045        66.6619
    1046        66.6619
    1047        66.6619
    1048        66.6619
    1049        66.6619
    1050        66.6619
    1051        66.6619
    1052        66.6619
    1053        66.6619
    1054        66.6619
    1055        66.6619
    1056        66.6619
    1057        66.6619
    1058        66.6619
    1059        66.6619
    1060        66.6619
    1061        66.6619
    1062        66.6619
    1063        66.6619
    1064        66.6619
    1065        66.6619
    1066        66.6619
    1067        66.6619
    1068        66.6619
    1069        66.6619
    1070        66.6619
    1071        66.6619
    1072        66.6619
    1073        66.6619
    1074        66.6619
    1075        66.6619
    1076        66.6619
    1077        66.6619
    1078        66.6619
    1079        66.6619
    1080        66.6619
    1081        66.6619
    1082        66.6619
    1083        66.6619
    1084        66.6619
    1085        66.6619
    1086        66.6619
    1087        66.6619
    1088        66.6619
    1089        66.6619
    1090        66.6619
    1091        66.6619
    1092        66.6619
    1093        66.6619
    1094        66.6619
    1095        66.6619
    1096        66.6619
    1097        66.6619
    1098        66.6619
    1099        66.6619
    1100        66.6619
    1101        66.6619
    1102        66.6619
    1103        66.6619
    1104        66.6619
    1105        66.6619
    1106        66.6619
    1107        66.6619
    1108        66.6619
    1109        66.6619
    1110        66.6619
    1111        66.6619
    1112        66.6619
    1113        66.6619
    1114        66.6619
    1115        66.6619
    1116        66.6619
    1117        66.6619
    1118        66.6619
    1119        66.6619
    1120        66.6619
    1121        66.6619
    1122        66.6619
    1123        66.6619
    1124        66.6619
    1125        66.6619
    1126        66.6619
    1127        66.6619
    1128        66.6619
    1129        66.6619
    1130        66.6619
    1131        66.6619
    1132        66.6619
    1133        66.6619
    1134        66.6619
    1135        66.6619
    1136        66.6619
    1137        66.6619
    1138        66.6619
    1139        66.6619
    1140        66.6619
    1141        66.6619
    1142        66.6619
    1143        66.6619
    1144        66.6619
    1145        66.6619
    1146        66.6619
    1147        66.6619
    1148        66.6619
    1149        66.6619
    1150        66.6619
    1151        66.6619
    1152        66.6619
    1153        66.6619
    1154        66.6619
    1155        66.6619
    1156        66.6619
    1157        66.6619
    1158        66.6619
    1159        66.6619
    1160        66.6619
    1161        66.6619
    1162        66.6619
    1163        66.6619
    1164        66.6619
    1165        66.6619
    1166        66.6619
    1167        66.6619
    1168        66.6619
    1169        66.6619
    1170        66.6619
    1171        66.6619
    1172        66.6619
    1173        66.6619
    1174        66.6619
    1175        66.6619
    1176        66.6619
    1177        66.6619
    1178        66.6619
    1179        66.6619
    1180        66.6619
    1181        66.6619
    1182        66.6619
    1183        66.6619
    1184        66.6619
    1185        66.6619
    1186        66.6619
    1187        66.6619
    1188        66.6619
    1189        66.6619
    1190        66.6619
    1191        66.6619
    1192        66.6619
    1193        66.6619
    1194        66.6619
    1195        66.6619
    1196        66.6619
    1197        66.6619
    1198        66.6619
    1199        66.6619
    1200        66.6619
    1201        66.6619
    1202        66.6619
    1203        66.6619
    1204        66.6619
    1205        66.6619
    1206        66.6619
    1207        66.6619
    1208        66.6619
    1209        66.6619
    1210        66.6619
    1211        66.6619
    1212        66.6619
    1213        66.6619
    1214        66.6619
    1215        66.6619
    1216        66.6619
    1217        66.6619
    1218        66.6619
    1219        66.6619
    1220        66.6619
    1221        66.6619
    1222        66.6619
    1223        66.6619
    1224        66.6619
    1225        66.6619
    1226        66.6619
    1227        66.6619
    1228        66.6619
    1229        66.6619
    1230        66.6619
    1231        66.6619
    1232        66.6619
    1233        66.6619
    1234        66.6619
    1235        66.6619
    1236        66.6619
    1237        66.6619
    1238        66.6619
    1239        66.6619
    1240        66.6619
    1241        66.6619
    1242        66.6619
    1243        66.6619
    1244        66.6619
    1245        66.6619
    1246        66.6619
    1247        66.6619
    1248        66.6619
    1249        66.6619
    1250        66.6619
    1251        66.6619
    1252        66.6619
    1253        66.6619
    1254        66.6619
    1255        66.6619
    1256        66.6619
    1257        66.6619
    1258        66.6619
    1259        66.6619
    1260        66.6619
    1261        66.6619
    1262        66.6619
    1263        66.6619
    1264        66.6619
    1265        66.6619
    1266        66.6619
    1267        66.6619
    1268        66.6619
    1269        66.6619
    1270        66.6619
    1271        66.6619
    1272        66.6619
    1273        66.6619
    1274        66.6619
    1275        66.6619
    1276        66.6619
    1277        66.6619
    1278        66.6619
    1279        66.6619
    1280        66.6619
    1281        66.6619
    1282        66.6619
    1283        66.6619
    1284        66.6619
    1285        66.6619
    1286        66.6619
    1287        66.6619
    1288        66.6619
    1289        66.6619
    1290        66.6619
    1291        66.6619
    1292        66.6619
    1293        66.6619
    1294        66.6619
    1295        66.6619
    1296        66.6619
    1297        66.6619
    1298        66.6619
    1299        66.6619
    1300        66.6619
    1301        66.6619
    1302        66.6619
    1303        66.6619
    1304        66.6619
    1305        66.6619
    1306        66.6619
    1307        66.6619
    1308        66.6619
    1309        66.6619
    1310        66.6619
    1311        66.6619
    1312        66.6619
    1313        66.6619
    1314        66.6619
    1315        66.6619
    1316        66.6619
    1317        66.6619
    1318        66.6619
    1319        66.6619
    1320        66.6619
    1321        66.6619
    1322        66.6619
    1323        66.6619
    1324        66.6619
    1325        66.6619
    1326        66.6619
    1327        66.6619
    1328        66.6619
    1329        66.6619
    1330        66.6619
    1331        66.6619
    1332        66.6619
    1333        66.6619
    1334        66.6619
    1335        66.6619
    1336        66.6619
    1337        66.6619
    1338        66.6619
    1339        66.6619
    1340        66.6619
    1341        66.6619
    1342        66.6619
    1343        66.6619
    1344        66.6619
    1345        66.6619
    1346        66.6619
    1347        66.6619
    1348        66.6619
    1349        66.6619
    1350        66.6619
    1351        66.6619
    1352        66.6619
    1353        66.6619
    1354        66.6619
    1355        66.6619
    1356        66.6619
    1357        66.6619
    1358        66.6619
    1359        66.6619
    1360        66.6619
    1361        66.6619
    1362        66.6619
    1363        66.6619
    1364        66.6619
    1365        66.6619
    1366        66.6619
    1367        66.6619
    1368        66.6619
    1369        66.6619
    1370        66.6619
    1371        66.6619
    1372        66.6619
    1373        66.6619
    1374        66.6619
    1375        66.6619
    1376        66.6619
    1377        66.6619
    1378        66.6619
    1379        66.6619
    1380        66.6619
    1381        66.6619
    1382        66.6619
    1383        66.6619
    1384        66.6619
    1385        66.6619
    1386        66.6619
    1387        66.6619
    1388        66.6619
    1389        66.6619
    1390        66.6619
    1391        66.6619
    1392        66.6619
    1393        66.6619
    1394        66.6619
    1395        66.6619
    1396        66.6619
    1397        66.6619
    1398        66.6619
    1399        66.6619
    1400        66.6619
    1401        66.6619
    1402        66.6619
    1403        66.6619
    1404        66.6619
    1405        66.6619
    1406        66.6619
    1407        66.6619
    1408        66.6619
    1409        66.6619
    1410        66.6619
    1411        66.6619
    1412        66.6619
    1413        66.6619
    1414        66.6619
    1415        66.6619
    1416        66.6619
    1417        66.6619
    1418        66.6619
    1419        66.6619
    1420        66.6619
    1421        66.6619
    1422        66.6619
    1423        66.6619
    1424        66.6619
    1425        66.6619
    1426        66.6619
    1427        66.6619
    1428        66.6619
    1429        66.6619
    1430        66.6619
    1431        66.6619
    1432        66.6619
    1433        66.6619
    1434        66.6619
    1435        66.6619
    1436        66.6619
    1437        66.6619
    1438        66.6619
    1439        66.6619
    1440        66.6619
    1441        66.6619
    1442        66.6619
    1443        66.6619
    1444        66.6619
    1445        66.6619
    1446        66.6619
    1447        66.6619
    1448        66.6619
    1449        66.6619
    1450        66.6619
    1451        66.6619
    1452        66.6619
    1453        66.6619
    1454        66.6619
    1455        66.6619
    1456        66.6619
    1457        66.6619
    1458        66.6619
    1459        66.6619
    1460        66.6619
    1461        66.6619
    1462        66.6619
    1463        66.6619
    1464        66.6619
    1465        66.6619
    1466        66.6619
    1467        66.6619
    1468        66.6619
    1469        66.6619
    1470        66.6619
    1471        66.6619
    1472        66.6619
    1473        66.6619
    1474        66.6619
    1475        66.6619
    1476        66.6619
    1477        66.6619
    1478        66.6619
    1479        66.6619
    1480        66.6619
    1481        66.6619
    1482        66.6619
    1483        66.6619
    1484        66.6619
    1485        66.6619
    1486        66.6619
    1487        66.6619
    1488        66.6619
    1489        66.6619
    1490        66.6619
    1491        66.6619
    1492        66.6619
    1493        66.6619
    1494        66.6619
    1495        66.6619
    1496        66.6619
    1497        66.6619
    1498        66.6619
    1499        66.6619
    1500        66.6619
    1501        66.6619
    1502        66.6619
    1503        66.6619
    1504        66.6619
    1505        66.6619
    1506        66.6619
    1507        66.6619
    1508        66.6619
    1509        66.6619
    1510        66.6619
    1511        66.6619
    1512        66.6619
    1513        66.6619
    1514        66.6619
    1515        66.6619
    1516        66.6619
    1517        66.6619
    1518        66.6619
    1519        66.6619
    1520        66.6619
    1521        66.6619
    1522        66.6619
    1523        66.6619
    1524        66.6619
    1525        66.6619
    1526        66.6619
    1527        66.6619
    1528        66.6619
    1529        66.6619
    1530        66.6619
    1531        66.6619
    1532        66.6619
    1533        66.6619
    1534        66.6619
    1535        66.6619
    1536        66.6619
    1537        66.6619
    1538        66.6619
    1539        66.6619
    1540        66.6619
    1541        66.6619
    1542        66.6619
    1543        66.6619
    1544        66.6619
    1545        66.6619
    1546        66.6619
    1547        66.6619
    1548        66.6619
    1549        66.6619
    1550        66.6619
    1551        66.6619
    1552        66.6619
    1553        66.6619
    1554        66.6619
    1555        66.6619
    1556        66.6619
    1557        66.6619
    1558        66.6619
    1559        66.6619
    1560        66.6619
    1561        66.6619
    1562        66.6619
    1563        66.6619
    1564        66.6619
    1565        66.6619
    1566        66.6619
    1567        66.6619
    1568        66.6619
    1569        66.6619
    1570        66.6619
    1571        66.6619
    1572        66.6619
    1573        66.6619
    1574        66.6619
    1575        66.6619
    1576        66.6619
    1577        66.6619
    1578        66.6619
    1579        66.6619
    1580        66.6619
    1581        66.6619
    1582        66.6619
    1583        66.6619
    1584        66.6619
    1585        66.6619
    1586        66.6619
    1587        66.6619
    1588        66.6619
    1589        66.6619
    1590        66.6619
    1591        66.6619
    1592        66.6619
    1593        66.6619
    1594        66.6619
    1595        66.6619
    1596        66.6619
    1597        66.6619
    1598        66.6619
    1599        66.6619
    1600        66.6619
    1601        66.6619
    1602        66.6619
    1603        66.6619
    1604        66.6619
    1605        66.6619
    1606        66.6619
    1607        66.6619
    1608        66.6619
    1609        66.6619
    1610        66.6619
    1611        66.6619
    1612        66.6619
    1613        66.6619
    1614        66.6619
    1615        66.6619
    1616        66.6619
    1617        66.6619
    1618        66.6619
    1619        66.6619
    1620        66.6619
    1621        66.6619
    1622        66.6619
    1623        66.6619
    1624        66.6619
    1625        66.6619
    1626        66.6619
    1627        66.6619
    1628        66.6619
    1629        66.6619
    1630        66.6619
    1631        66.6619
    1632        66.6619
    1633        66.6619
    1634        66.6619
    1635        66.6619
    1636        66.6619
    1637        66.6619
    1638        66.6619
    1639        66.6619
    1640        66.6619
    1641        66.6619
    1642        66.6619
    1643        66.6619
    1644        66.6619
    1645        66.6619
    1646        66.6619
    1647        66.6619
    1648        66.6619
    1649        66.6619
    1650        66.6619
    1651        66.6619
    1652        66.6619
    1653        66.6619
    1654        66.6619
    1655        66.6619
    1656        66.6619
    1657        66.6619
    1658        66.6619
    1659        66.6619
    1660        66.6619
    1661        66.6619
    1662        66.6619
    1663        66.6619
    1664        66.6619
    1665        66.6619
    1666        66.6619
    1667        66.6619
    1668        66.6619
    1669        66.6619
    1670        66.6619
    1671        66.6619
    1672        66.6619
    1673        66.6619
    1674        66.6619
    1675        66.6619
    1676        66.6619
    1677        66.6619
    1678        66.6619
    1679        66.6619
    1680        66.6619
    1681        66.6619
    1682        66.6619
    1683        66.6619
    1684        66.6619
    1685        66.6619
    1686        66.6619
    1687        66.6619
    1688        66.6619
    1689        66.6619
    1690        66.6619
    1691        66.6619
    1692        66.6619
    1693        66.6619
    1694        66.6619
    1695        66.6619
    1696        66.6619
    1697        66.6619
    1698        66.6619
    1699        66.6619
    1700        66.6619
    1701        66.6619
    1702        66.6619
    1703        66.6619
    1704        66.6619
    1705        66.6619
    1706        66.6619
    1707        66.6619
    1708        66.6619
    1709        66.6619
    1710        66.6619
    1711        66.6619
    1712        66.6619
    1713        66.6619
    1714        66.6619
    1715        66.6619
    1716        66.6619
    1717        66.6619
    1718        66.6619
    1719        66.6619
    1720        66.6619
    1721        66.6619
    1722        66.6619
    1723        66.6619
    1724        66.6619
    1725        66.6619
    1726        66.6619
    1727        66.6619
    1728        66.6619
    1729        66.6619
    1730        66.6619
    1731        66.6619
    1732        66.6619
    1733        66.6619
    1734        66.6619
    1735        66.6619
    1736        66.6619
    1737        66.6619
    1738        66.6619
    1739        66.6619
    1740        66.6619
    1741        66.6619
    1742        66.6619
    1743        66.6619
    1744        66.6619
    1745        66.6619
    1746        66.6619
    1747        66.6619
    1748        66.6619
    1749        66.6619
    1750        66.6619
    1751        66.6619
    1752        66.6619
    1753        66.6619
    1754        66.6619
    1755        66.6619
    1756        66.6619
    1757        66.6619
    1758        66.6619
    1759        66.6619
    1760        66.6619
    1761        66.6619
    1762        66.6619
    1763        66.6619
    1764        66.6619
    1765        66.6619
    1766        66.6619
    1767        66.6619
    1768        66.6619
    1769        66.6619
    1770        66.6619
    1771        66.6619
    1772        66.6619
    1773        66.6619
    1774        66.6619
    1775        66.6619
    1776        66.6619
    1777        66.6619
    1778        66.6619
    1779        66.6619
    1780        66.6619
    1781        66.6619
    1782        66.6619
    1783        66.6619
    1784        66.6619
    1785        66.6619
    1786        66.6619
    1787        66.6619
    1788        66.6619
    1789        66.6619
    1790        66.6619
    1791        66.6619
    1792        66.6619
    1793        66.6619
    1794        66.6619
    1795        66.6619
    1796        66.6619
    1797        66.6619
    1798        66.6619
    1799        66.6619
    1800        66.6619
    1801        66.6619
    1802        66.6619
    1803        66.6619
    1804        66.6619
    1805        66.6619
    1806        66.6619
    1807        66.6619
    1808        66.6619
    1809        66.6619
    1810        66.6619
    1811        66.6619
    1812        66.6619
    1813        66.6619
    1814        66.6619
    1815        66.6619
    1816        66.6619
    1817        66.6619
    1818        66.6619
    1819        66.6619
    1820        66.6619
    1821        66.6619
    1822        66.6619
    1823        66.6619
    1824        66.6619
    1825        66.6619
    1826        66.6619
    1827        66.6619
    1828        66.6619
    1829        66.6619
    1830        66.6619
    1831        66.6619
    1832        66.6619
    1833        66.6619
    1834        66.6619
    1835        66.6619
    1836        66.6619
    1837        66.6619
    1838        66.6619
    1839        66.6619
    1840        66.6619
    1841        66.6619
    1842        66.6619
    1843        66.6619
    1844        66.6619
    1845        66.6619
    1846        66.6619
    1847        66.6619
    1848        66.6619
    1849        66.6619
    1850        66.6619
    1851        66.6619
    1852        66.6619
    1853        66.6619
    1854        66.6619
    1855        66.6619
    1856        66.6619
    1857        66.6619
    1858        66.6619
    1859        66.6619
    1860        66.6619
    1861        66.6619
    1862        66.6619
    1863        66.6619
    1864        66.6619
    1865        66.6619
    1866        66.6619
    1867        66.6619
    1868        66.6619
    1869        66.6619
    1870        66.6619
    1871        66.6619
    1872        66.6619
    1873        66.6619
    1874        66.6619
    1875        66.6619
    1876        66.6619
    1877        66.6619
    1878        66.6619
    1879        66.6619
    1880        66.6619
    1881        66.6619
    1882        66.6619
    1883        66.6619
    1884        66.6619
    1885        66.6619
    1886        66.6619
    1887        66.6619
    1888        66.6619
    1889        66.6619
    1890        66.6619
    1891        66.6619
    1892        66.6619
    1893        66.6619
    1894        66.6619
    1895        66.6619
    1896        66.6619
    1897        66.6619
    1898        66.6619
    1899        66.6619
    1900        66.6619
    1901        66.6619
    1902        66.6619
    1903        66.6619
    1904        66.6619
    1905        66.6619
    1906        66.6619
    1907        66.6619
    1908        66.6619
    1909        66.6619
    1910        66.6619
    1911        66.6619
    1912        66.6619
    1913        66.6619
    1914        66.6619
    1915        66.6619
    1916        66.6619
    1917        66.6619
    1918        66.6619
    1919        66.6619
    1920        66.6619
    1921        66.6619
    1922        66.6619
    1923        66.6619
    1924        66.6619
    1925        66.6619
    1926        66.6619
    1927        66.6619
    1928        66.6619
    1929        66.6619
    1930        66.6619
    1931        66.6619
    1932        66.6619
    1933        66.6619
    1934        66.6619
    1935        66.6619
    1936        66.6619
    1937        66.6619
    1938        66.6619
    1939        66.6619
    1940        66.6619
    1941        66.6619
    1942        66.6619
    1943        66.6619
    1944        66.6619
    1945        66.6619
    1946        66.6619
    1947        66.6619
    1948        66.6619
    1949        66.6619
    1950        66.6619
    1951        66.6619
    1952        66.6619
    1953        66.6619
    1954        66.6619
    1955        66.6619
    1956        66.6619
    1957        66.6619
    1958        66.6619
    1959        66.6619
    1960        66.6619
    1961        66.6619
    1962        66.6619
    1963        66.6619
    1964        66.6619
    1965        66.6619
    1966        66.6619
    1967        66.6619
    1968        66.6619
    1969        66.6619
    1970        66.6619
    1971        66.6619
    1972        66.6619
    1973        66.6619
    1974        66.6619
    1975        66.6619
    1976        66.6619
    1977        66.6619
    1978        66.6619
    1979        66.6619
    1980        66.6619
    1981        66.6619
    1982        66.6619
    1983        66.6619
    1984        66.6619
    1985        66.6619
    1986        66.6619
    1987        66.6619
    1988        66.6619
    1989        66.6619
    1990        66.6619
    1991        66.6619
    1992        66.6619
    1993        66.6619
    1994        66.6619
    1995        66.6619
    1996        66.6619
    1997        66.6619
    1998        66.6619
    1999        66.6619
