      GENE
       0
      97
      65
      59
      22
      42
      37
      45
      44
      81
      83
      94
     109
      40
      62
      61
      96
      18
      21
      86
      63
      87
      48
      89
      34
       4
      36
      78
      33
      84
     103
      99
      64
     108
      98
     106
      57
      14
      76
      73
      72
      50
      80
      66
      53
      43
      71
      67
      56
      60
       1
      38
      88
      41
      30
       6
      95
       3
      13
     105
     104
     102
      26
      47
      12
      58
      49
      28
      52
      16
      91
      15
      10
      74
     101
      39
     100
      82
      69
      68
      51
       2
      32
       5
      93
      70
      25
      20
      11
       7
      85
      75
      35
       9
       8
      17
      46
      92
      54
      27
      29
      24
     107
      55
      79
      23
      90
      77
      31
      19
