      GENE
       0
      19
      65
      97
      96
      18
      21
      86
      63
      61
      87
      62
      48
      40
      89
     109
      94
      68
       4
      34
      76
      50
      53
      66
      28
      80
      57
      52
     106
     108
      64
     103
      99
     101
     100
      39
      74
      10
      15
      98
      16
      91
      12
      47
      58
      56
      26
     102
     104
      13
       3
      95
      30
      41
      88
      38
       1
       6
     105
      60
      67
      49
      71
      43
      72
      73
      14
      33
      84
      78
      36
      82
      69
       2
      51
      32
       5
      93
      70
      42
      11
      75
      27
      24
     107
      85
       7
      59
      22
      37
      45
      83
      81
      44
      25
      20
      35
       9
       8
      54
      92
      17
      46
      29
      79
      55
      23
      90
      77
      31
