      GENE
       0
      97
      65
      31
      23
      55
     107
      27
      75
      85
       7
      11
      59
      22
      37
      45
      83
      94
      68
     109
      40
      48
      62
      61
      96
      18
      21
      86
      63
      87
      41
      30
      88
      38
      43
      71
      49
      28
      66
      80
      53
      72
      50
      57
      52
     106
      16
      12
      58
      56
      67
       1
       6
      95
       3
      13
     105
      60
     104
     102
      26
      47
      91
      15
      98
     108
      64
      99
      10
      74
     101
      39
     100
     103
      84
      33
      14
      73
      76
      34
      89
       4
      36
      78
      82
      69
       2
      32
      93
       5
      51
      81
      44
      70
      25
      42
      20
      35
       9
       8
      54
      92
      17
      46
      29
      24
      79
      90
      77
      19
