      GENE
       0
      97
      96
      18
      21
      86
      63
      61
      87
      62
      48
      72
      50
      73
      34
      76
      14
      33
      57
      52
      66
      80
      53
      43
      71
      67
       1
      38
      88
      41
      30
      95
       3
      13
       6
     105
      60
     104
     102
      26
      58
      56
      49
      28
      12
      47
      91
      16
     106
      98
      15
      10
     108
      64
      99
      74
     101
      39
     100
     103
      84
      78
      82
      69
      36
       4
      89
      40
     109
      81
       5
      93
      70
      25
      35
       9
      75
      54
       8
      92
      17
      46
      29
      24
      79
      90
      77
      23
      55
     107
      27
      85
       7
      11
      20
      42
      59
      22
      37
      44
      32
       2
      51
      68
      94
      83
      45
      65
      31
      19
