     ACCEPTANCE:
     0.059406
     0.058824
     0.058252
     0.057692
     0.057143
     0.056604
     0.056075
     0.055556
     0.055046
     0.054545
     0.054054
     0.053571
     0.053097
     0.052632
     0.052174
     0.051724
     0.051282
     0.050847
      0.05042
         0.05
     0.049587
      0.04918
      0.04878
     0.048387
        0.048
     0.047619
     0.047244
     0.046875
     0.046512
     0.046154
     0.045802
     0.045455
     0.045113
     0.044776
     0.044444
     0.044118
     0.043796
     0.043478
     0.043165
     0.042857
     0.042553
     0.042254
     0.041958
     0.041667
     0.041379
     0.041096
     0.040816
     0.040541
     0.040268
         0.04
     0.039735
     0.039474
     0.039216
     0.038961
     0.045161
     0.044872
     0.044586
     0.044304
     0.044025
      0.04375
     0.049689
     0.049383
      0.04908
      0.04878
     0.048485
     0.048193
     0.047904
     0.047619
     0.047337
     0.052941
     0.052632
     0.052326
     0.052023
     0.051724
     0.051429
     0.051136
     0.050847
     0.050562
     0.050279
         0.05
     0.049724
     0.049451
      0.04918
     0.048913
     0.048649
     0.048387
     0.048128
     0.047872
     0.047619
     0.052632
     0.052356
     0.052083
     0.051813
     0.051546
     0.051282
      0.05102
     0.050761
     0.050505
     0.050251
         0.05
     0.049751
     0.049505
     0.049261
     0.053922
     0.053659
     0.053398
     0.057971
     0.057692
     0.057416
     0.057143
     0.056872
     0.056604
     0.056338
     0.056075
     0.055814
     0.060185
     0.059908
     0.059633
     0.059361
     0.059091
     0.058824
     0.058559
     0.058296
     0.058036
     0.057778
     0.057522
     0.057269
     0.057018
     0.056769
     0.056522
     0.056277
     0.056034
     0.055794
     0.059829
     0.059574
     0.059322
     0.059072
     0.058824
     0.062762
       0.0625
     0.062241
     0.061983
     0.061728
     0.061475
     0.061224
     0.060976
     0.060729
     0.060484
     0.060241
         0.06
     0.059761
     0.059524
     0.059289
     0.059055
     0.058824
     0.058594
     0.058366
     0.062016
     0.061776
     0.061538
     0.061303
     0.061069
     0.060837
     0.060606
     0.060377
      0.06015
     0.059925
     0.059701
      0.05948
     0.059259
     0.059041
     0.058824
     0.058608
     0.058394
     0.058182
     0.057971
     0.057762
     0.057554
     0.057348
     0.057143
      0.05694
     0.056738
     0.056537
     0.056338
      0.05614
     0.055944
     0.055749
     0.055556
     0.055363
     0.055172
     0.054983
     0.054795
     0.054608
     0.054422
     0.054237
     0.054054
     0.053872
     0.053691
     0.053512
     0.053333
     0.053156
      0.05298
     0.052805
     0.052632
     0.055738
     0.055556
     0.055375
     0.055195
     0.055016
     0.054839
     0.054662
     0.054487
     0.054313
      0.05414
     0.053968
     0.053797
     0.053628
     0.053459
     0.053292
     0.053125
      0.05296
     0.052795
     0.052632
     0.052469
     0.052308
     0.052147
     0.051988
     0.051829
     0.051672
     0.051515
      0.05136
     0.051205
     0.051051
     0.050898
     0.050746
     0.050595
     0.050445
     0.050296
     0.050147
         0.05
     0.049853
     0.049708
     0.049563
     0.049419
     0.049275
     0.049133
     0.048991
     0.048851
     0.048711
     0.048571
     0.048433
     0.048295
     0.048159
     0.048023
     0.047887
     0.047753
     0.047619
     0.047486
     0.047354
     0.047222
     0.047091
     0.046961
     0.046832
     0.046703
     0.046575
     0.046448
     0.046322
     0.046196
      0.04607
     0.045946
     0.045822
     0.045699
     0.045576
     0.045455
     0.045333
     0.045213
     0.045093
     0.044974
     0.044855
     0.044737
     0.044619
     0.044503
     0.044386
     0.044271
     0.044156
     0.044041
     0.043928
     0.043814
     0.043702
      0.04359
     0.043478
     0.043367
     0.043257
     0.043147
     0.043038
     0.042929
     0.042821
     0.042714
     0.042607
       0.0425
     0.042394
     0.042289
     0.042184
     0.042079
     0.041975
     0.041872
     0.041769
     0.041667
     0.041565
     0.041463
     0.041363
     0.041262
     0.041162
     0.041063
     0.040964
     0.040865
     0.040767
      0.04067
     0.040573
     0.042857
     0.042755
     0.042654
     0.042553
     0.042453
     0.042353
     0.042254
     0.042155
     0.042056
     0.044289
     0.044186
     0.044084
     0.043981
      0.04388
     0.043779
     0.043678
     0.045872
     0.045767
     0.045662
     0.045558
     0.045455
     0.045351
     0.045249
     0.045147
     0.047297
     0.047191
     0.047085
      0.04698
     0.046875
     0.046771
     0.046667
     0.046563
      0.04646
     0.046358
     0.046256
     0.046154
     0.046053
     0.045952
     0.045852
     0.045752
     0.045652
     0.045553
     0.045455
     0.045356
     0.045259
     0.045161
     0.045064
     0.044968
     0.044872
     0.044776
     0.044681
     0.044586
     0.044492
     0.044397
     0.044304
     0.044211
     0.044118
     0.044025
     0.043933
     0.043841
      0.04375
     0.043659
     0.043568
     0.043478
     0.043388
     0.043299
      0.04321
     0.043121
     0.043033
     0.042945
     0.042857
     0.044807
     0.044715
     0.044625
     0.044534
     0.046465
     0.046371
     0.046278
     0.048193
     0.048096
        0.048
     0.047904
     0.047809
     0.047714
     0.047619
     0.047525
     0.047431
     0.047337
     0.047244
     0.049116
      0.05098
     0.050881
     0.050781
     0.050682
     0.050584
     0.050485
     0.050388
      0.05029
     0.050193
     0.050096
         0.05
     0.049904
     0.049808
     0.051625
     0.051527
     0.051429
     0.053232
     0.055028
     0.054924
      0.05482
     0.054717
     0.054614
     0.054511
     0.054409
     0.054307
     0.054206
     0.054104
     0.054004
     0.053903
     0.053803
     0.053704
     0.053604
     0.053506
     0.055249
     0.055147
     0.055046
     0.054945
     0.054845
     0.054745
     0.054645
     0.056364
     0.056261
     0.056159
     0.056058
     0.055957
     0.055856
     0.057554
     0.057451
     0.057348
     0.057245
     0.057143
     0.057041
      0.05694
     0.056838
     0.056738
     0.056637
     0.056537
     0.056437
     0.058099
     0.057996
     0.057895
     0.057793
     0.057692
     0.057592
     0.057491
     0.057391
     0.057292
     0.057192
     0.057093
     0.056995
     0.056897
     0.056799
     0.056701
     0.056604
     0.056507
      0.05641
     0.056314
     0.056218
     0.056122
     0.056027
     0.055932
     0.055838
     0.055743
     0.055649
     0.055556
     0.057143
     0.057047
     0.056951
     0.056856
     0.056761
     0.056667
     0.056572
     0.056478
     0.056385
     0.056291
     0.056198
     0.056106
     0.056013
     0.055921
     0.055829
     0.055738
     0.055646
     0.055556
     0.055465
     0.055375
     0.055285
     0.055195
     0.055105
     0.055016
     0.054927
     0.054839
      0.05475
     0.054662
     0.054575
     0.054487
       0.0544
     0.054313
     0.055821
     0.055732
     0.055644
     0.055556
     0.055468
      0.05538
     0.055292
     0.055205
     0.055118
     0.055031
     0.054945
     0.054859
     0.054773
     0.054688
     0.054602
     0.054517
     0.054432
     0.054348
     0.054264
      0.05418
     0.054096
     0.054012
     0.053929
     0.053846
     0.053763
     0.053681
     0.053599
     0.055046
     0.054962
     0.054878
     0.054795
     0.054711
     0.054628
     0.054545
     0.054463
     0.054381
     0.054299
     0.054217
     0.054135
     0.054054
     0.053973
     0.053892
     0.053812
     0.055224
     0.055142
      0.05506
     0.054978
     0.054896
     0.054815
     0.054734
     0.054653
     0.054572
     0.054492
     0.054412
     0.054332
     0.054252
     0.054173
     0.054094
     0.054015
     0.053936
     0.053857
     0.053779
     0.053701
     0.053623
     0.053546
     0.053468
     0.053391
     0.053314
     0.053237
     0.053161
     0.053085
     0.053009
     0.052933
     0.052857
     0.052782
     0.052707
     0.052632
     0.052557
     0.052482
     0.052408
     0.052334
      0.05226
     0.052186
     0.052113
     0.052039
     0.051966
     0.051893
     0.051821
     0.051748
     0.051676
     0.051604
     0.051532
      0.05146
     0.051389
     0.051318
     0.051247
     0.051176
     0.051105
     0.051034
     0.050964
     0.050894
     0.050824
     0.050754
     0.050685
     0.050616
     0.050546
     0.050477
     0.050409
      0.05034
     0.050272
     0.050204
     0.050136
     0.050068
         0.05
     0.049933
     0.049865
     0.049798
     0.049731
     0.049664
     0.049598
     0.049531
     0.049465
     0.049399
     0.049333
     0.049268
     0.049202
     0.049137
     0.049072
     0.049007
     0.048942
     0.048877
     0.048813
     0.048748
     0.048684
      0.04862
     0.048556
     0.048493
     0.048429
     0.048366
     0.048303
      0.04824
     0.049479
     0.049415
     0.049351
     0.049287
     0.049223
     0.049159
     0.049096
     0.049032
     0.048969
     0.048906
     0.048843
      0.04878
     0.048718
     0.048656
     0.048593
     0.048531
     0.048469
     0.048408
     0.048346
     0.048285
     0.048223
     0.048162
     0.048101
      0.04804
      0.04798
     0.047919
     0.047859
     0.047799
     0.047739
     0.047679
     0.047619
     0.047559
       0.0475
     0.047441
     0.047382
     0.047323
     0.047264
     0.047205
     0.047146
     0.047088
      0.04703
     0.046972
     0.046914
     0.046856
     0.046798
      0.04674
     0.046683
     0.046626
     0.046569
     0.046512
     0.046455
     0.046398
     0.046341
     0.046285
     0.046229
     0.046173
     0.046117
     0.046061
     0.046005
     0.045949
     0.045894
     0.045838
     0.045783
     0.045728
     0.045673
     0.045618
     0.045564
     0.045509
     0.045455
       0.0454
     0.045346
     0.045292
     0.046429
     0.046373
     0.046318
     0.046263
     0.046209
     0.047337
     0.047281
     0.047226
      0.04717
     0.047114
     0.047059
     0.047004
     0.046948
     0.046893
     0.046838
     0.046784
     0.046729
     0.046674
      0.04662
     0.046566
     0.046512
     0.046458
     0.046404
      0.04635
     0.046296
     0.046243
     0.046189
     0.046136
     0.046083
      0.04603
     0.045977
     0.045924
     0.045872
     0.045819
     0.045767
     0.045714
     0.045662
      0.04561
     0.045558
     0.045506
     0.045455
     0.045403
     0.045351
       0.0453
     0.045249
     0.045198
     0.045147
     0.045096
     0.045045
     0.044994
     0.044944
     0.044893
     0.044843
     0.044793
     0.044743
     0.044693
     0.044643
     0.044593
     0.044543
     0.044494
     0.044444
     0.044395
     0.044346
     0.044297
     0.045354
     0.045304
     0.045254
     0.045204
     0.045154
     0.045105
     0.045055
     0.045005
     0.044956
     0.046002
     0.045952
     0.045902
     0.045852
     0.045802
     0.045752
     0.045702
     0.045652
     0.045603
     0.045553
     0.045504
     0.045455
     0.045405
     0.045356
     0.045307
     0.045259
      0.04521
     0.045161
     0.045113
     0.045064
     0.045016
     0.044968
      0.04492
     0.044872
     0.044824
     0.044776
     0.044728
     0.044681
     0.044633
     0.044586
     0.044539
     0.044492
     0.044444
     0.044397
     0.044351
     0.044304
     0.044257
     0.044211
     0.044164
     0.044118
     0.044071
     0.044025
     0.043979
     0.043933
     0.043887
     0.043841
     0.043796
      0.04375
     0.043704
     0.043659
     0.043614
     0.043568
     0.043523
     0.043478
     0.043433
     0.043388
     0.043344
     0.043299
     0.043254
      0.04321
     0.043165
     0.043121
     0.043077
     0.043033
     0.042989
     0.042945
     0.042901
     0.042857
     0.042813
      0.04277
     0.042726
     0.042683
      0.04264
     0.042596
     0.042553
      0.04251
     0.042467
     0.042424
     0.042381
     0.042339
     0.042296
     0.042254
     0.042211
     0.042169
     0.042126
     0.042084
     0.042042
        0.042
     0.041958
     0.041916
     0.041874
     0.041833
     0.041791
      0.04175
     0.041708
     0.041667
     0.041625
     0.041584
     0.041543
     0.041502
     0.041461
      0.04142
     0.041379
     0.041339
     0.041298
     0.041257
     0.041217
     0.041176
     0.041136
     0.041096
     0.041056
     0.041016
     0.040976
     0.040936
     0.040896
     0.040856
     0.040816
     0.040777
     0.040737
     0.040698
     0.040658
     0.040619
      0.04058
     0.040541
     0.040501
     0.040462
     0.040423
     0.040385
     0.040346
     0.040307
     0.040268
      0.04023
     0.040191
     0.040153
     0.040115
     0.040076
     0.040038
         0.04
     0.039962
     0.039924
     0.039886
     0.039848
      0.03981
     0.039773
     0.039735
     0.039698
      0.03966
     0.039623
     0.039585
     0.039548
     0.039511
     0.040414
     0.040376
     0.040338
       0.0403
     0.040262
     0.040225
     0.040187
     0.040149
     0.040112
     0.040075
     0.040037
         0.04
     0.039963
     0.039926
     0.039889
     0.039852
     0.039815
     0.039778
     0.039741
     0.039705
     0.039668
     0.039631
     0.039595
     0.039558
     0.039522
     0.039486
      0.03945
     0.039413
     0.039377
     0.039341
     0.039305
     0.039269
     0.039234
     0.039198
     0.039162
     0.039126
     0.039091
