     ACCEPTANCE:
      0.77228
      0.77451
       0.7767
      0.77885
      0.78095
      0.78302
      0.78505
      0.78704
      0.77982
      0.78182
      0.78378
      0.78571
      0.78761
      0.78947
       0.7913
      0.78448
      0.78632
      0.78814
      0.78992
      0.79167
      0.78512
      0.78689
      0.78862
      0.78226
        0.776
      0.77778
      0.77165
      0.77344
      0.77519
      0.77692
      0.77863
       0.7803
      0.78195
      0.78358
      0.78519
      0.78676
      0.78832
      0.78986
      0.79137
      0.78571
      0.78014
      0.77465
      0.77622
      0.77778
      0.77931
      0.77397
      0.77551
      0.77703
      0.77852
         0.78
      0.78146
      0.78289
      0.78431
      0.78571
       0.7871
      0.78846
      0.78981
      0.78481
      0.78616
       0.7875
      0.78882
      0.79012
      0.79141
      0.79268
      0.79394
      0.79518
      0.79641
      0.79762
      0.79882
          0.8
      0.80117
      0.80233
      0.80347
       0.8046
      0.80571
      0.80682
      0.80791
      0.80899
      0.81006
      0.81111
      0.81215
      0.80769
      0.80874
      0.80978
      0.81081
      0.80645
      0.80749
      0.80851
      0.80423
      0.80526
      0.80628
      0.80208
      0.79793
      0.79897
          0.8
      0.79592
      0.79695
      0.79798
      0.79899
          0.8
        0.801
      0.80198
      0.80296
      0.80392
      0.80488
      0.80583
      0.80676
      0.80769
      0.80383
      0.80476
      0.80569
       0.8066
      0.80751
      0.80374
      0.80465
      0.80556
      0.80184
      0.80275
      0.80365
      0.80455
      0.80543
      0.80631
      0.80717
      0.80804
      0.80889
      0.80973
      0.81057
       0.8114
      0.81223
      0.81304
      0.80952
      0.81034
      0.81116
      0.81197
      0.81277
      0.81356
      0.81435
      0.81513
       0.8159
      0.81667
      0.81328
      0.81405
      0.81481
      0.81557
      0.81224
      0.81301
      0.81377
      0.81452
      0.81124
        0.812
      0.81275
      0.81349
      0.81028
      0.80709
      0.80784
      0.80859
      0.80934
      0.81008
      0.81081
      0.81154
      0.81226
      0.81298
      0.81369
      0.81061
      0.80755
      0.80827
      0.80899
       0.8097
      0.81041
      0.80741
      0.80812
      0.80882
      0.80586
      0.80657
      0.80727
      0.80435
      0.80505
      0.80576
      0.80287
      0.80357
      0.80427
      0.80496
      0.80212
      0.80282
      0.80351
       0.8007
      0.80139
      0.79861
      0.79931
          0.8
      0.80069
      0.80137
      0.79863
      0.79592
      0.79661
       0.7973
      0.79798
      0.79866
      0.79933
      0.79667
      0.79734
      0.79801
      0.79868
      0.79934
          0.8
      0.80065
       0.8013
       0.7987
      0.79612
      0.79355
        0.791
      0.78846
      0.78914
      0.78662
       0.7873
      0.78797
      0.78549
      0.78616
      0.78683
       0.7875
      0.78816
      0.78882
      0.78638
      0.78395
      0.78462
      0.78528
      0.78593
      0.78354
      0.78419
      0.78182
      0.78248
      0.78012
      0.78078
      0.77844
       0.7791
      0.77976
      0.77745
      0.77515
      0.77581
      0.77647
      0.77713
      0.77778
      0.77843
      0.77616
      0.77391
      0.77457
      0.77522
      0.77586
      0.77364
      0.77429
      0.77208
      0.77273
      0.77054
      0.76836
      0.76901
      0.76966
      0.77031
      0.76816
       0.7688
      0.76944
      0.77008
      0.76796
       0.7686
      0.76648
      0.76438
      0.76503
      0.76567
       0.7663
      0.76694
      0.76486
       0.7655
      0.76344
      0.76408
      0.76203
      0.76267
       0.7633
      0.76393
      0.76455
      0.76253
      0.76053
      0.76115
      0.76178
      0.75979
      0.76042
      0.76104
      0.75907
      0.75969
      0.76031
      0.76093
      0.76154
      0.76215
      0.76276
      0.76336
      0.76142
      0.75949
      0.75758
      0.75567
      0.75377
      0.75439
        0.755
      0.75561
      0.75373
      0.75434
      0.75495
      0.75556
      0.75616
      0.75676
      0.75735
      0.75795
      0.75854
      0.75912
      0.75971
      0.76029
      0.76087
      0.75904
      0.75962
      0.76019
      0.76077
      0.75895
      0.75952
       0.7601
      0.75829
      0.75887
      0.75943
         0.76
      0.75822
      0.75878
      0.75701
      0.75758
      0.75814
       0.7587
      0.75926
      0.75982
      0.76037
      0.76092
      0.76147
      0.76201
      0.76256
       0.7631
      0.76364
       0.7619
      0.76244
      0.76072
      0.76126
       0.7618
      0.76233
      0.76286
      0.76339
      0.76392
      0.76444
      0.76275
      0.76327
       0.7638
      0.76211
      0.76044
      0.75877
       0.7593
      0.75764
      0.75599
      0.75435
      0.75488
      0.75541
      0.75594
      0.75431
      0.75484
      0.75536
      0.75375
      0.75427
       0.7548
      0.75532
      0.75584
      0.75636
      0.75687
      0.75738
      0.75789
       0.7563
      0.75472
      0.75523
      0.75365
      0.75417
      0.75468
      0.75519
      0.75569
       0.7562
       0.7567
       0.7572
       0.7577
       0.7582
      0.75665
      0.75714
      0.75764
      0.75813
      0.75659
      0.75709
      0.75758
      0.75806
      0.75855
      0.75904
      0.75952
         0.76
      0.76048
      0.76096
      0.75944
      0.75992
      0.75842
      0.75692
       0.7574
      0.75787
      0.75835
      0.75882
      0.75734
      0.75586
      0.75634
      0.75681
      0.75534
      0.75581
      0.75629
      0.75676
       0.7553
      0.75385
       0.7524
      0.75096
      0.75143
         0.75
      0.74857
      0.74905
      0.74953
      0.74811
      0.74858
      0.74906
      0.74953
      0.74812
      0.74672
      0.74719
      0.74766
      0.74813
      0.74674
      0.74721
      0.74583
       0.7463
      0.74677
      0.74723
       0.7477
      0.74632
      0.74679
      0.74542
      0.74589
      0.74635
      0.74681
      0.74727
      0.74773
      0.74819
      0.74864
       0.7491
      0.74775
       0.7482
      0.74686
      0.74731
      0.74776
      0.74643
      0.74688
      0.74733
      0.74778
      0.74823
      0.74867
      0.74912
       0.7478
      0.74824
      0.74692
      0.74737
      0.74606
       0.7465
      0.74695
      0.74739
      0.74783
      0.74826
       0.7487
      0.74913
      0.74957
         0.75
      0.75043
      0.75086
      0.75129
      0.75171
      0.75214
      0.75256
      0.75128
       0.7517
      0.75212
      0.75254
      0.75296
      0.75338
      0.75211
      0.75253
      0.75294
      0.75336
      0.75209
      0.75084
      0.75125
      0.75167
      0.75208
      0.75249
      0.75124
      0.75166
      0.75207
      0.75083
      0.74959
         0.75
      0.74877
      0.74918
      0.74959
      0.74837
      0.74878
      0.74919
      0.74797
      0.74675
      0.74716
      0.74595
      0.74475
      0.74355
      0.74396
      0.74437
      0.74478
      0.74519
        0.744
      0.74281
      0.74322
      0.74363
      0.74404
      0.74444
      0.74485
      0.74367
       0.7425
       0.7429
      0.74331
      0.74371
      0.74254
      0.74138
      0.74022
      0.74062
      0.73947
      0.73832
      0.73872
      0.73758
      0.73798
      0.73839
      0.73725
      0.73611
      0.73652
      0.73538
      0.73579
       0.7362
       0.7366
        0.737
       0.7374
       0.7378
      0.73668
      0.73556
      0.73596
      0.73636
      0.73676
      0.73565
      0.73605
      0.73494
      0.73383
      0.73423
      0.73463
      0.73503
      0.73543
      0.73582
      0.73472
      0.73512
      0.73551
      0.73442
      0.73481
      0.73373
      0.73264
      0.73304
      0.73196
      0.73235
      0.73128
      0.73021
      0.72914
      0.72807
      0.72847
      0.72741
       0.7278
       0.7282
      0.72859
      0.72899
      0.72793
      0.72688
      0.72727
      0.72767
      0.72806
      0.72845
      0.72884
      0.72779
      0.72818
      0.72714
      0.72753
       0.7265
      0.72688
      0.72727
      0.72624
      0.72663
      0.72702
       0.7274
      0.72779
      0.72817
      0.72855
      0.72893
      0.72931
      0.72969
      0.73007
      0.73045
      0.73082
       0.7312
      0.73157
      0.73194
      0.73232
      0.73269
      0.73167
      0.73066
      0.73103
       0.7314
      0.73177
      0.73077
      0.73114
      0.73151
      0.73187
      0.73087
      0.73124
      0.73161
      0.73197
      0.73234
       0.7327
      0.73306
      0.73342
      0.73378
      0.73414
       0.7345
      0.73486
      0.73522
      0.73557
      0.73592
      0.73628
      0.73663
      0.73698
      0.73733
      0.73768
       0.7367
      0.73705
       0.7374
      0.73775
      0.73677
      0.73712
      0.73747
      0.73781
      0.73684
      0.73587
      0.73622
      0.73526
      0.73429
      0.73333
      0.73368
      0.73403
      0.73438
      0.73472
      0.73506
      0.73541
      0.73575
      0.73609
      0.73643
      0.73677
      0.73711
      0.73745
       0.7365
      0.73684
       0.7359
      0.73624
      0.73529
      0.73563
      0.73597
      0.73631
      0.73664
      0.73698
      0.73731
      0.73764
      0.73797
      0.73831
      0.73864
      0.73897
      0.73929
      0.73836
      0.73744
      0.73777
       0.7381
      0.73842
      0.73875
      0.73908
       0.7394
      0.73973
      0.74005
      0.74037
      0.74069
      0.74102
      0.74134
      0.74166
      0.74198
      0.74229
      0.74138
       0.7417
      0.74201
      0.74233
      0.74265
      0.74296
      0.74328
      0.74359
       0.7439
      0.74421
      0.74453
      0.74484
      0.74515
      0.74424
      0.74455
      0.74486
      0.74396
      0.74427
      0.74458
      0.74489
      0.74519
       0.7455
       0.7458
      0.74611
      0.74641
      0.74671
      0.74702
      0.74613
      0.74643
      0.74673
      0.74584
      0.74614
      0.74645
      0.74675
      0.74704
      0.74734
      0.74764
      0.74794
      0.74824
      0.74853
      0.74765
      0.74795
      0.74824
      0.74854
      0.74883
      0.74912
      0.74942
      0.74971
         0.75
      0.75029
      0.75058
      0.75087
         0.75
      0.75029
      0.74942
      0.74856
      0.74885
      0.74914
      0.74943
      0.74971
         0.75
      0.75029
      0.75057
      0.75086
         0.75
      0.74914
      0.74943
      0.74972
      0.74886
      0.74915
      0.74943
      0.74972
         0.75
      0.75028
      0.75056
      0.75085
         0.75
      0.75028
      0.75056
      0.75084
      0.75112
       0.7514
      0.75168
      0.75196
      0.75223
      0.75251
      0.75278
      0.75195
      0.75222
       0.7525
      0.75166
      0.75083
      0.75111
      0.75138
      0.75166
      0.75193
       0.7511
      0.75028
      0.75055
      0.74973
       0.7489
      0.74918
      0.74945
      0.74973
      0.74891
      0.74809
      0.74728
      0.74755
      0.74674
      0.74701
       0.7462
      0.74648
      0.74567
      0.74486
      0.74406
      0.74434
      0.74353
      0.74381
      0.74409
      0.74436
      0.74464
      0.74491
      0.74411
      0.74439
      0.74466
      0.74386
      0.74307
      0.74334
      0.74362
      0.74389
      0.74416
      0.74337
      0.74364
      0.74392
      0.74419
      0.74446
      0.74367
      0.74394
      0.74421
      0.74448
      0.74475
      0.74502
      0.74528
      0.74555
      0.74582
      0.74608
      0.74635
      0.74661
      0.74583
       0.7461
      0.74636
      0.74663
      0.74689
      0.74715
      0.74741
      0.74767
       0.7469
      0.74716
      0.74742
      0.74768
      0.74794
       0.7482
      0.74846
      0.74872
      0.74898
      0.74923
      0.74949
      0.74974
      0.74898
      0.74924
      0.74949
      0.74975
         0.75
      0.75025
      0.75051
      0.75076
      0.75101
      0.75126
      0.75152
      0.75177
      0.75202
      0.75227
      0.75252
      0.75176
        0.751
      0.75025
       0.7495
      0.74875
        0.749
      0.74825
       0.7485
      0.74776
      0.74801
      0.74826
      0.74751
      0.74677
      0.74603
      0.74628
      0.74554
       0.7458
      0.74506
      0.74531
      0.74458
      0.74384
      0.74409
      0.74435
       0.7446
      0.74485
       0.7451
      0.74535
       0.7456
      0.74585
      0.74609
      0.74537
      0.74561
      0.74586
      0.74611
      0.74636
       0.7466
      0.74685
      0.74709
      0.74734
      0.74758
      0.74783
      0.74807
      0.74735
      0.74759
      0.74783
      0.74712
      0.74736
      0.74664
      0.74688
      0.74713
      0.74737
      0.74761
      0.74785
      0.74809
      0.74738
      0.74762
      0.74786
       0.7481
      0.74834
      0.74858
      0.74882
      0.74811
      0.74834
      0.74858
      0.74882
      0.74906
      0.74929
      0.74859
      0.74882
      0.74906
       0.7493
      0.74953
      0.74883
      0.74906
       0.7493
       0.7486
       0.7479
       0.7472
      0.74744
      0.74767
      0.74791
      0.74814
      0.74838
      0.74861
      0.74884
      0.74815
      0.74838
      0.74769
        0.747
      0.74631
      0.74654
      0.74586
      0.74609
      0.74632
      0.74656
      0.74679
      0.74702
      0.74725
      0.74657
       0.7468
      0.74612
      0.74635
      0.74658
      0.74681
      0.74704
      0.74727
