     MU:      SIGMA:     E_MEASURED:    ERROR:
    -0.27321     0.63194     0.08387   0.0078589
     -0.1721      0.9305    -0.23948    0.005766
  -0.0020394     0.97079    -0.25103   0.0055215
    -0.06906     0.77253   -0.060059   0.0055868
     0.15598     0.65832     0.13256   0.0072171
     0.28404     0.88794    -0.23452    0.004822
     0.38855     0.86164    -0.24972   0.0057603
     0.63933     0.94271    -0.21018    0.012472
     0.58421     0.67282    -0.30955   0.0033684
     0.68388     0.45649    -0.13104   0.0069084
     0.40953     0.73596    -0.19147   0.0047921
     0.49489     0.92224    -0.26451   0.0079135
     0.35445     0.77321    -0.19057   0.0050655
      0.4107     0.53391    0.040843   0.0063222
      0.4107     0.53391    0.040843   0.0063222
      0.4107     0.53391    0.040843   0.0063222
     0.46149     0.77434    -0.25001   0.0045405
     0.73101     0.73267    -0.37477   0.0049998
     0.52219     0.94858     -0.2385    0.013175
      0.8133       1.119     0.54754    0.042512
     0.68123       1.166     0.35792    0.041549
     0.95128      1.1722      1.2591    0.062955
     0.85119      1.2871      1.4449    0.070278
     0.85119      1.2871      1.4449    0.070278
     0.85119      1.2871      1.4449    0.070278
     0.62071      1.3622      1.1622    0.061799
     0.62071      1.3622      1.1622    0.061799
     0.89136      1.1777      1.0324    0.044831
     0.65354      1.3413      1.2004    0.070171
     0.41172      1.4731      1.2773    0.082318
     0.41778      1.4028     0.96701    0.069929
     0.66828      1.2441     0.61862     0.04962
     0.57491      1.1692     0.16611     0.03007
     0.86646      1.0134     0.33301    0.034541
      1.1107     0.82347     0.48477    0.026062
     0.86834      1.1015     0.63225    0.044696
      1.0716      1.1399      1.7037    0.065762
     0.98325      1.2517      1.8613    0.077525
       1.087      1.1606       2.121    0.091991
     0.83126      1.4499      2.5137     0.10807
     0.83126      1.4499      2.5137     0.10807
     0.83126      1.4499      2.5137     0.10807
     0.69285       1.219     0.61192    0.040629
      0.4417      1.0018    -0.21109    0.011591
     0.47641     0.78425    -0.26463   0.0055377
     0.47641     0.78425    -0.26463   0.0055377
     0.39414     0.93829    -0.25396   0.0076881
     0.25363      1.0379    -0.24182   0.0082927
     0.33644      0.8853    -0.23958   0.0057781
     0.50129     0.88145    -0.27284   0.0057841
     0.30637      1.0834    -0.18362    0.013631
       0.122     0.95294     -0.2435   0.0072023
     0.20333     0.88787    -0.21457   0.0053189
    0.087242      1.1739    -0.10256     0.01786
    0.095536      1.2326   -0.024354    0.024533
    -0.10944       1.003    -0.23456   0.0095355
     -0.3207     0.94651    -0.25719   0.0071713
   -0.070664     0.94346     -0.2436   0.0040256
    0.042413     0.72342    0.033958   0.0072519
    -0.09718     0.80008    -0.10791   0.0053274
    -0.01904     0.80272    -0.10315   0.0057196
     0.17996     0.96604    -0.24071   0.0059347
     0.19703      1.1046    -0.19799     0.01137
     0.23043     0.86573    -0.21389   0.0049276
    0.028827     0.95232    -0.23958    0.006026
    0.054135        1.07    -0.22501    0.012807
    -0.10393      0.9042    -0.21629   0.0051354
    -0.17889      1.0766     -0.2203    0.011338
    -0.33294     0.86812    -0.23325    0.004708
    -0.30611     0.81554     -0.1911   0.0050669
    -0.37081       1.008    -0.21453    0.011996
    -0.14132      1.1955   -0.062333    0.021532
    0.028346      1.0989     -0.1993    0.013347
    -0.12815      1.1969    -0.07629    0.018297
   -0.065098      1.1737    -0.14155    0.015902
     0.10852     0.91938    -0.23367   0.0055757
      0.1564      1.0063    -0.23519   0.0077913
    0.030068     0.79208   -0.089774   0.0057765
    -0.19987     0.81539    -0.15395   0.0051176
    0.045051     0.72451    0.020509    0.006975
     0.30495     0.55539     0.21122   0.0071788
     0.30495     0.55539     0.21122   0.0071788
     0.30495     0.55539     0.21122   0.0071788
     0.47743     0.59769    -0.13872   0.0045839
      0.2161     0.86682    -0.20738   0.0058405
   -0.051619     0.60626     0.33573   0.0079505
    -0.21106     0.69217    0.026443   0.0067877
    -0.17628     0.60756     0.23161   0.0075648
    -0.17628     0.60756     0.23161   0.0075648
    -0.21407     0.62881     0.16042    0.006842
    -0.49871     0.59865    -0.17485   0.0051394
    -0.49871     0.59865    -0.17485   0.0051394
    -0.49871     0.59865    -0.17485   0.0051394
     -0.7953     0.66547    -0.43604   0.0029913
    -0.83967     0.42558    0.082348    0.012311
     -1.0643     0.60294    -0.15894   0.0068927
     -1.0202     0.61725    -0.23478   0.0076819
     -0.8895     0.62401    -0.41297   0.0037488
    -0.73606     0.80224    -0.30917   0.0097742
    -0.60639     0.72911    -0.32793   0.0039263
    -0.76986      1.0242     0.10875    0.026757
    -0.66772     0.83014    -0.28402   0.0088026
    -0.56228     0.69376    -0.30267   0.0036438
    -0.57059     0.65127    -0.29182   0.0038817
    -0.31835     0.79592     -0.1748    0.005332
    -0.41262     0.73878    -0.18589   0.0053758
    -0.34623     0.76631    -0.16898   0.0057839
    -0.47605      0.6498    -0.18363   0.0045529
    -0.37428     0.44163     0.28222   0.0087057
    -0.10326     0.60521     0.29782   0.0076848
   -0.059009     0.52852      0.5976    0.011215
    -0.35759     0.48731     0.23889   0.0081702
    -0.34934     0.48248     0.26253   0.0088373
    -0.34934     0.48248     0.26253   0.0088373
    -0.34934     0.48248     0.26253   0.0088373
    -0.40392     0.51475     0.10718   0.0067736
    -0.40392     0.51475     0.10718   0.0067736
    -0.27171     0.55727      0.2596   0.0080672
    -0.22359     0.77295    -0.10112   0.0051147
   -0.088074      1.0168    -0.24401   0.0075322
   0.0013292      1.2083   -0.073879    0.019168
    0.042078      1.0957    -0.21293    0.012531
     0.13024      1.2114   -0.034773    0.023849
     0.40566     0.95451    -0.24663     0.01171
     0.67929      1.1827     0.38836     0.02975
     0.38835      1.3068     0.39769    0.042252
     0.18842      1.1731   -0.068047    0.025751
      0.0183      1.3418     0.34638     0.03722
     0.18989      1.4916       1.251    0.083589
   -0.067507      1.3697     0.37532    0.038119
   -0.067507      1.3697     0.37532    0.038119
    -0.27344      1.1434    -0.13686    0.015821
    -0.31616     0.85591    -0.24259   0.0052087
    -0.28325     0.92408      -0.254   0.0048695
   -0.095832     0.68962     0.08705   0.0074211
     0.10536     0.93893    -0.23552   0.0057655
  -0.0026557     0.70328    0.062832   0.0073857
   -0.022299     0.92086    -0.23057   0.0045848
   -0.084539     0.76474   -0.058442   0.0064438
    -0.35577     0.47141     0.28573   0.0069936
    -0.48415     0.23784      3.3219    0.047272
    -0.65987     0.24287      3.3602    0.043835
    -0.47025     0.35292     0.46732    0.014367
    -0.34254     0.47312     0.31989   0.0079766
    -0.34254     0.47312     0.31989   0.0079766
   -0.079573     0.48769     0.74794    0.012536
     0.18313     0.67378    0.084504   0.0071475
     0.28695     0.56726     0.21171   0.0079072
     0.28695     0.56726     0.21171   0.0079072
     0.18462     0.53069     0.44539    0.010369
     0.37662     0.75592    -0.18846   0.0055868
     0.52769     0.89646    -0.25923    0.011051
     0.66226     0.98608    -0.11775    0.021166
     0.74789     0.97785   -0.016181    0.022562
     0.89884     0.80824     -0.1679    0.011865
     0.63755     0.53141    -0.30651   0.0045209
     0.57941     0.40703     0.12128    0.010218
     0.56719     0.42314    0.038581    0.009106
      0.7469     0.37161      0.5874    0.017089
       1.044     0.34168     0.85538    0.019707
     0.79111     0.57141    -0.43245   0.0028339
     0.98406     0.29701      1.4696    0.029305
     0.78126     0.26054      2.5429    0.042703
     0.78126     0.26054      2.5429    0.042703
     0.78126     0.26054      2.5429    0.042703
      1.0113      0.3801     0.48674     0.01404
     0.75907     0.65359    -0.43076   0.0030351
     0.74294     0.81347    -0.31158   0.0082354
     0.59967     0.92679    -0.22224    0.014878
     0.59967     0.92679    -0.22224    0.014878
     0.67751     0.82211    -0.29804   0.0084792
     0.91466       0.928     0.15521    0.025583
     0.91466       0.928     0.15521    0.025583
     0.76644     0.81363    -0.28183   0.0097029
     0.87397     0.97211     0.19099    0.026162
     0.87397     0.97211     0.19099    0.026162
     0.84179      1.0922     0.52955    0.037409
     0.95475      1.0762     0.86444     0.04816
     0.95475      1.0762     0.86444     0.04816
     0.76091      1.2927      1.1796     0.06416
     0.65867      1.2836     0.77334     0.04824
     0.39911      1.3281     0.47845    0.034057
     0.39911      1.3281     0.47845    0.034057
     0.52222      1.1814     0.15302    0.023996
     0.69603     0.98839   -0.050858    0.022279
     0.72692      1.2567      0.8535    0.051096
     0.44531      1.2509     0.28424    0.032592
     0.44531      1.2509     0.28424    0.032592
     0.52761      1.2095      0.3088    0.047228
     0.38158      1.3526     0.56956    0.041124
      0.1871      1.3513     0.40118    0.038204
     0.26884      1.5883      1.8057    0.094028
     0.26884      1.5883      1.8057    0.094028
     0.26884      1.5883      1.8057    0.094028
     0.47737      1.6424      2.8419     0.11178
      0.5453      1.5457      1.9485    0.095823
     0.28512      1.5866      2.1453     0.13399
     0.20841      1.4573     0.99032    0.052907
   -0.054882      1.4604     0.81319    0.048035
   -0.054882      1.4604     0.81319    0.048035
   -0.053493      1.6926      2.6689      0.1423
     0.12536       1.535      1.2998    0.089372
   -0.059138      1.4375     0.72508    0.049086
     0.10659      1.2324   0.0099485    0.021096
     0.12296      1.2999     0.13749    0.025742
     0.29334      1.2135     0.05039     0.02415
    0.057451      1.3978      0.5651    0.046355
    0.057451      1.3978      0.5651    0.046355
    0.057451      1.3978      0.5651    0.046355
    0.057451      1.3978      0.5651    0.046355
    0.057451      1.3978      0.5651    0.046355
    0.057451      1.3978      0.5651    0.046355
    0.090097      1.6173      1.7066    0.075359
    0.090097      1.6173      1.7066    0.075359
      0.1353      1.5394      1.3298     0.07238
     0.15002      1.3448     0.36825    0.041877
     0.15002      1.3448     0.36825    0.041877
     0.29303      1.0653    -0.19951    0.010567
     0.45665      1.0264    -0.19707    0.012757
       0.225     0.96576    -0.24823   0.0056158
     0.47663     0.72131     -0.2245   0.0048646
     0.75431     0.64161    -0.43185   0.0025184
     0.86914     0.46401    -0.11486   0.0079804
     0.86914     0.46401    -0.11486   0.0079804
      1.0424     0.55371    -0.17914   0.0042438
      1.0623     0.61219    -0.15765   0.0072477
     0.99857     0.34858     0.75421     0.01952
     0.99857     0.34858     0.75421     0.01952
     0.93116      0.2886      1.7024    0.032508
     0.93116      0.2886      1.7024    0.032508
      1.0738     0.58689    -0.13895   0.0064108
      1.0738     0.58689    -0.13895   0.0064108
      1.2303     0.73685     0.72206    0.024397
      1.2303     0.73685     0.72206    0.024397
      1.2209     0.83271      1.0448    0.034965
     0.94057     0.54975    -0.32295   0.0030209
     0.94057     0.54975    -0.32295   0.0030209
     0.72645     0.43893   -0.024666    0.011077
     0.44337     0.63461    -0.12713   0.0048205
     0.32952     0.72445    -0.10721   0.0060491
     0.16493     0.72282   -0.013505   0.0064616
     0.16493     0.72282   -0.013505   0.0064616
   -0.016871     0.54182     0.54101   0.0087766
   -0.016871     0.54182     0.54101   0.0087766
   -0.016871     0.54182     0.54101   0.0087766
     -0.1339     0.44589     0.90552    0.015463
     0.11134     0.68814    0.075927   0.0072719
     0.11134     0.68814    0.075927   0.0072719
      0.3458      0.4617     0.31817   0.0084832
    0.094892     0.66714     0.14828   0.0075848
    -0.13459     0.68672    0.079309   0.0072067
   -0.081478     0.67636     0.11493   0.0079295
     0.20799     0.83721     -0.1898   0.0050719
   -0.089644      1.0889    -0.20478    0.014983
    -0.35964     0.86775    -0.25101   0.0055525
    -0.16824      0.6662      0.1149   0.0065901
    -0.46803     0.78552    -0.25242   0.0039752
    -0.49571     0.60691    -0.17052   0.0049086
     -0.2931     0.72005   -0.084349   0.0053497
    -0.52539     0.96819    -0.21007    0.014981
    -0.45787     0.90481    -0.24956   0.0076912
    -0.64399      1.1514     0.20375    0.031743
    -0.73352      1.0501    0.086411    0.024974
    -0.51163     0.76805     -0.2783   0.0045897
    -0.71821      0.5683    -0.40466    0.003244
    -0.71821      0.5683    -0.40466    0.003244
     -0.7925      0.7976    -0.27953    0.010062
     -1.0339     0.61435    -0.22311   0.0062211
    -0.77827     0.54216    -0.39264   0.0037177
    -0.79012     0.28354      2.0013     0.04066
    -0.63436     0.25781      2.7832     0.04241
    -0.63436     0.25781      2.7832     0.04241
    -0.63436     0.25781      2.7832     0.04241
    -0.63436     0.25781      2.7832     0.04241
    -0.79843     0.20384      4.7379    0.094065
    -0.84779     0.45316   -0.059294    0.010109
    -0.61392      0.7113     -0.3359   0.0036631
    -0.54404     0.85796    -0.27999   0.0057059
    -0.69394      1.0508     0.06945    0.025646
    -0.69394      1.0508     0.06945    0.025646
    -0.52573      1.3269     0.71115    0.056917
    -0.43115      1.3954      0.7867    0.059624
    -0.45605      1.5043      1.5114    0.064227
    -0.42515      1.7635      3.9766     0.17072
    -0.16106      1.7237      3.1907     0.14846
    -0.16106      1.7237      3.1907     0.14846
     -0.4297      1.6766      3.0819     0.13929
    -0.36472      1.8055      4.3125     0.21568
    -0.25581      1.5261      1.5248    0.084988
    -0.20283      1.2487    0.052282    0.022207
     0.02691      1.0193    -0.24612   0.0069236
     0.32222      1.2863     0.21801    0.028808
     0.32222      1.2863     0.21801    0.028808
     0.32222      1.2863     0.21801    0.028808
     0.32222      1.2863     0.21801    0.028808
     0.21486      1.5304      1.3662    0.071828
     0.28059      1.6844      2.6397     0.11261
     0.28059      1.6844      2.6397     0.11261
     0.46788      1.6325      2.6287     0.12068
     0.55059      1.8063      5.2431      0.2085
     0.38248      1.7425      4.0142     0.20297
     0.38248      1.7425      4.0142     0.20297
        0.64      1.8287      5.7999     0.24313
     0.75166      1.6179      3.7791     0.13733
     0.82966      1.3405      1.7857    0.088754
     0.76872      1.4559      2.2689     0.11758
      0.7126      1.5965      3.4642     0.13757
      0.7895      1.5484      3.1988     0.13544
     0.82331      1.3647      1.8966     0.09444
      1.0164       1.092      1.1811    0.064461
       1.067       1.377      3.8518     0.14136
     0.91561      1.5837      4.7072      0.1939
      1.1697      1.5047      6.2115     0.23428
      1.1005      1.3352      3.2989     0.11852
      1.1005      1.3352      3.2989     0.11852
      1.1967      1.5685      7.3952     0.28592
      1.2166      1.3665      5.1614     0.16986
      1.1515      1.4733      5.2755     0.22656
      1.1515      1.4733      5.2755     0.22656
      1.2166      1.5215       6.923     0.21692
      1.3688      1.3116       6.413     0.19536
      1.3688      1.3116       6.413     0.19536
      1.1173      1.3929      4.0953     0.13835
      1.1173      1.3929      4.0953     0.13835
      0.8267      1.4357      2.4586      0.1197
      0.8267      1.4357      2.4586      0.1197
     0.68177      1.4522      1.9394     0.10209
     0.68177      1.4522      1.9394     0.10209
     0.50953      1.4223      1.1523    0.066982
     0.59536      1.1437     0.14099    0.027835
     0.33071      1.0557    -0.20777    0.012225
      0.1178     0.95836    -0.24603   0.0052395
     0.38312      1.2556     0.28514    0.036715
     0.51912      1.0421    -0.12777     0.01734
     0.77418     0.86518    -0.19095    0.012729
     0.91217     0.85192   -0.017013     0.01931
     0.71132      0.6353    -0.41862    0.002099
     0.59343     0.81322    -0.30582   0.0062267
     0.76599     0.82946    -0.26162    0.012517
     0.86406     0.83916    -0.14191    0.015168
     0.86406     0.83916    -0.14191    0.015168
     0.86406     0.83916    -0.14191    0.015168
     0.87229     0.68209    -0.38131   0.0058767
     0.79242     0.64672    -0.44061   0.0027621
       1.037     0.48968   -0.065905   0.0059154
      1.0691     0.61545    -0.11803   0.0079964
      1.0229     0.48273   -0.063905    0.005927
     0.97592     0.48854    -0.14748   0.0060346
      1.1019     0.52473   -0.020509   0.0051051
      1.3241     0.73241      1.2892      0.0246
      1.3627     0.88641      2.5982    0.050272
      1.3338      0.9778      2.7647    0.072427
      1.3984     0.68103      1.6598    0.028255
       1.444     0.48981      1.4715    0.014947
       1.444     0.48981      1.4715    0.014947
       1.444     0.48981      1.4715    0.014947
      1.2612     0.29148      1.8219    0.031491
      1.2612     0.29148      1.8219    0.031491
      1.2612     0.29148      1.8219    0.031491
      1.2612     0.29148      1.8219    0.031491
      1.2904     0.45418     0.61939   0.0085289
      1.2609     0.64803      0.6569    0.019355
      1.3236     0.72034      1.3239    0.030426
       1.606     0.53581      2.9836    0.027868
      1.4608     0.43968      1.5254    0.014815
      1.4639      0.3168       2.219    0.027636
      1.4639      0.3168       2.219    0.027636
       1.457     0.39055      1.6356    0.015834
      1.5335     0.61396      2.6449    0.034886
      1.3745     0.39621      1.1331    0.013464
      1.3224     0.39468     0.92346    0.012847
      1.0636     0.55943    -0.14952   0.0055466
     0.84574     0.80902    -0.22637    0.015472
     0.96485     0.51861    -0.23195   0.0046047
     0.93788     0.34449     0.81186     0.02032
     0.93788     0.34449     0.81186     0.02032
     0.93788     0.34449     0.81186     0.02032
     0.78067     0.63691    -0.44309   0.0028177
     0.78067     0.63691    -0.44309   0.0028177
     0.97459     0.73527    -0.21286    0.011439
      1.0016     0.44207    0.085185   0.0088087
      1.0393     0.64076      -0.187   0.0084048
      1.0861     0.77348      0.2476    0.019101
     0.98908     0.94163     0.43634    0.029574
     0.83499     0.85533    -0.15165    0.012305
     0.99295     0.66413    -0.26165    0.007747
      1.1485     0.59837    0.083831   0.0095461
      1.2978     0.55457     0.64413    0.013119
      1.2978     0.55457     0.64413    0.013119
       1.137     0.32622      1.0324     0.02138
      1.1404     0.40413        0.42    0.010642
     0.98787     0.39391     0.36445    0.013597
     0.98787     0.39391     0.36445    0.013597
     0.76883     0.61361    -0.44551   0.0021056
     0.89157     0.51842    -0.30223   0.0051491
      1.0747     0.36748      0.6128    0.015871
      1.2128     0.65855     0.41686    0.015148
      1.1358     0.70661     0.21502    0.018085
      0.8966     0.82002    -0.10056    0.019484
      1.1202      0.6869       0.107    0.014154
      1.0317     0.81322      0.1823    0.019889
      1.1456     0.67139     0.18378    0.014387
      1.1456     0.67139     0.18378    0.014387
      1.1456     0.67139     0.18378    0.014387
      1.1456     0.67139     0.18378    0.014387
      1.1456     0.67139     0.18378    0.014387
     0.91084     0.40039     0.29929     0.01349
      1.1028     0.42273      0.2635   0.0091716
      1.1198     0.43785     0.22588   0.0070722
      1.1734     0.45129      0.2722   0.0059222
      1.1734     0.45129      0.2722   0.0059222
      1.4205     0.39641      1.3798     0.01415
      1.4155     0.55151      1.3193    0.018157
      1.1378        0.85     0.71603    0.030918
      1.1378        0.85     0.71603    0.030918
      1.1124     0.60073   -0.029811    0.008563
      1.1834     0.62014     0.22319    0.010604
      1.3586     0.41667     0.99145    0.010784
      1.3586     0.41667     0.99145    0.010784
      1.3586     0.41667     0.99145    0.010784
      1.3586     0.41667     0.99145    0.010784
      1.3586     0.41667     0.99145    0.010784
      1.3663     0.34047      1.4865    0.021018
      1.3663     0.34047      1.4865    0.021018
      1.3663     0.34047      1.4865    0.021018
      1.2621     0.46258     0.48352   0.0077211
      1.3092     0.45855      0.6683   0.0094546
      1.3092     0.45855      0.6683   0.0094546
      1.5284     0.31002      2.8172    0.032127
      1.3247     0.60316     0.87386     0.01807
      1.1566     0.35964     0.75119    0.016882
      1.1566     0.35964     0.75119    0.016882
      1.1566     0.35964     0.75119    0.016882
     0.92412     0.46917    -0.10631   0.0071275
     0.77254     0.45628    -0.10378   0.0093378
     0.58529       0.489    -0.18827   0.0053348
     0.58529       0.489    -0.18827   0.0053348
     0.56498     0.52077    -0.20609    0.005582
     0.56498     0.52077    -0.20609    0.005582
     0.71893     0.72869    -0.37286    0.005249
     0.71893     0.72869    -0.37286    0.005249
     0.42684      0.5386    0.015483   0.0061821
     0.41587     0.44503     0.18798   0.0075155
     0.30637      0.2858       1.123     0.01826
     0.58923      0.4617    -0.13281   0.0071784
     0.58923      0.4617    -0.13281   0.0071784
     0.71115     0.48139    -0.22589   0.0067696
      1.0007     0.73156    -0.11778    0.012326
     0.82722     0.82775    -0.22624    0.012671
     0.83698     0.85941    -0.17024    0.013459
     0.98414     0.84389     0.12834    0.020723
      1.1042     0.75275     0.25569    0.020236
     0.90333     0.61926     -0.4057   0.0037169
     0.68149     0.57282    -0.38301    0.003059
      0.5243     0.42234    0.054675    0.008482
     0.53438     0.41026     0.10595   0.0093935
     0.76673     0.67651    -0.42253   0.0036963
       0.777     0.84213    -0.25381    0.011476
     0.62836       1.027   -0.067914    0.016489
     0.62836       1.027   -0.067914    0.016489
     0.62642      1.2693      0.6866    0.047837
     0.70347      1.4289      1.8994    0.099035
     0.76388      1.2212     0.87619    0.058057
     0.73616      1.3529      1.4883    0.094164
     0.87323      1.2761      1.4282     0.06809
     0.58296      1.1783     0.31283    0.038929
     0.58296      1.1783     0.31283    0.038929
     0.52991      1.1352    0.019815    0.022588
     0.52991      1.1352    0.019815    0.022588
     0.38451      1.2447     0.25823    0.031175
     0.38451      1.2447     0.25823    0.031175
     0.38451      1.2447     0.25823    0.031175
     0.17981      1.2228   0.0070734    0.025084
    0.017621      1.0084    -0.24363    0.011414
   -0.070489     0.91775    -0.22148   0.0063555
    0.062048     0.67061     0.14162    0.007798
   -0.058376     0.71226    0.047761   0.0072707
    -0.15275     0.48809     0.68452     0.01214
     0.13466     0.62491     0.21971   0.0093839
     0.21404     0.60686     0.21135   0.0084021
     0.38831     0.50522     0.14696   0.0070974
     0.44407     0.37312     0.34281    0.010476
     0.48681     0.63775    -0.18018   0.0042451
     0.24122     0.85448    -0.20134   0.0054101
     0.26629     0.81246    -0.18324   0.0055718
   -0.030355     0.69082    0.092643    0.006698
     0.21977     0.44189     0.73417    0.012026
     0.21977     0.44189     0.73417    0.012026
   -0.078665     0.47598     0.81572    0.014406
    -0.11594     0.17756      5.3995    0.085637
    -0.38532     0.43715      0.2711   0.0075091
    -0.38532     0.43715      0.2711   0.0075091
    -0.38532     0.43715      0.2711   0.0075091
    -0.28538     0.35745     0.86069     0.01118
    -0.30021     0.34359     0.81743    0.012581
    -0.12361     0.40091      1.2086    0.016865
    -0.12361     0.40091      1.2086    0.016865
    -0.12361     0.40091      1.2086    0.016865
    -0.38424     0.67433   -0.096479    0.004681
    -0.53647     0.39443     0.17966    0.012648
    -0.32753     0.43965     0.43696   0.0098782
    -0.40728     0.29509      1.0167    0.027108
    -0.40728     0.29509      1.0167    0.027108
    -0.36471     0.49018     0.22532   0.0070868
    -0.51962     0.67437    -0.24724    0.004136
    -0.69006     0.89742    -0.21852    0.011031
    -0.69006     0.89742    -0.21852    0.011031
    -0.82927     0.69545    -0.40692   0.0061541
    -0.82927     0.69545    -0.40692   0.0061541
      -0.944     0.46603   -0.083225   0.0080882
     -1.0521     0.64599     -0.1205   0.0094531
     -1.0521     0.64599     -0.1205   0.0094531
     -1.1117     0.77266       0.296     0.01802
     -1.1555     0.99098      1.5961    0.057376
     -1.1555     0.99098      1.5961    0.057376
     -1.1555     0.99098      1.5961    0.057376
     -1.2773     0.71413      0.9545    0.025055
     -1.1898     0.42957      0.3939   0.0090069
     -1.1898     0.42957      0.3939   0.0090069
     -1.2554     0.44199       0.519   0.0078484
     -1.0887     0.58401   -0.090124   0.0065887
    -0.89922     0.84907   -0.039984    0.017109
     -0.7555      1.0568     0.13155    0.027472
    -0.91092     0.85238   -0.008612    0.018989
    -0.91092     0.85238   -0.008612    0.018989
     -0.8974      1.0747     0.65196    0.041607
    -0.88787      1.0702     0.56728    0.034223
    -0.84894      1.0266     0.24723    0.026176
     -1.0234     0.80152     0.11574    0.020929
    -0.83691     0.82461    -0.19319    0.013863
    -0.95921     0.85192    0.081268    0.018929
    -0.95921     0.85192    0.081268    0.018929
    -0.95921     0.85192    0.081268    0.018929
    -0.89014      0.5811    -0.40177   0.0030991
     -1.1555     0.74609     0.45715    0.023996
     -1.3921     0.86634      2.7977    0.053116
     -1.3921     0.86634      2.7977    0.053116
     -1.6732     0.69768      4.9982    0.061893
     -1.6732     0.69768      4.9982    0.061893
     -1.4159     0.68018      1.8205    0.032065
     -1.4159     0.68018      1.8205    0.032065
     -1.4159     0.68018      1.8205    0.032065
      -1.428     0.63829      1.6791    0.022863
      -1.428     0.63829      1.6791    0.022863
     -1.3959     0.40153      1.2138    0.011915
     -1.5467     0.32373      2.7327    0.025796
     -1.5467     0.32373      2.7327    0.025796
     -1.5467     0.32373      2.7327    0.025796
     -1.5546     0.41029      2.3243    0.015883
     -1.5546     0.41029      2.3243    0.015883
     -1.2573     0.38603      0.7679    0.013597
     -1.0683     0.39472     0.39038    0.012498
     -1.1404     0.30974      1.2955    0.030024
     -1.1304     0.33308     0.95405    0.023923
     -1.2437      0.3557     0.94063    0.018774
     -1.4829      0.5787      1.9205    0.023666
     -1.4829      0.5787      1.9205    0.023666
     -1.4829      0.5787      1.9205    0.023666
     -1.2139     0.39719     0.59404    0.013205
     -1.1841     0.34127     0.94001    0.020814
     -0.9266     0.55358    -0.33804   0.0036307
     -0.9266     0.55358    -0.33804   0.0036307
     -0.7997     0.59359     -0.4411   0.0023669
     -0.7997     0.59359     -0.4411   0.0023669
     -0.7997     0.59359     -0.4411   0.0023669
     -1.0312     0.81249     0.14016    0.019794
     -1.3063     0.59051     0.74343    0.015937
     -1.4797     0.55523      1.7999    0.020975
     -1.5847     0.60431      3.0898    0.037453
     -1.5683     0.64965      3.2071    0.039327
     -1.5683     0.64965      3.2071    0.039327
     -1.3869     0.45613      1.0573    0.011835
     -1.2307       0.629     0.44086     0.01517
     -1.2307       0.629     0.44086     0.01517
     -1.2571     0.71027      0.8011    0.021355
     -1.2571     0.71027      0.8011    0.021355
     -1.2571     0.71027      0.8011    0.021355
     -1.3628     0.52368     0.93982    0.013196
     -1.2453     0.34405     0.99884    0.021031
     -1.2453     0.34405     0.99884    0.021031
     -1.2453     0.34405     0.99884    0.021031
     -1.5045     0.56672      2.0729    0.026529
     -1.5045     0.56672      2.0729    0.026529
     -1.5045     0.56672      2.0729    0.026529
     -1.4166     0.45352      1.2144     0.01198
     -1.4166     0.45352      1.2144     0.01198
     -1.4614      0.7167      2.4456    0.042519
     -1.6086     0.91953      6.2269     0.10216
       -1.49      1.1742      7.1934     0.16019
     -1.2866      1.3122      5.3722     0.15933
     -1.2866      1.3122      5.3722     0.15933
     -1.2866      1.3122      5.3722     0.15933
     -1.0362      1.2201      2.0136    0.080331
     -0.7458       1.248     0.82124    0.068802
    -0.99239      1.0411     0.82554    0.043112
     -1.1748     0.88095      1.0149     0.03896
     -1.2529     0.66888     0.63896    0.018961
     -1.3799     0.43767       1.039    0.011394
     -1.2876     0.48129     0.57614   0.0088277
     -1.2876     0.48129     0.57614   0.0088277
     -1.1256       0.436      0.2354   0.0066446
     -1.1256       0.436      0.2354   0.0066446
    -0.95314     0.27982       1.821    0.038669
     -1.0336     0.41252     0.27564     0.01153
     -1.0336     0.41252     0.27564     0.01153
    -0.81039     0.61716    -0.44232   0.0028298
    -0.80344     0.44556   -0.054897    0.010789
    -0.84286     0.59733    -0.44005   0.0022364
    -0.83357     0.47494    -0.18265   0.0084813
    -0.95545     0.56538    -0.32517   0.0034383
     -1.1542     0.65616     0.18304    0.012801
    -0.96929     0.95036     0.45293    0.033412
    -0.67863      1.1772     0.40152    0.035416
    -0.49017     0.88118    -0.26226   0.0066378
    -0.62884       1.132     0.23909    0.031398
    -0.88963      1.0312     0.46448    0.034192
     -1.1299     0.93611      1.0255     0.04843
     -1.0829     0.64258   -0.072773    0.011882
     -1.0869     0.41184      0.3065   0.0095324
     -1.0126     0.49749    -0.12223    0.004715
    -0.82177       0.326       1.115    0.023946
    -0.71782     0.35348     0.77242    0.021406
    -0.71782     0.35348     0.77242    0.021406
    -0.71782     0.35348     0.77242    0.021406
    -0.52888      0.4905    -0.10784    0.005933
    -0.50726     0.62761    -0.20645   0.0043286
    -0.34156     0.85622    -0.23123   0.0055706
    -0.34156     0.85622    -0.23123   0.0055706
    -0.49328     0.96332     -0.2327   0.0086246
    -0.70279     0.99607   -0.031803    0.018276
    -0.58218      1.1312     0.11546    0.029859
    -0.58218      1.1312     0.11546    0.029859
    -0.54873     0.83781    -0.29082   0.0065004
     -0.6419     0.65348    -0.36179   0.0032319
    -0.93756     0.92886     0.22427    0.023697
    -0.83527      1.0478     0.37212    0.037812
    -0.92127     0.78296      -0.188    0.011855
     -1.0323      0.5545    -0.19784   0.0044352
     -1.1995     0.59959     0.30785     0.01276
    -0.95574     0.64564    -0.32427   0.0056568
     -1.0237     0.72855    -0.10761    0.013594
    -0.92363     0.71648    -0.30536   0.0089915
     -1.0572     0.69629   -0.059701    0.012675
    -0.75916     0.99005    0.014964    0.020799
    -0.50763     0.97189    -0.22666   0.0099815
    -0.77214     0.84936    -0.24593    0.010926
     -1.0616     0.83853     0.34596    0.025885
    -0.91279     0.57957    -0.38607   0.0034265
    -0.66294     0.63216    -0.38452   0.0024661
    -0.96193     0.71752    -0.24011   0.0097012
     -1.0142     0.84873     0.27374    0.029676
     -1.0142     0.84873     0.27374    0.029676
     -1.3005     0.59463     0.71697    0.016731
     -1.2588     0.43746     0.55439   0.0077507
     -1.4562     0.34688      1.8745    0.025324
     -1.4562     0.34688      1.8745    0.025324
     -1.6764     0.59254      4.2215    0.038375
     -1.6426     0.39898      3.1738    0.024064
     -1.6842     0.42479      3.6919    0.031791
     -1.6842     0.42479      3.6919    0.031791
     -1.6842     0.42479      3.6919    0.031791
     -1.4805      0.2795      2.8764    0.042267
     -1.4805      0.2795      2.8764    0.042267
     -1.4805      0.2795      2.8764    0.042267
     -1.4805      0.2795      2.8764    0.042267
     -1.7468     0.36568      4.5896    0.027848
     -1.5855     0.32156      3.1284    0.027888
     -1.5967     0.33648      3.1051    0.024449
     -1.5009     0.26643      3.4492    0.048145
     -1.2876      0.4623     0.60646   0.0079188
     -1.2629     0.73319     0.91167    0.026625
     -1.1464     0.88689     0.87743    0.033066
    -0.97303     0.77883   -0.096462    0.012428
     -1.0354     0.52858    -0.16019   0.0040654
    -0.83281     0.57107    -0.42078   0.0028803
    -0.79064     0.44181   -0.032918    0.010357
    -0.67413     0.23721      3.4727    0.054731
    -0.67413     0.23721      3.4727    0.054731
     -0.6916     0.27874       2.142    0.036346
     -0.6916     0.27874       2.142    0.036346
    -0.47258     0.46737    0.027414   0.0059784
    -0.47258     0.46737    0.027414   0.0059784
    -0.20226     0.58173     0.29029   0.0079345
    -0.34897     0.68788   -0.088843   0.0056596
    -0.43784     0.54684   -0.014265   0.0053793
    -0.65133     0.45949    -0.14358   0.0080329
    -0.50725     0.59904    -0.18699   0.0047077
    -0.63652     0.88925    -0.27488   0.0086078
    -0.92401     0.60215    -0.38393   0.0036672
    -0.88595     0.63158    -0.40653   0.0053508
     -1.0907     0.61497   -0.067198   0.0093996
     -1.2019     0.62483     0.30797    0.014231
     -1.0519     0.53205    -0.13738   0.0044263
     -1.1056     0.70765      0.1175    0.018798
     -1.1056     0.70765      0.1175    0.018798
     -1.1056     0.70765      0.1175    0.018798
     -0.8238     0.91208   -0.035027    0.020208
    -0.62998     0.86236     -0.2909   0.0070512
    -0.38484     0.56573    0.069392   0.0060062
    -0.46665     0.78824    -0.25866   0.0042567
    -0.58666     0.97006    -0.19466     0.01206
    -0.62922     0.71851     -0.3433   0.0046163
    -0.38913      1.0148    -0.23658    0.009611
    -0.67706      1.2539     0.69461    0.046755
    -0.45825      1.1251   -0.045281    0.022676
    -0.36745      1.2288     0.11986    0.030168
    -0.20458      1.0497     -0.2244    0.010572
    -0.31988      1.0193    -0.24164   0.0091924
    -0.41947      1.2526     0.29317    0.040936
    -0.39532      1.0923    -0.14665    0.019026
    -0.46051      1.1007   -0.077155    0.025323
    -0.46051      1.1007   -0.077155    0.025323
    -0.64123      1.0041   -0.091512    0.018634
    -0.83676      1.1902     0.87684    0.055214
    -0.67288      1.0282   -0.025849    0.019994
    -0.47615     0.99158    -0.23852   0.0092375
    -0.58214      1.2517      0.5133    0.050714
    -0.36628      1.0914    -0.14852    0.017008
    -0.24503     0.94866    -0.25013   0.0061378
    -0.47095     0.72891    -0.22917   0.0043349
    -0.32408     0.90938    -0.24384    0.010081
   -0.091115      1.1309    -0.17096    0.014255
    -0.35927      1.0367    -0.22061    0.011976
    -0.60329      1.1256     0.12892     0.02676
    -0.60329      1.1256     0.12892     0.02676
    -0.37022      1.1923    0.073101    0.025856
    -0.28412      1.0908    -0.18494      0.0165
    -0.21879      1.3773     0.55465    0.046849
    -0.31819       1.405     0.74476    0.056665
   -0.034077      1.1708    -0.13561    0.014577
     0.10645     0.92078    -0.22749   0.0053285
     0.23442      1.1418     -0.1619    0.015127
     0.23442      1.1418     -0.1619    0.015127
    0.019184      1.2113   -0.036988    0.023055
   -0.090286      1.3608     0.45299    0.041068
    0.023426      1.4626     0.87401    0.069244
     0.21371      1.3527     0.38402    0.034728
      0.3211      1.1906  -0.0011834     0.02239
      0.3211      1.1906  -0.0011834     0.02239
     0.35781      1.1049    -0.13025    0.027435
     0.16859      1.1584    -0.14276    0.014015
     0.28877      1.2788     0.19984    0.035385
     0.33576      1.5409      1.4841    0.064023
      0.3859      1.4679       1.289    0.065494
      0.3933      1.5608      1.9115    0.086275
     0.16969      1.6958      3.1119     0.14761
   -0.053957       1.405     0.59031    0.055417
   -0.025279      1.2674     0.10036    0.032162
     0.17836      1.0863    -0.20335    0.011424
     0.05879       1.172    -0.10027    0.020252
   -0.077292      1.1561    -0.12868     0.02321
   -0.077292      1.1561    -0.12868     0.02321
     0.14949      1.4057     0.59883    0.051162
     0.14386      1.1277    -0.17851    0.015791
   -0.079853      1.1221    -0.19045      0.0122
    0.022743      1.2663   -0.003193    0.021469
    -0.17428      1.3409     0.35962    0.037961
    -0.12837      1.4307     0.74919    0.046562
    0.044948      1.2914     0.16794    0.028732
   -0.010119     0.99784    -0.24377   0.0093297
     0.27426     0.94747    -0.25683   0.0059634
     0.22352      1.0421    -0.22681   0.0099007
     0.31584     0.92029    -0.24447    0.006108
     0.45598     0.67596    -0.17943   0.0047808
     0.31531     0.90123    -0.24072   0.0054108
      0.2691     0.76812    -0.11777   0.0051643
     0.29422     0.48078     0.41303   0.0094778
     0.46712     0.32509     0.74092    0.019609
     0.51535     0.45069   -0.022887   0.0067983
     0.51535     0.45069   -0.022887   0.0067983
     0.51535     0.45069   -0.022887   0.0067983
     0.81434     0.41988     0.14543    0.012346
     0.68816     0.42536    0.045707    0.012303
     0.43325     0.67266     -0.1551   0.0047524
     0.19735       0.962       -0.26   0.0056715
     0.25075      1.0627    -0.21917    0.010206
     0.25075      1.0627    -0.21917    0.010206
     0.34986      1.1166    -0.14547    0.015713
     0.15032      1.2281   -0.024721    0.018679
     0.15032      1.2281   -0.024721    0.018679
     0.40699      0.9388    -0.25122   0.0078504
     0.38105      1.1711   -0.028298    0.019573
     0.48031      1.1238  -0.0024276    0.025185
     0.50312      1.2461     0.33848    0.034159
      0.3239      1.0908    -0.17113    0.015167
     0.26829      1.1885   -0.026864    0.020951
     0.35828       1.332     0.37577    0.039073
     0.14447      1.5245      1.3692    0.081302
      0.1525      1.2348    0.035689    0.023541
     0.22581      1.0185    -0.23802    0.008513
     0.22581      1.0185    -0.23802    0.008513
     0.31305     0.83137    -0.20889     0.00508
      0.5701      1.0642   -0.069803     0.01834
     0.58474     0.82783    -0.29506   0.0063814
     0.85665     0.83898    -0.17501    0.012069
     0.77078     0.72971    -0.37607   0.0057745
     0.50453     0.68106    -0.23506   0.0050147
      0.6201     0.67107    -0.34665    0.003131
      0.6201     0.67107    -0.34665    0.003131
     0.88903     0.59858    -0.41083   0.0034473
      1.0094     0.53425    -0.21208   0.0038411
      1.0734     0.60178    -0.11917   0.0090717
      1.0734     0.60178    -0.11917   0.0090717
      1.0991     0.61589     -0.0437    0.010609
      1.3109     0.68827      1.0875    0.026561
      1.3604     0.55649     0.99002    0.014962
      1.2646     0.36981     0.88465    0.013304
      1.2646     0.36981     0.88465    0.013304
      1.2646     0.36981     0.88465    0.013304
      1.4511     0.47102      1.4646    0.013904
      1.4511     0.47102      1.4646    0.013904
      1.4511     0.47102      1.4646    0.013904
      1.3427     0.40946     0.95563    0.011651
      1.0514     0.32855     0.99659    0.023912
      0.9829     0.32079      1.1465    0.022633
      0.9829     0.32079      1.1465    0.022633
      0.9829     0.32079      1.1465    0.022633
      0.9829     0.32079      1.1465    0.022633
      1.2098     0.46148     0.33203   0.0057353
      1.2098     0.46148     0.33203   0.0057353
     0.94655     0.55516    -0.32545   0.0032338
     0.94655     0.55516    -0.32545   0.0032338
      1.2343       0.462     0.40839   0.0078296
      1.2343       0.462     0.40839   0.0078296
      1.2343       0.462     0.40839   0.0078296
      1.2343       0.462     0.40839   0.0078296
       1.367     0.52083      0.9806    0.015491
       1.367     0.52083      0.9806    0.015491
      1.0792     0.51661   -0.063802   0.0040162
       1.095     0.59801    -0.07011   0.0075576
     0.82725     0.87262    -0.13249    0.012837
     0.63824     0.68915    -0.35653   0.0032926
     0.59551     0.68747    -0.31886   0.0034194
     0.59551     0.68747    -0.31886   0.0034194
     0.73481     0.66797     -0.4196   0.0029104
     0.73989     0.40187     0.25108    0.014854
     0.73989     0.40187     0.25108    0.014854
     0.73989     0.40187     0.25108    0.014854
     0.86989      0.6978    -0.37067   0.0075258
      1.0944      0.6866    0.021885    0.013187
     0.95951     0.66687    -0.30534   0.0071075
     0.79748     0.79136    -0.30595    0.009552
     0.79748     0.79136    -0.30595    0.009552
     0.54166      0.8357    -0.27627   0.0063156
     0.75864      1.0811     0.22038    0.030789
     0.85226      1.1388     0.75171    0.047919
     0.58833     0.88345    -0.26231   0.0088193
     0.58833     0.88345    -0.26231   0.0088193
     0.86561     0.76571    -0.29318    0.010617
      1.0681     0.87705     0.53351    0.026738
     0.88022      1.0496     0.48532    0.038627
     0.77181     0.94727   -0.068688    0.017943
     0.77181     0.94727   -0.068688    0.017943
     0.95473     0.77657    -0.13381    0.014739
      1.0635     0.73958    0.034062    0.015244
     0.89541      0.6484    -0.39657   0.0049837
     0.75929     0.57918    -0.42414   0.0029405
      0.5149     0.65219    -0.22618   0.0044065
     0.76937     0.86996    -0.21942    0.012046
     0.76937     0.86996    -0.21942    0.012046
     0.85582     0.79005    -0.26026    0.010429
     0.75758     0.79411    -0.30341   0.0095327
     0.49928     0.86547    -0.27599   0.0064119
     0.38167      0.8803    -0.25466   0.0054433
    0.095509     0.79912    -0.11074    0.005992
   -0.011649     0.84012    -0.16337   0.0051343
    0.067399     0.78231   -0.078998   0.0058354
     0.32482     0.50374     0.28793   0.0081571
     0.23192     0.70202   -0.004598   0.0065869
     0.42957      0.8964    -0.26248   0.0060024
     0.31417      1.1156    -0.16169    0.014199
     0.16961     0.85296    -0.18881   0.0054844
    -0.10245     0.63326     0.22097   0.0081577
    -0.28196     0.65763    0.031202    0.006755
    -0.21416     0.42895     0.82726    0.012648
   -0.092426     0.66816     0.13217   0.0075189
    0.068547     0.68924    0.093491   0.0076568
   -0.011481     0.81219    -0.11953   0.0048505
   -0.011481     0.81219    -0.11953   0.0048505
   -0.011481     0.81219    -0.11953   0.0048505
    -0.27519     0.81909    -0.18621   0.0048153
    -0.15128     0.59304     0.29651   0.0094254
   -0.092111     0.42714      1.0964    0.018076
     0.14374     0.55609     0.43563   0.0098809
     0.10216     0.46869     0.83635    0.013559
   -0.095757      0.7635   -0.049356   0.0060702
    0.051744     0.68173     0.11481   0.0067131
     0.27771     0.87402    -0.22999   0.0044301
    0.018765     0.73533  0.00067061   0.0065789
     0.31499     0.68833   -0.046275   0.0061228
     0.39217     0.61437   -0.023754   0.0053307
     0.64883     0.44346   -0.077819   0.0088764
      0.8921     0.56278    -0.38414   0.0031634
     0.92573     0.60843    -0.38233   0.0042034
     0.92573     0.60843    -0.38233   0.0042034
     0.92573     0.60843    -0.38233   0.0042034
     0.92573     0.60843    -0.38233   0.0042034
     0.92573     0.60843    -0.38233   0.0042034
     0.92573     0.60843    -0.38233   0.0042034
     0.67588     0.50348    -0.29133   0.0052211
     0.67588     0.50348    -0.29133   0.0052211
     0.72713     0.57061    -0.40945   0.0029815
     0.72713     0.57061    -0.40945   0.0029815
     0.92283     0.51953    -0.28253   0.0044332
     0.68923     0.31995      1.2776    0.022807
     0.68923     0.31995      1.2776    0.022807
     0.68923     0.31995      1.2776    0.022807
     0.68923     0.31995      1.2776    0.022807
      0.8119     0.51884    -0.33837   0.0045426
      0.8119     0.51884    -0.33837   0.0045426
       1.092     0.73741      0.1152    0.014268
       1.092     0.73741      0.1152    0.014268
      1.0614     0.45763    0.080028   0.0063285
      1.0614     0.45763    0.080028   0.0063285
      1.0614     0.45763    0.080028   0.0063285
      1.0037     0.44445    0.077241   0.0085221
      1.2163     0.61266     0.33414    0.013781
      1.0888     0.73036     0.15544    0.016392
       1.037      0.5566    -0.19916   0.0039829
      0.8345     0.71055    -0.37512   0.0065246
      0.5704     0.96458    -0.19633    0.011182
     0.51092      1.0982    0.011195    0.034077
     0.43422      1.3711      0.7486    0.052094
     0.17231      1.5965      1.7898    0.091238
     0.17231      1.5965      1.7898    0.091238
    0.073157      1.4958      1.1401    0.066634
    0.091688      1.2381    0.046652    0.024875
     0.26942      1.3126     0.26505    0.030647
    0.075767       1.015    -0.25244   0.0067772
    0.076061      1.0794    -0.22392    0.010401
    -0.10172       1.038    -0.22928    0.010011
    -0.27156       1.068     -0.2203   0.0098003
    -0.28615     0.88594    -0.22985   0.0051002
   -0.014758      1.0904    -0.21306    0.010031
    -0.09758      0.8548    -0.17974    0.005164
    -0.18716     0.60565     0.22077   0.0087065
    0.050305      0.3858      1.4614    0.023454
    0.050305      0.3858      1.4614    0.023454
    -0.17411     0.46218     0.76477    0.011696
    -0.17411     0.46218     0.76477    0.011696
   -0.049264     0.40822      1.2644    0.019584
    -0.14201     0.23656      3.0038    0.047061
    0.025503     0.27856      3.1205    0.047298
   -0.071742     0.51805     0.62705    0.010772
    -0.16645     0.79257    -0.11751   0.0071693
    0.013407     0.63243     0.23547   0.0086097
    0.013407     0.63243     0.23547   0.0086097
    0.029953     0.91571    -0.22372   0.0066725
    -0.24007      1.0986    -0.15837    0.017064
    -0.50874      1.1489    0.063522    0.021319
    -0.79129     0.93758   -0.063951    0.018088
    -0.96129      0.9624     0.38908    0.033161
     -0.7656     0.73224    -0.37668   0.0056976
    -0.91726     0.80422    -0.15147    0.013512
    -0.80754      1.0671     0.27116     0.02981
    -0.80754      1.0671     0.27116     0.02981
    -0.61643      0.9624     -0.1773     0.01198
    -0.47348     0.98305    -0.23202    0.010194
    -0.38075      1.0505    -0.20193    0.013025
    -0.45317     0.94104     -0.2519   0.0090724
    -0.16904       1.156    -0.10547    0.018167
    -0.16904       1.156    -0.10547    0.018167
    -0.35092      1.4004     0.79281    0.066011
    -0.37758      1.4041     0.85605    0.061143
    -0.56904      1.2347     0.37394    0.036072
    -0.64914      1.4679      1.7905    0.070531
    -0.94768      1.5695      4.6919     0.19747
     -1.0065      1.4442      3.8733     0.13667
     -1.2652      1.5059      7.2619     0.24355
     -1.2652      1.5059      7.2619     0.24355
     -1.2652      1.5059      7.2619     0.24355
     -1.2652      1.5059      7.2619     0.24355
    -0.99687      1.6516      6.0384     0.20049
    -0.71513      1.7745      5.9502     0.26266
     -1.0061      1.6955      7.4908     0.31568
    -0.72866      1.5512      2.8228     0.11851
    -0.73049      1.2914      1.0748    0.090217
    -0.62281      1.4408      1.6098    0.084269
    -0.52364      1.6581      3.1392     0.18061
    -0.52364      1.6581      3.1392     0.18061
    -0.41372      1.3743     0.70049    0.047636
    -0.41372      1.3743     0.70049    0.047636
    -0.41372      1.3743     0.70049    0.047636
    -0.41372      1.3743     0.70049    0.047636
    -0.54935      1.3377     0.77534    0.044742
    -0.54935      1.3377     0.77534    0.044742
    -0.40099      1.4725      1.2397    0.075763
    -0.20465      1.4905      1.1522    0.076473
    -0.37251      1.6506      2.7513     0.12424
    -0.39739      1.6128      2.6918     0.13398
    -0.16075      1.4164     0.61955    0.045118
    -0.41841       1.534      1.8439     0.11002
    -0.41841       1.534      1.8439     0.11002
    -0.29257      1.3965     0.70911    0.051556
    -0.29257      1.3965     0.70911    0.051556
   -0.041353      1.1524    -0.12628    0.013272
    0.047218      1.3761     0.45629    0.059159
     0.28078      1.3185     0.26888    0.031572
     0.42781      1.2497     0.24045    0.032911
     0.42781      1.2497     0.24045    0.032911
