     ACCEPTANCE:
      0.85149
      0.85294
      0.85437
      0.85577
      0.85714
      0.85849
      0.85981
      0.86111
      0.86239
      0.86364
      0.86486
      0.86607
      0.86726
      0.86842
      0.86087
      0.85345
       0.8547
      0.85593
      0.85714
      0.85833
       0.8595
      0.86066
      0.86179
      0.85484
        0.848
      0.84921
      0.84252
      0.84375
      0.84496
      0.84615
      0.84733
      0.84848
      0.84962
      0.85075
      0.85185
      0.85294
      0.85401
      0.85507
      0.85612
      0.85714
      0.85106
      0.84507
      0.84615
      0.84722
      0.84828
      0.84247
      0.84354
      0.84459
      0.84564
      0.84667
      0.84768
      0.84868
      0.84967
      0.85065
      0.85161
      0.85256
       0.8535
      0.85443
      0.85535
      0.85625
      0.85714
      0.85802
       0.8589
      0.85976
      0.86061
      0.86145
      0.86228
       0.8631
      0.86391
      0.86471
       0.8655
      0.86628
      0.86705
      0.86782
      0.86857
      0.86932
      0.87006
      0.87079
      0.87151
      0.87222
      0.87293
      0.86813
      0.86339
      0.86413
      0.86486
      0.86559
      0.86631
      0.86702
      0.86243
      0.86316
      0.86387
      0.85938
      0.85492
      0.85567
      0.85641
      0.85714
      0.85787
      0.85859
       0.8593
         0.86
       0.8607
      0.86139
      0.86207
      0.86275
      0.86341
      0.86408
      0.86473
      0.86538
      0.86603
      0.86667
       0.8673
      0.86792
      0.86854
      0.86449
      0.86047
      0.86111
      0.85714
       0.8578
      0.85845
      0.85909
      0.85973
      0.86036
      0.86099
      0.86161
      0.86222
      0.86283
      0.86344
      0.86404
      0.86463
      0.86522
      0.86147
      0.86207
      0.86266
      0.86325
      0.86383
      0.86441
      0.86498
      0.86555
      0.86611
      0.86667
      0.86722
      0.86777
      0.86831
      0.86885
      0.86531
      0.86585
       0.8664
      0.86694
      0.86345
        0.864
      0.86454
      0.86508
      0.86561
      0.86614
      0.86667
      0.86719
       0.8677
      0.86822
      0.86873
      0.86923
      0.86973
      0.87023
      0.87072
      0.86742
      0.86415
      0.86466
      0.86517
      0.86567
      0.86617
      0.86296
      0.86347
      0.86397
      0.86081
      0.86131
      0.86182
       0.8587
      0.85921
      0.85971
      0.85663
      0.85714
      0.85765
      0.85816
      0.85512
      0.85563
      0.85614
      0.85664
      0.85714
      0.85417
      0.85467
      0.85517
      0.85567
      0.85616
      0.85324
      0.85034
      0.85085
      0.85135
      0.85185
      0.85235
      0.85284
         0.85
       0.8505
      0.85099
      0.85149
      0.85197
      0.85246
      0.85294
      0.85342
      0.85065
       0.8479
      0.84516
      0.84244
      0.83974
      0.84026
      0.83758
       0.8381
      0.83861
      0.83596
      0.83648
      0.83699
       0.8375
      0.83801
      0.83851
      0.83901
      0.83642
      0.83692
      0.83742
      0.83792
      0.83537
      0.83587
      0.83333
      0.83384
      0.83133
      0.83183
      0.82934
      0.82985
      0.83036
      0.82789
       0.8284
      0.82891
      0.82941
      0.82991
      0.82749
      0.82799
      0.82558
      0.82319
       0.8237
      0.82421
      0.82184
      0.82235
      0.82286
      0.82336
      0.82386
      0.82436
      0.82486
      0.82535
      0.82584
      0.82633
      0.82682
       0.8273
      0.82778
      0.82825
      0.82873
       0.8292
      0.82967
      0.83014
      0.82787
      0.82834
       0.8288
      0.82927
      0.82973
      0.83019
      0.82796
      0.82574
      0.82353
        0.824
      0.82447
      0.82493
       0.8254
      0.82586
      0.82368
      0.82415
      0.82461
      0.82507
      0.82552
      0.82597
      0.82383
      0.82429
      0.82474
      0.82519
      0.82564
      0.82609
      0.82653
      0.82443
      0.82234
      0.82025
      0.82071
      0.82116
       0.8191
      0.81955
         0.82
      0.82045
      0.81841
      0.81886
      0.81931
      0.81975
       0.8202
      0.82064
      0.82108
      0.82152
      0.82195
      0.82238
      0.82282
      0.82324
      0.82367
      0.82169
      0.82212
      0.82254
      0.82297
        0.821
      0.82143
      0.82185
      0.81991
      0.82033
       0.8184
      0.81882
       0.8169
      0.81733
      0.81542
      0.81585
      0.81628
      0.81671
      0.81713
      0.81755
      0.81797
      0.81839
      0.81881
      0.81922
      0.81963
      0.82005
      0.82045
      0.81859
      0.81674
      0.81716
      0.81757
      0.81798
      0.81839
      0.81879
       0.8192
       0.8196
         0.82
       0.8204
       0.8208
      0.82119
      0.82159
      0.81978
      0.81798
      0.81838
      0.81659
      0.81481
      0.81304
      0.81345
      0.81385
      0.81425
      0.81466
      0.81505
      0.81545
       0.8137
       0.8141
       0.8145
      0.81489
      0.81529
      0.81568
      0.81607
      0.81646
      0.81684
      0.81513
      0.81342
      0.81381
      0.81211
       0.8125
      0.81289
      0.81328
      0.81366
      0.81405
      0.81443
      0.81481
       0.8152
      0.81557
      0.81391
      0.81429
      0.81466
      0.81504
      0.81339
      0.81377
      0.81414
      0.81452
      0.81489
      0.81526
      0.81563
        0.816
      0.81637
      0.81673
      0.81511
      0.81349
      0.81188
      0.81028
      0.81065
      0.81102
      0.81139
      0.81176
      0.81018
      0.81055
      0.81092
      0.81128
      0.80971
      0.81008
      0.81044
      0.81081
      0.80925
      0.80769
      0.80614
       0.8046
      0.80497
      0.80344
       0.8019
      0.80228
      0.80266
      0.80114
      0.80151
      0.80189
      0.80226
      0.80075
      0.79925
      0.79963
          0.8
      0.80037
      0.79888
      0.79926
      0.79777
      0.79815
      0.79667
      0.79705
      0.79742
      0.79779
      0.79817
       0.7967
      0.79707
      0.79745
      0.79781
      0.79818
      0.79855
      0.79891
      0.79928
      0.79964
          0.8
      0.80036
      0.80072
      0.80108
      0.80143
          0.8
      0.80036
      0.80071
      0.80107
      0.80142
      0.80177
      0.80212
      0.80071
      0.80106
      0.79965
          0.8
       0.7986
       0.7972
      0.79756
      0.79791
      0.79826
      0.79861
      0.79896
      0.79931
      0.79965
          0.8
      0.80034
      0.80069
      0.80103
      0.80137
      0.80171
      0.80205
      0.80239
      0.80102
      0.80136
      0.80169
      0.80203
      0.80068
      0.79933
      0.79966
          0.8
      0.80034
      0.79899
      0.79766
        0.798
      0.79833
      0.79867
        0.799
      0.79768
      0.79801
      0.79835
      0.79868
      0.79736
       0.7977
      0.79639
      0.79672
      0.79705
      0.79575
      0.79608
      0.79642
      0.79512
      0.79383
      0.79417
       0.7945
      0.79321
      0.79355
      0.79388
      0.79421
      0.79454
      0.79487
       0.7936
      0.79393
      0.79426
      0.79459
      0.79491
      0.79524
      0.79556
       0.7943
      0.79305
      0.79338
       0.7937
      0.79403
      0.79278
       0.7931
      0.79186
      0.79219
      0.79095
      0.78972
      0.79005
      0.78882
      0.78915
      0.78947
      0.78825
      0.78704
      0.78737
      0.78615
      0.78648
      0.78681
      0.78714
      0.78746
      0.78779
      0.78811
      0.78691
      0.78571
      0.78604
      0.78636
      0.78669
       0.7855
      0.78582
      0.78464
      0.78346
      0.78378
      0.78411
      0.78443
      0.78475
      0.78507
       0.7839
      0.78423
      0.78455
      0.78338
       0.7837
      0.78254
      0.78139
      0.78171
      0.78203
      0.78088
      0.77974
      0.78006
      0.77892
      0.77778
       0.7781
      0.77697
      0.77729
      0.77762
      0.77794
      0.77826
      0.77713
      0.77601
      0.77633
      0.77666
      0.77698
       0.7773
      0.77762
      0.77794
      0.77825
      0.77714
      0.77746
      0.77635
      0.77667
      0.77699
      0.77589
       0.7762
      0.77652
      0.77684
      0.77715
      0.77746
      0.77778
      0.77809
       0.7784
      0.77871
      0.77902
      0.77933
      0.77964
      0.77994
      0.78025
      0.78056
      0.78086
      0.78116
      0.78008
      0.77901
      0.77931
      0.77961
      0.77992
      0.77885
      0.77915
      0.77945
      0.77975
      0.77869
      0.77899
      0.77929
      0.77959
      0.77989
      0.78019
      0.78049
      0.78078
      0.78108
      0.78138
      0.78167
      0.78197
      0.78226
      0.78255
      0.78284
      0.78313
      0.78342
      0.78371
        0.784
      0.78429
      0.78324
      0.78353
      0.78382
      0.78411
      0.78307
      0.78336
      0.78364
      0.78393
      0.78289
      0.78187
      0.78215
      0.78113
       0.7801
      0.77908
      0.77937
      0.77966
      0.77995
      0.78023
      0.78052
       0.7808
      0.78109
      0.78137
      0.78165
      0.78194
      0.78222
       0.7825
      0.78149
      0.78177
      0.78077
      0.78105
      0.78005
      0.78033
      0.78061
      0.78089
      0.78117
      0.78145
      0.78173
        0.782
      0.78228
      0.78255
      0.78283
       0.7831
      0.78338
      0.78239
      0.78141
      0.78168
      0.78195
      0.78223
       0.7825
      0.78277
      0.78304
      0.78331
      0.78358
      0.78385
      0.78412
      0.78439
      0.78465
      0.78492
      0.78519
      0.78545
      0.78448
      0.78475
      0.78501
      0.78528
      0.78554
       0.7858
      0.78606
      0.78632
      0.78659
      0.78685
       0.7871
      0.78736
      0.78762
      0.78667
      0.78692
      0.78718
      0.78744
       0.7877
      0.78795
      0.78821
      0.78846
      0.78752
      0.78777
      0.78802
      0.78828
      0.78853
      0.78878
      0.78784
       0.7881
      0.78835
       0.7886
      0.78885
       0.7891
      0.78935
       0.7896
      0.78985
      0.79009
      0.79034
      0.79059
      0.79083
      0.78991
      0.79015
       0.7904
      0.79064
      0.79089
      0.79113
      0.79138
      0.79162
      0.79186
       0.7921
      0.79234
      0.79258
      0.79282
      0.79306
       0.7933
      0.79354
      0.79378
      0.79402
       0.7931
      0.79219
      0.79243
      0.79267
      0.79291
      0.79314
      0.79338
      0.79247
      0.79271
      0.79295
      0.79205
      0.79228
      0.79252
      0.79275
      0.79299
      0.79322
      0.79345
      0.79369
      0.79392
      0.79415
      0.79438
      0.79349
      0.79372
      0.79395
      0.79418
      0.79441
      0.79464
      0.79487
       0.7951
      0.79422
      0.79444
      0.79467
       0.7949
      0.79402
      0.79425
      0.79448
       0.7947
      0.79493
      0.79405
      0.79318
      0.79341
      0.79254
      0.79167
      0.79189
      0.79212
      0.79235
      0.79148
      0.79062
      0.78976
      0.78999
      0.78913
      0.78936
       0.7885
      0.78873
      0.78788
      0.78703
      0.78618
      0.78641
      0.78556
      0.78579
      0.78602
      0.78625
      0.78648
      0.78671
      0.78587
       0.7861
      0.78632
      0.78549
      0.78465
      0.78488
      0.78511
      0.78533
      0.78556
      0.78473
      0.78496
      0.78519
      0.78541
      0.78564
      0.78481
      0.78504
      0.78526
      0.78549
      0.78571
      0.78489
      0.78512
      0.78534
      0.78556
      0.78579
      0.78601
      0.78624
      0.78542
      0.78564
      0.78586
      0.78609
      0.78631
      0.78653
      0.78675
      0.78697
      0.78719
      0.78741
      0.78763
      0.78785
      0.78807
      0.78828
       0.7885
      0.78872
      0.78893
      0.78915
      0.78937
      0.78856
      0.78776
      0.78797
      0.78819
       0.7884
      0.78862
      0.78883
      0.78905
      0.78926
      0.78947
      0.78969
       0.7899
      0.79011
      0.79032
      0.79053
      0.79074
      0.78995
      0.78916
      0.78837
      0.78758
      0.78679
        0.787
      0.78621
      0.78643
      0.78564
      0.78586
      0.78607
      0.78529
      0.78451
      0.78373
      0.78394
      0.78317
      0.78338
      0.78261
      0.78282
      0.78205
      0.78128
       0.7815
      0.78171
      0.78193
      0.78214
      0.78235
      0.78257
      0.78278
      0.78299
       0.7832
      0.78244
      0.78265
      0.78286
      0.78307
      0.78328
       0.7835
      0.78371
      0.78391
      0.78412
      0.78433
      0.78454
      0.78475
      0.78496
       0.7842
      0.78441
      0.78365
      0.78386
      0.78407
      0.78428
      0.78448
      0.78469
      0.78489
      0.78415
      0.78435
      0.78456
      0.78476
      0.78497
      0.78517
      0.78538
      0.78558
      0.78578
      0.78504
      0.78524
      0.78544
      0.78565
      0.78585
      0.78605
      0.78531
      0.78551
      0.78571
      0.78592
      0.78612
      0.78632
      0.78652
      0.78672
      0.78598
      0.78525
      0.78451
      0.78472
      0.78492
      0.78512
      0.78532
      0.78552
      0.78571
      0.78591
      0.78519
      0.78538
      0.78466
      0.78393
      0.78321
      0.78341
      0.78269
      0.78289
      0.78309
      0.78329
      0.78349
      0.78368
      0.78388
      0.78317
      0.78336
      0.78265
      0.78285
      0.78304
      0.78324
      0.78344
      0.78273
