     ACCEPTANCE:
      0.59406
      0.59804
      0.60194
      0.60577
      0.60952
      0.61321
      0.61682
      0.62037
      0.61468
      0.61818
      0.62162
        0.625
      0.62832
      0.63158
      0.62609
      0.62069
      0.62393
      0.62712
      0.62185
      0.61667
      0.61157
      0.61475
      0.60976
      0.60484
          0.6
      0.60317
      0.59843
      0.60156
      0.60465
      0.60769
      0.61069
      0.61364
      0.61654
       0.6194
      0.62222
      0.61765
      0.62044
      0.62319
       0.6259
      0.62857
      0.62411
      0.61972
      0.62238
      0.61806
      0.62069
      0.61644
      0.61905
      0.61486
      0.61745
         0.62
      0.62252
      0.61842
      0.62092
      0.61688
      0.61935
      0.61538
      0.61146
      0.60759
      0.60377
          0.6
      0.60248
      0.59877
      0.60123
      0.60366
      0.60606
      0.60241
       0.5988
      0.60119
      0.59763
          0.6
      0.59649
      0.59302
      0.59538
      0.59195
      0.59429
      0.59091
      0.59322
      0.59551
      0.59218
      0.58889
      0.58564
      0.58242
      0.57923
      0.58152
      0.57838
      0.57527
      0.57754
      0.57979
      0.57672
      0.57895
      0.57592
      0.57292
      0.56995
      0.57216
      0.56923
      0.57143
       0.5736
      0.57576
      0.57789
         0.58
      0.57711
      0.57921
      0.58128
      0.58333
      0.58049
      0.58252
      0.58454
      0.58173
      0.57895
      0.57619
      0.57346
      0.57075
      0.57277
      0.57009
      0.56744
      0.56944
      0.56682
      0.56881
      0.56621
      0.56364
      0.56109
      0.55856
      0.55605
      0.55357
      0.55111
       0.5531
      0.55066
      0.54825
      0.55022
      0.55217
      0.54978
      0.54741
      0.54506
      0.54701
      0.54894
      0.54661
       0.5443
      0.54622
      0.54812
      0.54583
      0.54772
      0.54959
      0.55144
      0.55328
      0.55102
      0.55285
      0.55061
      0.55242
      0.55422
        0.556
      0.55378
      0.55556
      0.55336
      0.55118
      0.54902
      0.54688
      0.54864
      0.55039
      0.54826
      0.54615
      0.54406
      0.54198
      0.53992
      0.53788
      0.53585
      0.53383
      0.53184
      0.53358
      0.53532
      0.53333
      0.53506
      0.53309
      0.53114
      0.53285
      0.53455
      0.53261
       0.5343
      0.53597
      0.53405
      0.53214
      0.53381
      0.53546
      0.53357
      0.53521
      0.53684
      0.53846
      0.54007
      0.54167
      0.54325
      0.54483
      0.54639
      0.54452
      0.54266
      0.54082
      0.54237
      0.54392
      0.54545
      0.54362
      0.54515
      0.54333
      0.54153
      0.53974
      0.54125
      0.53947
      0.54098
      0.53922
      0.53746
      0.53571
      0.53398
      0.53226
      0.53055
      0.52885
      0.53035
      0.52866
      0.53016
      0.53165
      0.53312
      0.53145
      0.53292
      0.53438
      0.53271
      0.53416
      0.53251
      0.53086
      0.53231
      0.53067
      0.53211
      0.53354
      0.53495
      0.53636
      0.53776
      0.53614
      0.53453
      0.53293
      0.53134
      0.52976
      0.53116
      0.52959
      0.53097
      0.53235
      0.53372
      0.53216
      0.53061
      0.52907
      0.52754
      0.52601
      0.52738
      0.52874
      0.53009
      0.52857
      0.52707
      0.52841
      0.52691
      0.52542
      0.52394
      0.52247
      0.52381
      0.52514
      0.52646
      0.52778
      0.52909
      0.52762
      0.52893
      0.53022
      0.52877
      0.52732
      0.52861
      0.52717
      0.52846
      0.52703
       0.5283
      0.52688
      0.52547
      0.52406
      0.52533
       0.5266
       0.5252
      0.52646
      0.52507
      0.52368
      0.52231
      0.52094
      0.51958
      0.51823
      0.51948
      0.52073
      0.52196
       0.5232
      0.52442
      0.52308
       0.5243
      0.52296
      0.52417
      0.52284
      0.52405
      0.52273
      0.52141
       0.5201
       0.5188
       0.5175
       0.5187
      0.51741
      0.51861
       0.5198
      0.51852
       0.5197
      0.51843
      0.51961
      0.52078
      0.51951
      0.51825
      0.51942
      0.51816
      0.51932
      0.51807
      0.51923
      0.52038
      0.51914
       0.5179
      0.51905
      0.51781
      0.51659
      0.51773
      0.51651
      0.51529
      0.51408
      0.51522
      0.51402
      0.51515
      0.51628
      0.51508
      0.51389
      0.51501
      0.51613
      0.51494
      0.51606
      0.51487
       0.5137
      0.51253
      0.51136
       0.5102
      0.50905
       0.5079
      0.50901
      0.50787
      0.50673
      0.50783
      0.50893
      0.51002
      0.50889
      0.50998
      0.51106
      0.51214
      0.51101
      0.50989
      0.51096
      0.51204
      0.51092
       0.5098
       0.5087
      0.50976
      0.50866
      0.50972
      0.50862
      0.50968
      0.51073
      0.50964
      0.51068
      0.51173
      0.51277
       0.5138
      0.51271
      0.51374
      0.51477
      0.51579
      0.51471
      0.51363
      0.51464
      0.51566
      0.51458
      0.51559
       0.5166
       0.5176
       0.5186
      0.51959
      0.52058
      0.52156
      0.52254
      0.52147
      0.52245
      0.52342
      0.52236
       0.5213
      0.52227
      0.52323
      0.52419
      0.52515
       0.5261
      0.52705
        0.528
      0.52695
      0.52789
      0.52684
      0.52579
      0.52475
      0.52372
      0.52465
      0.52559
      0.52652
      0.52745
      0.52642
      0.52539
      0.52437
      0.52335
      0.52233
      0.52132
      0.52224
      0.52124
      0.52023
      0.51923
      0.51823
      0.51724
      0.51816
      0.51718
      0.51619
      0.51711
      0.51803
      0.51705
      0.51607
      0.51698
      0.51789
      0.51692
      0.51595
      0.51685
      0.51776
      0.51866
      0.51769
      0.51859
      0.51948
      0.52037
      0.51941
       0.5203
      0.52118
      0.52206
      0.52294
      0.52198
      0.52285
      0.52372
      0.52459
      0.52545
      0.52632
      0.52717
      0.52803
      0.52708
      0.52613
      0.52698
      0.52603
      0.52688
      0.52773
      0.52857
      0.52763
      0.52669
      0.52753
      0.52837
       0.5292
      0.53004
       0.5291
      0.52993
        0.529
      0.52982
       0.5289
      0.52972
      0.53054
      0.53136
      0.53043
      0.52951
      0.53033
      0.53114
      0.53022
      0.53103
      0.53012
      0.52921
      0.53002
      0.53082
      0.53162
      0.53072
      0.53152
      0.53231
      0.53141
       0.5322
      0.53299
      0.53378
      0.53288
      0.53367
      0.53445
      0.53523
      0.53434
      0.53344
      0.53422
        0.535
      0.53411
      0.53322
      0.53234
      0.53311
      0.53223
      0.53135
      0.53048
      0.53125
      0.53038
      0.52951
      0.52864
      0.52778
      0.52855
      0.52769
      0.52683
      0.52597
      0.52512
      0.52427
      0.52342
      0.52258
      0.52174
      0.52251
      0.52167
      0.52244
       0.5216
      0.52077
      0.52153
      0.52229
      0.52146
      0.52222
      0.52298
      0.52215
      0.52133
       0.5205
      0.51969
      0.52044
      0.51962
      0.51881
        0.518
      0.51875
      0.51794
      0.51713
      0.51788
      0.51708
      0.51783
      0.51858
      0.51932
      0.51852
      0.51926
      0.51846
       0.5192
      0.51994
      0.52067
      0.52141
      0.52214
      0.52287
      0.52207
      0.52128
        0.522
      0.52273
      0.52194
      0.52115
      0.52187
      0.52108
       0.5203
      0.52102
      0.52024
      0.52096
      0.52018
       0.5209
      0.52012
      0.52083
      0.52155
      0.52077
      0.52148
      0.52071
      0.51994
      0.52065
      0.51988
      0.52059
      0.51982
      0.51906
       0.5183
      0.51754
      0.51679
      0.51603
      0.51674
      0.51599
      0.51524
      0.51594
       0.5152
      0.51445
      0.51515
      0.51585
      0.51655
      0.51724
       0.5165
      0.51576
      0.51502
      0.51571
      0.51641
      0.51567
      0.51494
      0.51562
      0.51631
        0.517
      0.51627
      0.51695
      0.51763
      0.51831
      0.51758
      0.51685
      0.51753
      0.51821
      0.51888
      0.51955
      0.52022
      0.52089
      0.52156
      0.52222
       0.5215
      0.52078
      0.52006
      0.51934
         0.52
      0.52066
      0.52132
       0.5206
      0.51989
      0.52055
      0.51984
      0.51913
      0.51978
      0.52044
      0.52109
      0.52174
      0.52239
      0.52168
      0.52097
      0.52027
      0.51957
      0.51887
      0.51952
      0.51882
      0.51812
      0.51743
      0.51673
      0.51604
      0.51669
      0.51733
      0.51664
      0.51596
      0.51527
      0.51592
      0.51656
      0.51587
      0.51519
      0.51583
      0.51647
      0.51579
      0.51511
      0.51444
      0.51376
      0.51309
      0.51242
      0.51175
      0.51108
      0.51172
      0.51105
      0.51169
      0.51232
      0.51295
      0.51358
      0.51421
      0.51484
      0.51418
       0.5148
      0.51414
      0.51476
       0.5141
      0.51472
      0.51407
      0.51469
      0.51531
      0.51592
      0.51654
      0.51715
       0.5165
      0.51584
      0.51646
      0.51707
      0.51768
      0.51702
      0.51637
      0.51572
      0.51508
      0.51568
      0.51629
       0.5169
       0.5175
       0.5181
       0.5187
      0.51806
      0.51741
      0.51801
      0.51861
      0.51921
      0.51856
      0.51916
      0.51975
      0.52035
       0.5197
      0.51907
      0.51966
      0.52025
      0.52083
      0.52142
        0.522
      0.52259
      0.52317
      0.52375
      0.52311
      0.52248
      0.52306
      0.52364
        0.523
      0.52358
      0.52295
      0.52352
       0.5241
      0.52467
      0.52524
      0.52461
      0.52518
      0.52575
      0.52632
      0.52688
      0.52745
      0.52682
      0.52738
      0.52794
      0.52732
      0.52788
      0.52844
      0.52781
      0.52837
      0.52893
      0.52948
      0.53004
      0.53059
      0.52996
      0.53052
      0.53107
      0.53162
      0.53099
      0.53154
      0.53092
       0.5303
      0.53085
       0.5314
      0.53194
      0.53248
      0.53187
      0.53125
      0.53179
      0.53233
      0.53172
      0.53226
       0.5328
      0.53218
      0.53157
      0.53096
       0.5315
      0.53089
      0.53029
      0.52968
      0.52908
      0.52961
      0.53015
      0.52955
      0.52894
      0.52948
      0.53001
      0.52941
      0.52994
      0.53047
        0.531
      0.53041
      0.53093
      0.53146
      0.53086
      0.53027
       0.5308
      0.53132
      0.53184
      0.53237
      0.53289
      0.53341
      0.53281
      0.53222
      0.53163
      0.53215
      0.53156
      0.53208
      0.53149
      0.53091
      0.53032
      0.52974
      0.52915
      0.52857
      0.52799
      0.52741
      0.52683
      0.52735
      0.52787
      0.52729
      0.52672
      0.52614
      0.52666
      0.52609
       0.5266
      0.52711
      0.52654
      0.52597
      0.52541
      0.52484
      0.52427
      0.52371
      0.52422
      0.52473
      0.52524
      0.52468
      0.52519
       0.5257
       0.5262
      0.52671
      0.52615
      0.52559
      0.52609
       0.5266
       0.5271
       0.5276
      0.52704
      0.52754
      0.52698
      0.52643
      0.52693
      0.52637
      0.52687
      0.52737
      0.52681
      0.52731
      0.52676
      0.52621
       0.5267
      0.52615
      0.52665
      0.52714
      0.52763
      0.52708
      0.52758
      0.52807
      0.52856
      0.52905
      0.52953
      0.53002
      0.53051
      0.52996
      0.52941
       0.5299
      0.52935
      0.52984
      0.53032
      0.52977
      0.52923
      0.52869
      0.52917
      0.52965
      0.52911
      0.52959
      0.52905
      0.52851
      0.52798
      0.52846
      0.52893
      0.52941
      0.52989
      0.53036
      0.53084
      0.53131
      0.53179
      0.53125
      0.53172
      0.53219
      0.53166
      0.53112
      0.53059
      0.53006
      0.52953
         0.53
      0.52947
      0.52994
      0.52941
      0.52988
      0.53035
      0.52982
      0.52929
      0.52877
      0.52924
      0.52871
      0.52918
      0.52866
      0.52912
      0.52959
      0.52906
      0.52953
      0.52999
      0.53045
      0.53091
      0.53137
      0.53183
      0.53131
      0.53079
      0.53027
      0.52976
      0.53021
       0.5297
      0.53016
      0.53061
      0.53107
      0.53152
      0.53198
      0.53243
      0.53288
      0.53237
      0.53185
      0.53134
      0.53179
      0.53224
      0.53173
      0.53122
      0.53167
      0.53212
      0.53257
      0.53206
      0.53155
        0.532
      0.53149
      0.53098
      0.53143
      0.53092
      0.53042
      0.53086
      0.53131
      0.53175
      0.53125
      0.53169
      0.53119
      0.53069
      0.53113
      0.53157
      0.53107
      0.53057
      0.53102
      0.53146
      0.53189
       0.5314
      0.53184
      0.53134
      0.53084
      0.53035
      0.52985
      0.53029
       0.5298
      0.53023
      0.53067
      0.53018
      0.53061
      0.53105
      0.53056
      0.53099
      0.53142
      0.53186
      0.53137
       0.5318
      0.53131
      0.53174
      0.53217
      0.53168
      0.53211
      0.53162
      0.53205
      0.53156
      0.53199
      0.53151
      0.53102
      0.53054
      0.53097
      0.53048
      0.53091
