     MU:      SIGMA:     E_MEASURED:    ERROR:
    -0.78802     0.65591     -0.4301   0.0035242
    -0.68691     0.95446    -0.16173    0.015015
    -0.51685     0.99475    -0.18629    0.012969
    -0.58387     0.79649    -0.30501   0.0053534
    -0.35883     0.68228   -0.082255   0.0059405
    -0.23077      0.9119    -0.22988   0.0053459
    -0.12626      0.8856    -0.21209   0.0050132
     0.12452     0.96668     -0.2579   0.0062146
     0.12452     0.96668     -0.2579   0.0062146
     0.22419     0.75035    -0.08202   0.0063485
   -0.050156      1.0298    -0.24323    0.009517
      0.0352      1.2161   -0.082478    0.018127
    -0.10524      1.0671     -0.2387    0.011322
   -0.048987     0.82777    -0.14344   0.0050486
   -0.048987     0.82777    -0.14344   0.0050486
   -0.048987     0.82777    -0.14344   0.0050486
   0.0017954      1.0682    -0.23526    0.010543
     0.27132      1.0265    -0.23999   0.0091331
     0.27132      1.0265    -0.23999   0.0091331
     0.27132      1.0265    -0.23999   0.0091331
     0.27132      1.0265    -0.23999   0.0091331
     0.54137      1.0327    -0.14469    0.017119
     0.54137      1.0327    -0.14469    0.017119
     0.54137      1.0327    -0.14469    0.017119
     0.54137      1.0327    -0.14469    0.017119
     0.31089      1.1079    -0.17043    0.013424
     0.31089      1.1079    -0.17043    0.013424
     0.58154     0.92336    -0.24443   0.0090644
     0.34372      1.0869       -0.14    0.018277
      0.1019      1.2187  -0.0089578    0.022656
     0.10796      1.1484    -0.12087    0.018577
     0.35846     0.98972    -0.21282    0.015702
     0.26509     0.91478    -0.24884   0.0059086
     0.55664     0.75901    -0.29708   0.0042461
     0.80083     0.56908    -0.42467   0.0027389
     0.80083     0.56908    -0.42467   0.0027389
      1.0041     0.60747    -0.27717   0.0054493
     0.91574     0.71927    -0.28219   0.0093808
      1.0195     0.62823    -0.22442   0.0067521
     0.76375     0.91753     -0.1329    0.015792
     0.76375     0.91753     -0.1329    0.015792
     0.76375     0.91753     -0.1329    0.015792
     0.62535     0.68657    -0.34409   0.0036675
     0.62535     0.68657    -0.34409   0.0036675
     0.66005     0.46898    -0.18895   0.0071536
     0.66005     0.46898    -0.18895   0.0071536
     0.57778     0.62302     -0.2958   0.0034233
     0.57778     0.62302     -0.2958   0.0034233
     0.66059      0.4704    -0.18936   0.0073208
     0.82544     0.46655    -0.15285    0.007918
     0.63052     0.66853    -0.35246   0.0034203
     0.63052     0.66853    -0.35246   0.0034203
     0.71186     0.60346    -0.41578   0.0022982
     0.71186     0.60346    -0.41578   0.0022982
     0.72015     0.66218    -0.41269   0.0025465
     0.72015     0.66218    -0.41269   0.0025465
     0.72015     0.66218    -0.41269   0.0025465
     0.72015     0.66218    -0.41269   0.0025465
     0.72015     0.66218    -0.41269   0.0025465
     0.72015     0.66218    -0.41269   0.0025465
     0.79829     0.66482    -0.42163   0.0036562
     0.79829     0.66482    -0.42163   0.0036562
     0.81536     0.80337    -0.26646   0.0098717
     0.84876      0.5645    -0.40767   0.0029694
     0.64716     0.65109    -0.36422   0.0025392
     0.64716     0.65109    -0.36422   0.0025392
     0.64716     0.65109    -0.36422   0.0025392
     0.57221     0.82352    -0.29907   0.0063264
     0.57221     0.82352    -0.29907   0.0063264
     0.59904     0.77094    -0.32264   0.0042837
     0.59904     0.77094    -0.32264   0.0042837
     0.59904     0.77094    -0.32264   0.0042837
     0.76871     0.67436     -0.4171   0.0041482
     0.76871     0.67436     -0.4171   0.0041482
     0.83177     0.65113    -0.43212   0.0038477
     0.83177     0.65113    -0.43212   0.0038477
     0.87965     0.73802    -0.31308   0.0095763
     0.75332     0.52383    -0.36144    0.005366
     0.75332     0.52383    -0.36144    0.005366
     0.75332     0.52383    -0.36144    0.005366
     0.75332     0.52383    -0.36144    0.005366
     0.75332     0.52383    -0.36144    0.005366
     0.75332     0.52383    -0.36144    0.005366
      0.9258     0.56613    -0.35825   0.0031189
      0.9258     0.56613    -0.35825   0.0031189
      0.9258     0.56613    -0.35825   0.0031189
     0.76636     0.65203    -0.43429   0.0029773
     0.80114     0.56742    -0.41979   0.0032273
     0.80114     0.56742    -0.41979   0.0032273
     0.76335     0.58868    -0.43239   0.0023803
     0.76335     0.58868    -0.43239   0.0023803
     0.76335     0.58868    -0.43239   0.0023803
     0.76335     0.58868    -0.43239   0.0023803
     0.46676      0.6555    -0.16704   0.0046708
     0.46676      0.6555    -0.16704   0.0046708
      0.2421     0.83286    -0.17823   0.0060209
     0.28626     0.84717    -0.21382   0.0049199
     0.41693     0.85393    -0.24435    0.005873
     0.57037      1.0322    -0.13493     0.01638
     0.70004     0.95903    -0.11547    0.016129
     0.70004     0.95903    -0.11547    0.016129
     0.80218       0.765    -0.31296   0.0094745
     0.90762     0.62862    -0.39948   0.0039169
      0.8993     0.58613     -0.3937   0.0034052
      0.8993     0.58613     -0.3937   0.0034052
     0.80503     0.52899    -0.36329   0.0050165
     0.87142     0.55653    -0.38892   0.0030772
     0.87142     0.55653    -0.38892   0.0030772
     0.87142     0.55653    -0.38892   0.0030772
     0.87142     0.55653    -0.38892   0.0030772
     0.87142     0.55653    -0.38892   0.0030772
     0.87142     0.55653    -0.38892   0.0030772
     0.87966      0.5517    -0.38199   0.0036151
     0.87966      0.5517    -0.38199   0.0036151
     0.87966      0.5517    -0.38199   0.0036151
     0.82508     0.58397    -0.42865   0.0027388
     0.82508     0.58397    -0.42865   0.0027388
      0.9573     0.62649    -0.34155   0.0054329
      0.9573     0.62649    -0.34155   0.0054329
      0.9573     0.62649    -0.34155   0.0054329
      0.9573     0.62649    -0.34155   0.0054329
      0.9573     0.62649    -0.34155   0.0054329
      0.9573     0.62649    -0.34155   0.0054329
      0.9573     0.62649    -0.34155   0.0054329
      0.9573     0.62649    -0.34155   0.0054329
     0.66636     0.75056    -0.35987    0.005344
     0.66636     0.75056    -0.35987    0.005344
     0.66636     0.75056    -0.35987    0.005344
     0.83794     0.90032    -0.05579    0.016136
     0.58055     0.77846    -0.31104   0.0051881
     0.58055     0.77846    -0.31104   0.0051881
     0.58055     0.77846    -0.31104   0.0051881
     0.58055     0.77846    -0.31104   0.0051881
     0.61346     0.84663    -0.30198    0.006669
     0.80088     0.61217    -0.44807   0.0021132
     0.80088     0.61217    -0.44807   0.0021132
     0.80088     0.61217    -0.44807   0.0021132
     0.78124     0.82975    -0.24647    0.012996
       0.719     0.67363    -0.40895   0.0030922
       0.719     0.67363    -0.40895   0.0030922
     0.59062     0.44006   -0.052659   0.0082409
      0.4149     0.44509     0.19611   0.0073666
     0.60452     0.55514     -0.2874   0.0038596
     0.73224     0.67534    -0.41167    0.003318
     0.73224     0.67534    -0.41167    0.003318
      0.9952     0.68991    -0.20857    0.010532
      0.9952     0.68991    -0.20857    0.010532
       1.099     0.58339   -0.074458   0.0073055
     0.82697     0.54888    -0.39235   0.0038544
     0.72464     0.51231    -0.33085   0.0052955
     0.72464     0.51231    -0.33085   0.0052955
     0.87571     0.65286     -0.4029   0.0070338
     0.87571     0.65286     -0.4029   0.0070338
     0.87571     0.65286     -0.4029   0.0070338
     0.87571     0.65286     -0.4029   0.0070338
     0.87571     0.65286     -0.4029   0.0070338
     0.81757     0.52847    -0.35963   0.0047386
     0.80535     0.54458    -0.39337   0.0037477
     0.80535     0.54458    -0.39337   0.0037477
     0.80535     0.54458    -0.39337   0.0037477
     0.80535     0.54458    -0.39337   0.0037477
     0.80535     0.54458    -0.39337   0.0037477
     0.80535     0.54458    -0.39337   0.0037477
     0.80535     0.54458    -0.39337   0.0037477
     0.80535     0.54458    -0.39337   0.0037477
     0.80535     0.54458    -0.39337   0.0037477
     0.80535     0.54458    -0.39337   0.0037477
     0.78921     0.70447    -0.40209   0.0045848
     0.64594     0.81778    -0.31258   0.0068609
     0.64594     0.81778    -0.31258   0.0068609
     0.72378     0.71311    -0.38796   0.0044864
     0.72378     0.71311    -0.38796   0.0044864
     0.72378     0.71311    -0.38796   0.0044864
     0.57556     0.59874    -0.28482   0.0035964
     0.68309     0.75722    -0.35891   0.0049421
     0.68309     0.75722    -0.35891   0.0049421
     0.65091     0.87733    -0.27244   0.0089974
     0.76388     0.86129    -0.19642    0.013918
     0.76388     0.86129    -0.19642    0.013918
     0.76388     0.86129    -0.19642    0.013918
     0.66164     0.85215    -0.28061   0.0084636
     0.40208     0.89663    -0.26645   0.0064373
     0.40208     0.89663    -0.26645   0.0064373
     0.52519     0.74993    -0.28337    0.004468
       0.699     0.55696    -0.38009   0.0035298
     0.72989     0.82523    -0.29686   0.0099652
     0.44828     0.81949    -0.25916   0.0057013
     0.52717     0.89443    -0.27185   0.0075909
     0.60947     0.85305    -0.28445   0.0083717
     0.46344     0.99609    -0.22422    0.010194
     0.26897     0.99484    -0.25487   0.0092136
     0.26897     0.99484    -0.25487   0.0092136
     0.26897     0.99484    -0.25487   0.0092136
     0.26897     0.99484    -0.25487   0.0092136
      0.4775       1.049    -0.14125    0.015502
     0.54543     0.95229     -0.2333   0.0097065
     0.28525     0.99317    -0.22318    0.011438
     0.28525     0.99317    -0.22318    0.011438
    0.021961     0.99629    -0.24876    0.007902
    0.021961     0.99629    -0.24876    0.007902
    0.021961     0.99629    -0.24876    0.007902
    0.021961     0.99629    -0.24876    0.007902
    -0.16254     0.89877    -0.22332   0.0053736
    -0.16254     0.89877    -0.22332   0.0053736
    -0.14616     0.96631    -0.25043   0.0057116
    -0.14616     0.96631    -0.25043   0.0057116
    -0.14616     0.96631    -0.25043   0.0057116
    -0.14616     0.96631    -0.25043   0.0057116
    -0.14616     0.96631    -0.25043   0.0057116
    -0.14616     0.96631    -0.25043   0.0057116
    -0.14616     0.96631    -0.25043   0.0057116
    -0.14616     0.96631    -0.25043   0.0057116
    -0.11351      1.1858    -0.12215    0.013702
    -0.11351      1.1858    -0.12215    0.013702
   -0.068312      1.1079    -0.19716      0.0144
   -0.053594     0.91331    -0.23494   0.0051769
     0.13512     0.99881    -0.24209   0.0082695
     0.13512     0.99881    -0.24209   0.0082695
     0.29874     0.95992    -0.25093   0.0066288
    0.067087     0.89928    -0.21043    0.004757
    0.067087     0.89928    -0.21043    0.004757
     0.34477     0.81958    -0.21816   0.0045185
     0.34477     0.81958    -0.21816   0.0045185
     0.34477     0.81958    -0.21816   0.0045185
     0.51805     0.90928    -0.26377   0.0084739
     0.51805     0.90928    -0.26377   0.0084739
     0.45429     0.64567    -0.14664   0.0048306
     0.58056     0.56397     -0.2594   0.0034974
     0.51315     0.50399    -0.11014   0.0054307
     0.63235     0.40791     0.10358    0.013279
     0.77495     0.70619    -0.40187    0.004375
     0.77495     0.70619    -0.40187    0.004375
     0.77495     0.70619    -0.40187    0.004375
     0.77495     0.70619    -0.40187    0.004375
     0.77495     0.70619    -0.40187    0.004375
     0.77495     0.70619    -0.40187    0.004375
       0.825     0.50568    -0.30717   0.0057463
       0.825     0.50568    -0.30717   0.0057463
     0.54192     0.70136    -0.28594   0.0037567
     0.42807     0.79121    -0.23232   0.0052656
     0.26347     0.78958     -0.1633   0.0047915
     0.26347     0.78958     -0.1633   0.0047915
     0.26347     0.78958     -0.1633   0.0047915
     0.26347     0.78958     -0.1633   0.0047915
     0.26347     0.78958     -0.1633   0.0047915
     0.26347     0.78958     -0.1633   0.0047915
     0.50872      1.0318    -0.15108    0.015162
     0.34506     0.87829    -0.24384    0.005111
     0.57952     0.65185    -0.30907   0.0038303
     0.57952     0.65185    -0.30907   0.0038303
     0.57952     0.65185    -0.30907   0.0038303
     0.63263     0.64149    -0.35789   0.0029395
     0.63263     0.64149    -0.35789   0.0029395
     0.63263     0.64149    -0.35789   0.0029395
     0.63263     0.64149    -0.35789   0.0029395
     0.63263     0.64149    -0.35789   0.0029395
     0.33285     0.76081    -0.15391    0.005174
     0.30516     0.58221     0.15066   0.0077385
     0.50777     0.69535    -0.24839   0.0046489
     0.27549     0.94349     -0.2395   0.0075834
     0.34301     0.88011    -0.23414   0.0055291
     0.34301     0.88011    -0.23414   0.0055291
     0.25348     0.77883    -0.13123   0.0046978
     0.47537      0.4968   -0.028473   0.0058332
     0.47537      0.4968   -0.028473   0.0058332
     0.47537      0.4968   -0.028473   0.0058332
     0.40109      0.7261    -0.17395   0.0048181
     0.40109      0.7261    -0.17395   0.0048181
     0.65673     0.65391    -0.37717   0.0027099
     0.65673     0.65391    -0.37717   0.0027099
     0.81249     0.62817    -0.44572    0.002742
     0.81249     0.62817    -0.44572    0.002742
     0.81249     0.62817    -0.44572    0.002742
     0.81249     0.62817    -0.44572    0.002742
     0.64843     0.57421    -0.35217   0.0035133
     0.59906     0.82353    -0.30281   0.0055542
     0.59906     0.82353    -0.30281   0.0055542
     0.66894     0.97019    -0.14426    0.014617
     0.66894     0.97019    -0.14426    0.014617
     0.66894     0.97019    -0.14426    0.014617
     0.66894     0.97019    -0.14426    0.014617
     0.66894     0.97019    -0.14426    0.014617
     0.66894     0.97019    -0.14426    0.014617
     0.66894     0.97019    -0.14426    0.014617
     0.93304     0.93043     0.20881    0.024392
     0.70039     0.90917    -0.20044    0.011684
     0.43174     0.86207    -0.26806   0.0051122
     0.49673     0.99102    -0.21142    0.013183
     0.60564     0.71161    -0.33221    0.004161
     0.60564     0.71161    -0.33221    0.004161
     0.83538      0.4822    -0.22015   0.0075695
     0.83538      0.4822    -0.22015   0.0075695
     0.97911     0.75928    -0.11592    0.014686
     0.97911     0.75928    -0.11592    0.014686
     0.70369     0.94646     -0.1308    0.015795
     0.70369     0.94646     -0.1308    0.015795
     0.70369     0.94646     -0.1308    0.015795
     0.70369     0.94646     -0.1308    0.015795
     0.70369     0.94646     -0.1308    0.015795
     0.70369     0.94646     -0.1308    0.015795
     0.53559     0.88259    -0.27395    0.010628
     0.53559     0.88259    -0.27395    0.010628
      0.7931     0.96886   0.0028018    0.018799
     0.90476     0.75802    -0.24685    0.011705
     0.90476     0.75802    -0.24685    0.011705
     0.84382     0.87341    -0.11188    0.016334
     0.84382     0.87341    -0.11188    0.016334
     0.92072     0.82532   -0.069632    0.016529
     0.95453     0.64164    -0.34105   0.0054508
     0.95453     0.64164    -0.34105   0.0054508
     0.95453     0.64164    -0.34105   0.0054508
     0.80309     0.84841    -0.21381    0.012195
     0.80309     0.84841    -0.21381    0.012195
     0.73389     0.67887    -0.41777   0.0030306
     0.73389     0.67887    -0.41777   0.0030306
     0.83015     0.91222   -0.040834    0.017469
     0.85001     0.71016    -0.37838   0.0078491
     0.85001     0.71016    -0.37838   0.0078491
     0.85001     0.71016    -0.37838   0.0078491
     0.91508     0.75843    -0.22324    0.011304
     0.91508     0.75843    -0.22324    0.011304
     0.91508     0.75843    -0.22324    0.011304
      0.6636     0.83971    -0.29031   0.0084992
      0.6636     0.83971    -0.29031   0.0084992
      0.6636     0.83971    -0.29031   0.0084992
      0.6636     0.83971    -0.29031   0.0084992
     0.51866     0.85614    -0.26139   0.0078823
     0.51866     0.85614    -0.26139   0.0078823
     0.34643     0.82632    -0.22367   0.0041737
     0.43225     0.54772  -0.0052262   0.0059688
     0.43225     0.54772  -0.0052262   0.0059688
     0.43225     0.54772  -0.0052262   0.0059688
     0.69757     0.84499    -0.27847   0.0089819
     0.83357     0.63149    -0.44077   0.0028734
     0.83357     0.63149    -0.44077   0.0028734
     0.97156     0.61824    -0.31717   0.0058553
     0.97156     0.61824    -0.31717   0.0058553
     0.97156     0.61824    -0.31717   0.0058553
     0.97156     0.61824    -0.31717   0.0058553
     0.97156     0.61824    -0.31717   0.0058553
     0.97156     0.61824    -0.31717   0.0058553
     0.97156     0.61824    -0.31717   0.0058553
     0.97156     0.61824    -0.31717   0.0058553
     0.89169     0.58287    -0.40263   0.0030723
     0.89169     0.58287    -0.40263   0.0030723
     0.89169     0.58287    -0.40263   0.0030723
     0.84543     0.45014   -0.050027   0.0098553
     0.79849     0.45596    -0.11724   0.0088679
     0.92445     0.49214    -0.19363   0.0062243
     0.92445     0.49214    -0.19363   0.0062243
     0.96304     0.64615    -0.31597   0.0069356
     0.93416     0.73753    -0.23589    0.012888
     0.99878     0.44076    0.071508   0.0088034
     0.99878     0.44076    0.071508   0.0088034
     0.99878     0.44076    0.071508   0.0088034
     0.96585     0.71204     -0.2307    0.012296
     0.78306     0.51372    -0.32589   0.0053189
     0.78306     0.51372    -0.32589   0.0053189
     0.78306     0.51372    -0.32589   0.0053189
     0.78306     0.51372    -0.32589   0.0053189
     0.81227     0.67642    -0.42176    0.003879
     0.81227     0.67642    -0.42176    0.003879
     0.87493     0.74873    -0.30333   0.0080623
     0.87493     0.74873    -0.30333   0.0080623
     0.72977      0.6526    -0.42161   0.0025761
     0.73287     0.52971    -0.36685   0.0051004
     0.73287     0.52971    -0.36685   0.0051004
     0.72597     0.60347    -0.42162   0.0021993
     0.80243     0.82688    -0.25228    0.010771
     0.64344     0.60913    -0.36406   0.0032288
     0.59135      0.6076    -0.30579   0.0033843
     0.59135      0.6076    -0.30579   0.0033843
     0.37355     0.85719    -0.24466   0.0056711
     0.49265     0.56678    -0.13464   0.0048472
     0.46568     0.39266     0.23054    0.010179
     0.46568     0.39266     0.23054    0.010179
     0.46568     0.39266     0.23054    0.010179
     0.30847     0.68507    -0.03426   0.0052832
     0.48817     0.96066    -0.21908   0.0097365
     0.48817     0.96066    -0.21908   0.0097365
      0.5152     0.66747    -0.23243   0.0043401
     0.55292     0.86616     -0.2897   0.0061089
     0.59969     0.99888    -0.13839    0.014311
     0.50267       1.167    0.077168    0.024527
     0.34857      1.0807     -0.1714    0.014679
     0.50653     0.88952    -0.27933   0.0063707
     0.66205     0.82377    -0.30728   0.0075194
     0.81135     0.77997    -0.31862   0.0099576
     0.81135     0.77997    -0.31862   0.0099576
     0.65054     0.55161    -0.34385   0.0042396
     0.65399     0.62952    -0.37485    0.002509
     0.65399     0.62952    -0.37485    0.002509
     0.65399     0.62952    -0.37485    0.002509
     0.43495     0.84922    -0.25812   0.0049939
     0.55769     0.75403     -0.2993   0.0039271
     0.74078      0.6031    -0.43265   0.0021773
      0.8789     0.89416   -0.014232    0.021419
     0.80187     0.94222   -0.018051    0.019111
     0.56272      1.0556     0.01806    0.027125
     0.78632     0.92252   -0.090322    0.020283
     0.78632     0.92252   -0.090322    0.020283
      0.9002     0.78069    -0.21884    0.010748
      0.9002     0.78069    -0.21884    0.010748
      0.9002     0.78069    -0.21884    0.010748
      0.9002     0.78069    -0.21884    0.010748
      0.9002     0.78069    -0.21884    0.010748
     0.66543     0.50969    -0.29693   0.0060313
     0.85735     0.53203    -0.36021   0.0042217
     0.87436     0.54715    -0.37066   0.0040183
     0.92795     0.56059    -0.35305   0.0041704
     0.92795     0.56059    -0.35305   0.0041704
     0.92795     0.56059    -0.35305   0.0041704
     0.92795     0.56059    -0.35305   0.0041704
     0.92795     0.56059    -0.35305   0.0041704
     0.92795     0.56059    -0.35305   0.0041704
     0.92795     0.56059    -0.35305   0.0041704
     0.99893        0.58    -0.27766   0.0039258
     0.99893        0.58    -0.27766   0.0039258
     0.99893        0.58    -0.27766   0.0039258
     0.99893        0.58    -0.27766   0.0039258
     0.99893        0.58    -0.27766   0.0039258
     0.99893        0.58    -0.27766   0.0039258
      1.0066      0.5038    -0.15108   0.0048586
      1.0066      0.5038    -0.15108   0.0048586
      1.0066      0.5038    -0.15108   0.0048586
     0.90238     0.62591    -0.39893   0.0051999
     0.94947     0.62188    -0.35561   0.0055109
     0.94947     0.62188    -0.35561   0.0055109
     0.94947     0.62188    -0.35561   0.0055109
     0.74582     0.91502    -0.14809    0.013286
     0.57768      0.6715    -0.30651   0.0034382
     0.57768      0.6715    -0.30651   0.0034382
     0.57768      0.6715    -0.30651   0.0034382
     0.34522     0.78103    -0.18283      0.0047
     0.19364     0.76814   -0.093783     0.00591
   0.0063867     0.80086    -0.10382   0.0056042
   0.0063867     0.80086    -0.10382   0.0056042
    -0.01392     0.83262    -0.15177   0.0058409
    -0.19268     0.79693    -0.14118   0.0054885
   -0.038733      1.0048    -0.25216   0.0069857
   -0.038733      1.0048    -0.25216   0.0069857
    -0.33082     0.81476    -0.20567   0.0045983
    -0.34179     0.72119    -0.10441    0.006192
     -0.4513     0.56197   -0.056426   0.0055462
    -0.16843     0.73786   -0.039312   0.0062143
    -0.16843     0.73786   -0.039312   0.0062143
    -0.04651     0.75755   -0.053979    0.005867
       0.243      1.0077    -0.25019   0.0079489
    0.069557      1.1039    -0.20697    0.015408
    0.079323      1.1356    -0.17704    0.013318
     0.22648      1.1201    -0.15897    0.017705
     0.34655      1.0289    -0.22425   0.0099749
     0.14567     0.89543    -0.21763   0.0058221
     0.14567     0.89543    -0.21763   0.0058221
     0.14567     0.89543    -0.21763   0.0058221
     0.15575     0.88334    -0.20867   0.0050572
     0.15575     0.88334    -0.20867   0.0050572
     0.16601       1.049    -0.23336   0.0089317
    0.017374      1.2339    0.025537    0.020514
     0.29443       1.195    0.021818    0.026756
     0.29443       1.195    0.021818    0.026756
     0.29443       1.195    0.021818    0.026756
     0.35485     0.98732     -0.2389    0.011073
     0.32713       1.119    -0.12683    0.020978
     0.46419      1.0422    -0.16675    0.014877
     0.17392      0.9444    -0.23533   0.0081313
     0.17392      0.9444    -0.23533   0.0081313
     0.12087     0.90134    -0.22452    0.005205
     0.12087     0.90134    -0.22452    0.005205
   -0.024529      1.0108    -0.24215    0.013471
   -0.024529      1.0108    -0.24215    0.013471
     0.15203      1.0798    -0.23226   0.0089097
   -0.052663      1.0579    -0.23021   0.0088041
    -0.21485     0.84349    -0.19081   0.0050362
    -0.21485     0.84349    -0.19081   0.0050362
    -0.21485     0.84349    -0.19081   0.0050362
    -0.33528     0.88515    -0.23402   0.0066389
    -0.42965     0.66097    -0.13835   0.0050315
    -0.42965     0.66097    -0.13835   0.0050315
    -0.35026     0.64292   -0.021728   0.0064594
    -0.35026     0.64292   -0.021728   0.0064594
    -0.35026     0.64292   -0.021728   0.0064594
    -0.30752     0.90755    -0.25012    0.004796
    -0.55311      1.1243    0.053229    0.023817
    -0.52804      1.0823   -0.083331    0.017179
    -0.52804      1.0823   -0.083331    0.017179
    -0.27792     0.83334    -0.19675   0.0050506
    -0.52331     0.77189    -0.28084   0.0047546
    -0.52331     0.77189    -0.28084   0.0047546
    -0.56059     0.47347    -0.11778   0.0060052
    -0.82997     0.73306    -0.35794   0.0060614
    -0.57741     0.61119    -0.28946   0.0035269
    -0.57741     0.61119    -0.28946   0.0035269
    -0.47748     0.53149   -0.078757   0.0055887
     -0.4923     0.51763   -0.087709   0.0051213
     -0.3157     0.57496     0.14126   0.0062502
     -0.3157     0.57496     0.14126   0.0062502
     -0.3157     0.57496     0.14126   0.0062502
    -0.57634     0.84837    -0.29651     0.00616
    -0.72856     0.56848     -0.4057    0.002772
    -0.72856     0.56848     -0.4057    0.002772
    -0.72856     0.56848     -0.4057    0.002772
    -0.72856     0.56848     -0.4057    0.002772
    -0.68599     0.76357     -0.3453   0.0051908
    -0.68599     0.76357     -0.3453   0.0051908
    -0.68599     0.76357     -0.3453   0.0051908
    -0.68599     0.76357     -0.3453   0.0051908
    -0.82521      0.5616    -0.41751   0.0030843
    -0.82521      0.5616    -0.41751   0.0030843
    -0.82521      0.5616    -0.41751   0.0030843
    -0.82521      0.5616    -0.41751   0.0030843
    -0.82521      0.5616    -0.41751   0.0030843
    -0.88482     0.68826    -0.37494   0.0067586
    -0.88482     0.68826    -0.37494   0.0067586
    -0.88482     0.68826    -0.37494   0.0067586
    -0.88482     0.68826    -0.37494   0.0067586
    -0.88482     0.68826    -0.37494   0.0067586
    -0.88482     0.68826    -0.37494   0.0067586
    -0.88482     0.68826    -0.37494   0.0067586
    -0.88482     0.68826    -0.37494   0.0067586
    -0.88482     0.68826    -0.37494   0.0067586
    -0.69538     0.95332    -0.14944    0.016076
    -0.69538     0.95332    -0.14944    0.016076
    -0.85081     0.74887     -0.2975    0.010732
    -0.85081     0.74887     -0.2975    0.010732
    -0.85081     0.74887     -0.2975    0.010732
    -0.84128     0.74435    -0.34216   0.0074033
    -0.80235     0.70074    -0.39863   0.0052421
    -0.80235     0.70074    -0.39863   0.0052421
    -0.61584     0.72383    -0.34376   0.0038314
    -0.73814     0.75114    -0.35701   0.0059372
    -0.73814     0.75114    -0.35701   0.0059372
    -0.73814     0.75114    -0.35701   0.0059372
    -0.73814     0.75114    -0.35701   0.0059372
    -0.73814     0.75114    -0.35701   0.0059372
    -0.97479     0.87139      0.1667     0.02541
    -0.97479     0.87139      0.1667     0.02541
    -0.97479     0.87139      0.1667     0.02541
    -0.97479     0.87139      0.1667     0.02541
    -0.71749     0.85388    -0.23513    0.012454
    -0.71749     0.85388    -0.23513    0.012454
    -0.71749     0.85388    -0.23513    0.012454
    -0.72963       0.812    -0.31617   0.0088122
    -0.72963       0.812    -0.31617   0.0088122
    -0.69751     0.57524    -0.39673   0.0030663
     -0.8483     0.49744    -0.27218   0.0063867
     -1.0378     0.53872    -0.16793   0.0042917
     -1.0378     0.53872    -0.16793   0.0042917
     -1.0457     0.62527    -0.17473   0.0073337
     -1.0457     0.62527    -0.17473   0.0073337
    -0.74839     0.60102    -0.43465   0.0019713
    -0.55945     0.60971    -0.26171   0.0038751
    -0.63157     0.52473    -0.29005   0.0041487
    -0.62149     0.54807    -0.31176   0.0036224
     -0.7348     0.57069     -0.4147   0.0029672
    -0.97399     0.79369   -0.072369    0.015276
    -0.97399     0.79369   -0.072369    0.015276
    -0.97399     0.79369   -0.072369    0.015276
    -0.70499     0.61218    -0.40869   0.0024512
    -0.67523     0.55626    -0.36585   0.0031582
    -0.67523     0.55626    -0.36585   0.0031582
    -0.67523     0.55626    -0.36585   0.0031582
    -0.54832     0.59626    -0.24211   0.0039784
    -0.54832     0.59626    -0.24211   0.0039784
    -0.54832     0.59626    -0.24211   0.0039784
    -0.77981     0.81517    -0.28456   0.0080401
    -0.77981     0.81517    -0.28456   0.0080401
    -0.95323     0.77989    -0.13477    0.013525
    -0.95323     0.77989    -0.13477    0.013525
    -0.93685     0.82523   -0.039345    0.015908
    -0.93685     0.82523   -0.039345    0.015908
    -0.75545     0.63171    -0.43245   0.0022336
    -0.59926     0.80457     -0.3103   0.0057488
    -0.59926     0.80457     -0.3103   0.0057488
    -0.62569     0.88585    -0.25725   0.0093388
    -0.62569     0.88585    -0.25725   0.0093388
    -0.62569     0.88585    -0.25725   0.0093388
     -0.7314     0.69926    -0.40199   0.0035497
     -0.7314     0.69926    -0.40199   0.0035497
    -0.88229     0.55909    -0.38418   0.0033405
    -0.88229     0.55909    -0.38418   0.0033405
    -0.88229     0.55909    -0.38418   0.0033405
    -0.88229     0.55909    -0.38418   0.0033405
    -0.88229     0.55909    -0.38418   0.0033405
    -0.88229     0.55909    -0.38418   0.0033405
    -0.88229     0.55909    -0.38418   0.0033405
    -0.92712     0.82226   -0.073739    0.016392
    -0.92712     0.82226   -0.073739    0.016392
    -0.92712     0.82226   -0.073739    0.016392
    -0.72371     0.96033   -0.059693    0.018027
    -0.72371     0.96033   -0.059693    0.018027
    -0.72371     0.96033   -0.059693    0.018027
    -0.47329     0.86823    -0.28345   0.0049165
    -0.18292     0.89606    -0.23083   0.0059634
    -0.42951     0.68919    -0.16156   0.0041015
    -0.61195     0.52906    -0.28025   0.0038864
    -0.61195     0.52906    -0.28025   0.0038864
    -0.61195     0.52906    -0.28025   0.0038864
    -0.61195     0.52906    -0.28025   0.0038864
    -0.77576     0.74487     -0.3587   0.0064207
    -0.61372     0.69958    -0.34492    0.003421
    -0.61372     0.69958    -0.34492    0.003421
    -0.61372     0.69958    -0.34492    0.003421
     -0.6942     0.83228    -0.29947   0.0092786
    -0.57641     0.67957    -0.30518   0.0035872
    -0.35318     0.88421    -0.25691   0.0056464
    -0.35318     0.88421    -0.25691   0.0056464
    -0.39259       1.036    -0.21805     0.01274
     -0.3833     0.91358    -0.24614   0.0071423
    -0.50518       1.004    -0.18695    0.013775
    -0.50518       1.004    -0.18695    0.013775
    -0.50518       1.004    -0.18695    0.013775
    -0.21452      1.2309    0.035413    0.022239
   -0.026064     0.93485    -0.23271   0.0055532
    -0.16473      1.1857   -0.063757    0.021099
    -0.42552      1.0849    -0.11291    0.016426
    -0.66574     0.98977    -0.10013    0.017364
    -0.61879     0.69624    -0.34435   0.0035449
    -0.62279      0.4655    -0.15501   0.0068921
    -0.54854     0.55115    -0.20508    0.004279
    -0.54854     0.55115    -0.20508    0.004279
    -0.54854     0.55115    -0.20508    0.004279
    -0.54854     0.55115    -0.20508    0.004279
    -0.54854     0.55115    -0.20508    0.004279
    -0.35959     0.68817     -0.0946   0.0057618
    -0.33798     0.82529     -0.2164   0.0045624
    -0.17228      1.0539    -0.21259   0.0099286
    -0.17228      1.0539    -0.21259   0.0099286
    -0.17228      1.0539    -0.21259   0.0099286
    -0.38179      1.0866    -0.14792    0.013094
    -0.38179      1.0866    -0.14792    0.013094
    -0.38179      1.0866    -0.14792    0.013094
    -0.34834     0.79325    -0.19383   0.0057649
    -0.44151     0.60892    -0.10191   0.0053075
    -0.73717      0.8843    -0.20062    0.012716
    -0.63487      1.0033    -0.10301    0.019382
    -0.72088      0.7384    -0.37101   0.0052498
    -0.72088      0.7384    -0.37101   0.0052498
    -0.72088      0.7384    -0.37101   0.0052498
    -0.72088      0.7384    -0.37101   0.0052498
    -0.72088      0.7384    -0.37101   0.0052498
    -0.72088      0.7384    -0.37101   0.0052498
     -0.8545     0.71821    -0.36043   0.0066755
     -0.8545     0.71821    -0.36043   0.0066755
     -0.8545     0.71821    -0.36043   0.0066755
     -0.8545     0.71821    -0.36043   0.0066755
     -0.8545     0.71821    -0.36043   0.0066755
     -0.8545     0.71821    -0.36043   0.0066755
    -0.60465      0.7708     -0.3259   0.0042309
    -0.90364     0.85616   -0.057474    0.016591
    -0.90364     0.85616   -0.057474    0.016591
    -0.90364     0.85616   -0.057474    0.016591
    -0.90364     0.85616   -0.057474    0.016591
    -0.86193     0.69898     -0.3889     0.00614
     -1.0594      0.6084    -0.15291    0.007628
     -1.0594      0.6084    -0.15291    0.007628
     -1.0594      0.6084    -0.15291    0.007628
     -1.0255     0.41484     0.24738    0.010429
     -1.0672     0.44065     0.15686   0.0078482
     -1.0672     0.44065     0.15686   0.0078482
     -1.0672     0.44065     0.15686   0.0078482
     -1.0672     0.44065     0.15686   0.0078482
     -1.0672     0.44065     0.15686   0.0078482
     -1.0672     0.44065     0.15686   0.0078482
     -1.0672     0.44065     0.15686   0.0078482
     -1.0672     0.44065     0.15686   0.0078482
     -1.0672     0.44065     0.15686   0.0078482
     -1.0783     0.45558     0.10354   0.0063949
     -1.0783     0.45558     0.10354   0.0063949
    -0.86504     0.65144    -0.41389   0.0048552
    -0.84036     0.92234  -0.0077005    0.021179
    -0.72379       1.076     0.11798    0.021593
    -0.55046     0.96797    -0.21385     0.01189
    -0.61286     0.71773    -0.33814   0.0035403
    -0.41024     0.76022    -0.18994   0.0046192
    -0.41024     0.76022    -0.18994   0.0046192
    -0.29372     0.55562     0.23249   0.0082161
    -0.29372     0.55562     0.23249   0.0082161
    -0.31119     0.59716     0.11745   0.0068257
    -0.31119     0.59716     0.11745   0.0068257
   -0.092177     0.78578   -0.084229    0.006044
   -0.092177     0.78578   -0.084229    0.006044
     0.17815     0.90014    -0.22173   0.0063092
    0.031442      1.0063    -0.24905   0.0086815
    -0.05743     0.86525      -0.174   0.0078052
    -0.27092      0.7779     -0.1363    0.005587
    -0.12684     0.91745    -0.23308   0.0056279
    -0.12684     0.91745    -0.23308   0.0056279
    -0.12684     0.91745    -0.23308   0.0056279
   -0.088783     0.94688    -0.24041   0.0053962
    -0.29351     0.93027    -0.25109   0.0062472
    -0.40468     0.94013    -0.26279   0.0061991
    -0.40468     0.94013    -0.26279   0.0061991
    -0.40468     0.94013    -0.26279   0.0061991
    -0.40468     0.94013    -0.26279   0.0061991
    -0.40468     0.94013    -0.26279   0.0061991
    -0.12284      1.1446    -0.13618    0.015382
    0.070973      1.0948    -0.21054   0.0097891
     0.31611     0.79821     -0.1772   0.0049697
     0.23431      1.0207    -0.22445    0.012355
     0.11429      1.2025   -0.026021    0.020688
    0.071736     0.95099    -0.24397   0.0065772
    0.071736     0.95099    -0.24397   0.0065772
    0.071736     0.95099    -0.24397   0.0065772
     0.29054     0.82223    -0.18607   0.0051366
     0.38134     0.92597    -0.25675   0.0068756
     0.54421     0.74679    -0.28722   0.0047221
     0.54421     0.74679    -0.28722   0.0047221
     0.44463     0.98015    -0.23828    0.010053
     0.46878     0.81979    -0.26645   0.0048331
     0.40358     0.82822    -0.24204   0.0040545
     0.40358     0.82822    -0.24204   0.0040545
     0.40358     0.82822    -0.24204   0.0040545
     0.20805      1.0143    -0.24961   0.0073449
     0.37192     0.85225    -0.24732   0.0050453
     0.56866     0.81568    -0.30517     0.00468
     0.46267      1.0758    -0.14333    0.018036
     0.67853     0.91553     -0.2001    0.013458
     0.79978     0.77276    -0.32316   0.0077366
     0.57386     0.55301    -0.24571    0.004544
     0.72073     0.73349    -0.37406   0.0055211
     0.72073     0.73349    -0.37406   0.0055211
     0.72073     0.73349    -0.37406   0.0055211
     0.47672     0.82237    -0.25961   0.0046825
     0.18442      1.0347    -0.23189    0.013214
     0.18442      1.0347    -0.23189    0.013214
     0.27052     0.93316    -0.25574   0.0065436
     0.27052     0.93316    -0.25574   0.0065436
     0.17112     0.96093    -0.24629   0.0066652
     0.45523     0.72667    -0.21475    0.004689
     0.59576     0.47669    -0.16749    0.006249
     0.72373     0.69769    -0.40141    0.004145
     0.72373     0.69769    -0.40141    0.004145
     0.50849     0.76725    -0.27235   0.0043517
     0.39902     0.91672    -0.25347   0.0074692
     0.51274      1.0186    -0.18301    0.012021
     0.70302     0.90861    -0.20416    0.012973
     0.81041     0.74647    -0.35047   0.0074731
     0.81041     0.74647    -0.35047   0.0074731
     0.84712     0.66081    -0.41913   0.0044498
      0.6579     0.71434    -0.36242   0.0047514
      0.6579     0.71434    -0.36242   0.0047514
     0.70488     0.97647   -0.074893     0.01894
     0.75503     0.90347      -0.174    0.014014
     0.75503     0.90347      -0.174    0.014014
     0.53141      1.0385    -0.12286    0.020725
     0.30777      0.7477    -0.12159   0.0053311
     0.33645     0.61015    0.040989   0.0061493
     0.54009     0.42901    0.029265   0.0091608
     0.42052     0.51472     0.05821   0.0064719
     0.42052     0.51472     0.05821   0.0064719
     0.20136     0.79776    -0.12776   0.0055482
     0.42814      1.0473    -0.18587    0.015084
     0.42252     0.76937    -0.21847   0.0052738
     0.42252     0.76937    -0.21847   0.0052738
     0.52511     0.91363    -0.27643   0.0067037
     0.52511     0.91363    -0.27643   0.0067037
     0.52511     0.91363    -0.27643   0.0067037
     0.69843     0.77434    -0.34431   0.0061687
     0.64337     0.48077    -0.20146   0.0068065
     0.92774     0.43039     0.10821    0.011452
       0.877     0.52505    -0.32836   0.0051451
       0.877     0.52505    -0.32836   0.0051451
       0.877     0.52505    -0.32836   0.0051451
     0.73633     0.75032    -0.36366   0.0057443
     0.69012     0.61721    -0.40236   0.0023377
     0.69012     0.61721    -0.40236   0.0023377
     0.86302     0.46152   -0.097584    0.009832
     0.91125     0.58712    -0.39268   0.0030185
     0.91125     0.58712    -0.39268   0.0030185
     0.91125     0.58712    -0.39268   0.0030185
     0.91125     0.58712    -0.39268   0.0030185
     0.78508      0.5926    -0.43751   0.0027248
     0.78508      0.5926    -0.43751   0.0027248
     0.78508      0.5926    -0.43751   0.0027248
     0.78508      0.5926    -0.43751   0.0027248
     0.78508      0.5926    -0.43751   0.0027248
     0.88419     0.64648    -0.40947   0.0046864
     0.68465     0.75799     -0.3592   0.0042496
     0.68465     0.75799     -0.3592   0.0042496
     0.68465     0.75799     -0.3592   0.0042496
     0.65871     0.99031     -0.1187    0.017813
     0.75797     0.94296   -0.097988    0.018955
     0.75797     0.94296   -0.097988    0.018955
     0.57876     0.78765    -0.30859   0.0045454
     0.52314     0.88542    -0.27438   0.0097282
     0.61313      1.0288    -0.10626    0.017145
     0.61313      1.0288    -0.10626    0.017145
     0.62117     0.73912    -0.34644   0.0036192
     0.69448     0.52282    -0.34064   0.0041907
     0.69448     0.52282    -0.34064   0.0041907
     0.69448     0.52282    -0.34064   0.0041907
     0.95154     0.75563    -0.17811    0.012449
     0.96617     0.51928    -0.23591    0.004808
      1.2381     0.53043     0.35975   0.0091675
      1.1522     0.42116     0.34772   0.0081773
     0.88596      0.3725     0.55278    0.018354
      1.0015     0.36252     0.65115    0.015236
      1.0015     0.36252     0.65115    0.015236
      1.0015     0.36252     0.65115    0.015236
      1.0015     0.36252     0.65115    0.015236
      1.0655     0.43005      0.1934   0.0083655
      1.0655     0.43005      0.1934   0.0083655
      1.0912     0.44416      0.1441   0.0084514
      1.0912     0.44416      0.1441   0.0084514
      1.0912     0.44416      0.1441   0.0084514
      1.0912     0.44416      0.1441   0.0084514
      1.0912     0.44416      0.1441   0.0084514
      1.0912     0.44416      0.1441   0.0084514
      1.0912     0.44416      0.1441   0.0084514
      1.0912     0.44416      0.1441   0.0084514
      1.0912     0.44416      0.1441   0.0084514
      1.0912     0.44416      0.1441   0.0084514
      0.7999     0.36326     0.64947    0.018898
     0.73144     0.35549     0.73253     0.01892
     0.73144     0.35549     0.73253     0.01892
     0.73144     0.35549     0.73253     0.01892
     0.73144     0.35549     0.73253     0.01892
     0.95836     0.49619    -0.17728   0.0057414
     0.95836     0.49619    -0.17728   0.0057414
     0.69509     0.58986    -0.39451   0.0026795
     0.90042     0.66711    -0.37284   0.0056457
     0.90042     0.66711    -0.37284   0.0056457
     0.90042     0.66711    -0.37284   0.0056457
     0.90042     0.66711    -0.37284   0.0056457
     0.90042     0.66711    -0.37284   0.0056457
     0.90042     0.66711    -0.37284   0.0056457
     0.90042     0.66711    -0.37284   0.0056457
     0.61262     0.66288     -0.3391   0.0027706
     0.62845     0.74429    -0.34733   0.0041074
     0.36066      1.0189    -0.23207   0.0086627
     0.36066      1.0189    -0.23207   0.0086627
     0.31792      1.0172    -0.23903   0.0093731
    0.091554       1.065    -0.23325   0.0089904
     0.23085      1.0455    -0.25207   0.0072939
     0.23594      0.7794    -0.12244   0.0056546
     0.23594      0.7794    -0.12244   0.0056546
     0.23594      0.7794    -0.12244   0.0056546
     0.36593      1.0753    -0.18438    0.014585
      0.5904      1.0641   -0.062407    0.018276
     0.45556      1.0444    -0.16191    0.014972
     0.29353      1.1689   -0.085406    0.018387
     0.29353      1.1689   -0.085406    0.018387
    0.037708      1.2132   -0.060667    0.018314
    0.037708      1.2132   -0.060667    0.018314
    0.037708      1.2132   -0.060667    0.018314
    -0.22622     0.95785    -0.25279   0.0063054
    -0.22622     0.95785    -0.25279   0.0063054
    0.051051     0.84012    -0.14507    0.005923
     0.25356     0.95145    -0.25449   0.0061993
     0.25356     0.95145    -0.25449   0.0061993
     0.14515     0.84911      -0.188   0.0054013
     0.14515     0.84911      -0.188   0.0054013
     0.14515     0.84911      -0.188   0.0054013
      0.2539     0.81211    -0.16727   0.0050808
      0.2539     0.81211    -0.16727   0.0050808
     0.11778     0.74289    -0.03371   0.0058096
    -0.12661      0.8159    -0.13263    0.005332
     0.12787      1.0337      -0.229   0.0094721
     0.12787      1.0337      -0.229   0.0094721
     0.21431     0.95376    -0.24573   0.0062158
     0.11608     0.95782    -0.23687   0.0061672
    -0.14222      1.0292    -0.25475   0.0081187
    -0.25984       1.044    -0.23535   0.0094295
      -0.546     0.96283    -0.17625    0.016236
    -0.65316      1.0038   -0.094632     0.02069
    -0.57411     0.94602    -0.21422    0.011627
    -0.57411     0.94602    -0.21422    0.011627
    -0.57411     0.94602    -0.21422    0.011627
    -0.37645      1.1404   -0.047267    0.029696
    -0.37645      1.1404   -0.047267    0.029696
    -0.52101     0.87777    -0.27273   0.0070887
    -0.79307     0.65807    -0.43114   0.0038277
    -0.79307     0.65807    -0.43114   0.0038277
    -0.79307     0.65807    -0.43114   0.0038277
    -0.79307     0.65807    -0.43114   0.0038277
     -0.6321     0.67915    -0.35387   0.0035325
    -0.71213      0.8021    -0.32704   0.0071319
    -0.71213      0.8021    -0.32704   0.0071319
    -0.74915     0.58077    -0.42476   0.0024935
    -0.74915     0.58077    -0.42476   0.0024935
    -0.74915     0.58077    -0.42476   0.0024935
    -0.74915     0.58077    -0.42476   0.0024935
    -0.51329     0.70972    -0.25586   0.0056348
    -0.55488     0.62232    -0.26776   0.0040058
    -0.75279     0.91713    -0.16514    0.012946
    -0.60529     0.83535    -0.29846    0.006254
    -0.37932      1.0276    -0.22586    0.011249
    -0.63827     0.88896    -0.26445   0.0081711
    -0.34204     0.84196    -0.22781   0.0047887
    -0.26487       0.768    -0.12626   0.0053628
    -0.26487       0.768    -0.12626   0.0053628
   -0.021592     0.88732    -0.20678   0.0048699
    0.012041     0.93297    -0.22434   0.0046748
    0.012041     0.93297    -0.22434   0.0046748
    0.012041     0.93297    -0.22434   0.0046748
    0.012041     0.93297    -0.22434   0.0046748
    0.012041     0.93297    -0.22434   0.0046748
    0.012041     0.93297    -0.22434   0.0046748
    -0.23782     0.82803    -0.18473   0.0050237
    -0.23782     0.82803    -0.18473   0.0050237
    -0.18657     0.89515    -0.21547   0.0051501
    -0.18657     0.89515    -0.21547   0.0051501
   0.0091332     0.84407    -0.15232    0.005996
    -0.22446      0.6445     0.12262    0.006304
    -0.22446      0.6445     0.12262    0.006304
    -0.22446      0.6445     0.12262    0.006304
    -0.22446      0.6445     0.12262    0.006304
     -0.1018     0.84338    -0.17721   0.0051417
     -0.1018     0.84338    -0.17721   0.0051417
     0.17835       1.062    -0.22986    0.011711
     0.17835       1.062    -0.22986    0.011711
     0.14773     0.78218   -0.091475   0.0057802
     0.40429     0.56154    0.015209   0.0059055
     0.40429     0.56154    0.015209   0.0059055
     0.34657     0.54836     0.15752   0.0074055
     0.55912     0.71657    -0.29455    0.003706
     0.43168     0.83427    -0.25807   0.0054387
     0.37988     0.66051   -0.072668   0.0056302
     0.17736     0.81445    -0.14435   0.0057286
   -0.086735      1.0685    -0.23317   0.0091834
   -0.086735      1.0685    -0.23317   0.0091834
   -0.086735      1.0685    -0.23317   0.0091834
   -0.086735      1.0685    -0.23317   0.0091834
   -0.086735      1.0685    -0.23317   0.0091834
    -0.18588     0.96775    -0.25099   0.0056976
    -0.18588     0.96775    -0.25099   0.0056976
   -0.008154      1.0422    -0.24078   0.0083907
     -0.2018     0.74463   -0.061368   0.0058602
    -0.20151     0.80909    -0.15401   0.0054952
    -0.37929     0.76767     -0.1883   0.0046158
    -0.54913     0.79765    -0.30376    0.004258
    -0.56372      0.6156    -0.26913   0.0035461
    -0.29233     0.82008    -0.19503   0.0052471
    -0.29233     0.82008    -0.19503   0.0052471
    -0.29233     0.82008    -0.19503   0.0052471
    -0.29233     0.82008    -0.19503   0.0052471
    -0.30792     0.58802     0.13296   0.0068514
    -0.53234      0.6644    -0.26435    0.003693
    -0.53234      0.6644    -0.26435    0.003693
    -0.53234      0.6644    -0.26435    0.003693
    -0.62509     0.49275    -0.22352   0.0059361
    -0.45757     0.53474   -0.042738   0.0058557
    -0.55481     0.77423    -0.30009   0.0052101
    -0.55481     0.77423    -0.30009   0.0052101
    -0.55481     0.77423    -0.30009   0.0052101
    -0.83962     0.63641     -0.4376   0.0027633
    -0.83962     0.63641     -0.4376   0.0027633
    -0.83962     0.63641     -0.4376   0.0027633
     -1.1083      0.6867    0.044742    0.011607
     -1.1083      0.6867    0.044742    0.011607
     -1.1083      0.6867    0.044742    0.011607
     -0.9126     0.45654   -0.067063   0.0093551
     -1.0643     0.52851    -0.10245   0.0041916
    -0.95454     0.79135   -0.094372    0.015868
    -0.95454     0.79135   -0.094372    0.015868
    -0.76343      0.6867    -0.42087   0.0034602
    -0.76343      0.6867    -0.42087   0.0034602
    -0.76343      0.6867    -0.42087   0.0034602
    -0.83585     0.57727    -0.42465   0.0030288
    -0.55172     0.79227    -0.30252   0.0046367
    -0.55172     0.79227    -0.30252   0.0046367
    -0.55172     0.79227    -0.30252   0.0046367
    -0.57838     0.79605    -0.30843     0.00498
    -0.76985     0.62657    -0.44137   0.0026495
    -0.84995      0.8598    -0.13735      0.0132
    -0.84995      0.8598    -0.13735      0.0132
    -0.90877     0.73445    -0.27812   0.0098127
    -0.90877     0.73445    -0.27812   0.0098127
    -0.90877     0.73445    -0.27812   0.0098127
    -0.90877     0.73445    -0.27812   0.0098127
    -0.90877     0.73445    -0.27812   0.0098127
    -0.64042     0.88012    -0.27174   0.0093791
    -0.64042     0.88012    -0.27174   0.0093791
     -0.9314     0.80111    -0.10139    0.016488
    -0.65395     0.65685    -0.37337   0.0025718
    -0.65395     0.65685    -0.37337   0.0025718
    -0.54627     0.80626    -0.29813   0.0054187
     -0.4471      1.0235    -0.21958    0.010359
     -0.4471      1.0235    -0.21958    0.010359
    -0.33718     0.73979    -0.13495    0.005303
    -0.62639     0.73903    -0.33559   0.0039213
    -0.66718     0.82974    -0.29439   0.0086899
    -0.66718     0.82974    -0.29439   0.0086899
    -0.80281     0.79308     -0.2925   0.0086123
    -0.80281     0.79308     -0.2925   0.0086123
    -0.65445     0.92787    -0.21587    0.015982
    -0.45811      0.9459    -0.26171   0.0072365
    -0.45811      0.9459    -0.26171   0.0072365
    -0.48299     0.90803    -0.25747   0.0090539
    -0.48299     0.90803    -0.25747   0.0090539
    -0.74066      1.0256    0.090824    0.028347
    -0.74066      1.0256    0.090824    0.028347
    -0.61482     0.88809    -0.25294   0.0095832
    -0.61482     0.88809    -0.25294   0.0095832
    -0.61482     0.88809    -0.25294   0.0095832
    -0.61482     0.88809    -0.25294   0.0095832
    -0.38126     0.83049    -0.23895   0.0048241
    -0.38126     0.83049    -0.23895   0.0048241
    -0.40802      1.0805    -0.12484    0.018749
