     MU:      SIGMA:     E_MEASURED:    ERROR:
    -0.88088     0.66772    -0.39186   0.0061391
    -0.77977     0.96627  -0.0034373    0.020006
     -0.6097      1.0066    -0.12013    0.015841
    -0.67672      0.8083    -0.31215   0.0075308
    -0.45169     0.69409    -0.18723   0.0047691
    -0.32363     0.92371    -0.25153   0.0056476
    -0.21912     0.89741    -0.23247   0.0054266
    0.031664     0.97848    -0.25527   0.0066628
    0.031664     0.97848    -0.25527   0.0066628
     0.13133     0.76215   -0.066468   0.0061576
    -0.14301      1.0416     -0.2447    0.009823
   -0.057658      1.2279   -0.047764    0.020433
    -0.19809      1.0789    -0.22217    0.012035
    -0.14185     0.83957    -0.16997     0.00542
    -0.35043     0.72585    -0.13015   0.0057513
    -0.35043     0.72585    -0.13015   0.0057513
    -0.29965     0.96629    -0.26029   0.0089286
   -0.030122     0.92461    -0.23424   0.0048031
    -0.23894      1.1405    -0.14814    0.017372
    -0.23894      1.1405    -0.14814    0.017372
    -0.23894      1.1405    -0.14814    0.017372
    0.031108      1.1467    -0.17381    0.014193
   -0.068983      1.2616    0.085224    0.026219
   -0.068983      1.2616    0.085224    0.026219
     0.18561       1.301     0.24512    0.033285
     0.18561       1.301     0.24512    0.033285
     0.18561       1.301     0.24512    0.033285
     0.45626      1.1165   -0.049875    0.018936
     0.21843        1.28     0.23238    0.035471
   -0.023388      1.4118     0.61401    0.049209
   -0.017324      1.3415     0.39224    0.045086
     0.23317      1.1829   -0.040273    0.025103
      0.1398      1.1079    -0.18382    0.012772
     0.43135     0.95216    -0.24639   0.0082382
     0.67555     0.76223    -0.34232   0.0060645
     0.43323      1.0403    -0.17027    0.014227
     0.63652      1.0787    0.044389    0.023847
     0.54814      1.1905      0.2158    0.029296
     0.65189      1.0994     0.14915    0.030925
     0.65189      1.0994     0.14915    0.030925
     0.65189      1.0994     0.14915    0.030925
     0.65189      1.0994     0.14915    0.030925
     0.51348     0.86846    -0.26972   0.0071324
     0.26233     0.65131    0.055584    0.006754
     0.29704     0.43372     0.54298    0.010811
     0.29704     0.43372     0.54298    0.010811
     0.21477     0.58776     0.25223   0.0079215
     0.07426     0.68739     0.09413   0.0067327
     0.15707     0.53477     0.48354    0.010542
     0.32192     0.53092     0.24146   0.0079924
       0.127      0.7329  -0.0046616   0.0063935
   -0.057375     0.60241     0.33324   0.0078389
    0.023961     0.53734      0.5614    0.011108
   -0.092128     0.82334    -0.14544    0.005831
   -0.083835     0.88207    -0.20242   0.0049351
   -0.083835     0.88207    -0.20242   0.0049351
    -0.29509     0.82562    -0.19806   0.0055322
    -0.29509     0.82562    -0.19806   0.0055322
    -0.29509     0.82562    -0.19806   0.0055322
    -0.43469     0.90228    -0.26107   0.0063447
    -0.35655     0.90492    -0.25894    0.005303
    -0.15755      1.0682    -0.23994   0.0096494
    -0.14048      1.2068   -0.069464    0.020088
    -0.10707     0.96793    -0.25274   0.0053837
    -0.30868      1.0545    -0.21026     0.01175
    -0.30868      1.0545    -0.21026     0.01175
    -0.46675      0.8887    -0.26705   0.0066376
     -0.5417      1.0611    -0.11068    0.014936
    -0.69576     0.85262    -0.26707   0.0095291
    -0.66892     0.80004    -0.32341   0.0063734
    -0.66892     0.80004    -0.32341   0.0063734
    -0.43944     0.98758    -0.21105    0.014234
    -0.26977     0.89099    -0.23324   0.0059161
    -0.42626     0.98898    -0.24232    0.011203
    -0.36321     0.96575    -0.25555   0.0083067
    -0.36321     0.96575    -0.25555   0.0083067
    -0.31533      1.0526    -0.20598    0.010936
    -0.44166     0.83845    -0.26712   0.0043057
     -0.6716     0.86176    -0.26947   0.0085175
    -0.42668     0.77088    -0.22047   0.0046716
    -0.16678     0.60177     0.27287    0.008448
    -0.16678     0.60177     0.27287    0.008448
    -0.45055     0.55262   -0.049479   0.0059485
    -0.27806     0.59492     0.16268   0.0072557
     -0.5394     0.86405    -0.28166   0.0072866
    -0.80712     0.60349    -0.44387   0.0021109
    -0.96656      0.6894    -0.25587   0.0087695
    -0.93178     0.60479    -0.38306   0.0034939
    -0.93178     0.60479    -0.38306   0.0034939
    -0.96957     0.62604    -0.32063   0.0053801
    -0.96957     0.62604    -0.32063   0.0053801
    -0.96957     0.62604    -0.32063   0.0053801
    -0.96957     0.62604    -0.32063   0.0053801
    -0.96957     0.62604    -0.32063   0.0053801
    -0.96957     0.62604    -0.32063   0.0053801
    -0.96957     0.62604    -0.32063   0.0053801
    -0.92541     0.64035    -0.37224   0.0055255
    -0.79473     0.64711     -0.4397     0.00297
     -0.6413     0.82534    -0.30297   0.0074977
    -0.51163     0.75221    -0.25915   0.0044791
    -0.67509      1.0473    0.065755    0.030743
    -0.57295     0.85324    -0.27546   0.0075919
    -0.46751     0.71686     -0.2249   0.0044871
    -0.47583     0.67437    -0.19266   0.0049423
    -0.22358     0.81901    -0.16372   0.0057026
    -0.31786     0.76187    -0.14607   0.0051751
    -0.25147     0.78941    -0.14217   0.0056399
    -0.38129      0.6729   -0.083149   0.0056345
    -0.38129      0.6729   -0.083149   0.0056345
    -0.11027     0.83648     -0.1595   0.0052751
   -0.066015     0.75979   -0.050076   0.0059784
    -0.36459     0.71858    -0.12961   0.0061699
    -0.35635     0.71375    -0.12045   0.0057136
    -0.58007      0.4481   -0.079909    0.007759
    -0.58007      0.4481   -0.079909    0.007759
    -0.63465     0.48037    -0.20345   0.0065969
    -0.63465     0.48037    -0.20345   0.0065969
    -0.50244     0.52289    -0.11486   0.0054197
    -0.45432     0.73856    -0.21452   0.0038579
    -0.31881     0.98244    -0.24474   0.0075128
     -0.2294      1.1739   -0.090842    0.016185
    -0.18865      1.0613    -0.23443   0.0095088
    -0.10049       1.177    -0.12355    0.015793
     0.17493     0.92012    -0.24427   0.0060034
     0.17493     0.92012    -0.24427   0.0060034
    -0.11601      1.0442    -0.24134    0.010597
    -0.31594     0.91055    -0.24691   0.0054674
    -0.48606      1.0792    -0.11158    0.019468
    -0.31447       1.229     0.13828    0.035048
    -0.57187      1.1071  -0.0050261    0.022882
    -0.57187      1.1071  -0.0050261    0.022882
     -0.7778     0.88081    -0.18363    0.013405
    -0.82053     0.59331    -0.44109   0.0024695
    -0.78761     0.66148    -0.43298   0.0033483
    -0.78761     0.66148    -0.43298   0.0033483
    -0.58642      0.9108    -0.24541   0.0091689
    -0.69444     0.67514    -0.39843   0.0031996
    -0.71408     0.89272    -0.22217    0.012345
    -0.77632      0.7366    -0.36188   0.0074305
     -1.0476     0.44327     0.11982   0.0077426
     -1.0476     0.44327     0.11982   0.0077426
     -1.2233     0.44829     0.42517   0.0068946
     -1.0337     0.55835    -0.19998   0.0048372
    -0.90594     0.67855    -0.36891   0.0059783
    -0.90594     0.67855    -0.36891   0.0059783
    -0.64298     0.69312    -0.36387   0.0029952
    -0.38028      0.8792    -0.25201   0.0061177
    -0.27646     0.77269     -0.1248   0.0054922
    -0.54851     0.73818    -0.29335   0.0039777
    -0.65084     0.70161    -0.36483   0.0028873
    -0.45884     0.92684    -0.24663   0.0080401
    -0.30776      1.0674    -0.20183    0.010853
    -0.17319       1.157    -0.11889    0.018767
   -0.087564      1.1488    -0.15452    0.016461
    0.063385     0.97915    -0.25197   0.0061068
    0.063385     0.97915    -0.25197   0.0061068
   0.0052416     0.85477    -0.17944   0.0054832
  -0.0069799     0.87088    -0.18248   0.0049079
     0.17273     0.81935    -0.15568   0.0050894
     0.46981     0.78943     -0.2597   0.0040262
     0.21694      1.0191    -0.23709   0.0096379
     0.40989     0.74475    -0.19206   0.0052123
     0.20709     0.70828   0.0028356   0.0063259
     0.20709     0.70828   0.0028356   0.0063259
     0.34227     0.52709     0.18998   0.0068234
     0.57232     0.64665    -0.29375   0.0033677
     0.32009     0.92014    -0.25539   0.0066406
     0.30396        1.08    -0.18881    0.012566
     0.16068      1.1933   -0.065203    0.026005
     0.16068      1.1933   -0.065203    0.026005
     0.23853      1.0887    -0.17538    0.013494
     0.47568      1.1946     0.10649     0.02912
     0.47568      1.1946     0.10649     0.02912
     0.32746      1.0802    -0.17668    0.013966
     0.43498      1.2387     0.18967     0.02639
     0.43498      1.2387     0.18967     0.02639
     0.43498      1.2387     0.18967     0.02639
     0.54795      1.2226     0.36966    0.041868
     0.54795      1.2226     0.36966    0.041868
     0.54795      1.2226     0.36966    0.041868
     0.44571      1.2135     0.13562    0.027499
     0.18615       1.258    0.096682     0.02456
     0.18615       1.258    0.096682     0.02456
     0.30926      1.1113    -0.13798    0.014909
     0.48307      0.9183    -0.26291    0.009376
     0.48307      0.9183    -0.26291    0.009376
     0.20147     0.91255    -0.23582   0.0052063
     0.28036     0.98749     -0.2479   0.0071146
     0.36266     0.94612    -0.24911   0.0077909
     0.21663      1.0892    -0.21092    0.010487
    0.022152      1.0879    -0.22012    0.010738
     0.10388      1.3249       0.248    0.031037
     0.10388      1.3249       0.248    0.031037
     0.10388      1.3249       0.248    0.031037
     0.31242       1.379     0.64062    0.050096
     0.38035      1.2823     0.24818    0.032185
     0.12017      1.3232     0.32829     0.03638
    0.043457      1.1939   -0.068167    0.021089
    -0.21983       1.197    -0.04804    0.018255
    -0.21983       1.197    -0.04804    0.018255
    -0.21983       1.197    -0.04804    0.018255
   -0.040981      1.0395    -0.25043   0.0071627
    -0.22548     0.94195    -0.25016   0.0064999
    -0.22548     0.94195    -0.25016   0.0064999
     -0.2091      1.0095    -0.25391   0.0073745
   -0.038722     0.92304    -0.22127    0.005172
    -0.27462      1.1074    -0.14048    0.019552
    -0.27462      1.1074    -0.14048    0.019552
    -0.27462      1.1074    -0.14048    0.019552
    -0.27462      1.1074    -0.14048    0.019552
    -0.27462      1.1074    -0.14048    0.019552
    -0.27462      1.1074    -0.14048    0.019552
    -0.24197      1.3269     0.30229    0.032655
    -0.24197      1.3269     0.30229    0.032655
    -0.19677       1.249    0.095949    0.033053
    -0.18205      1.0544    -0.22882    0.011053
    -0.18205      1.0544    -0.22882    0.011053
    -0.18205      1.0544    -0.22882    0.011053
   -0.018432      1.0155    -0.24536   0.0069878
    -0.25008     0.95483    -0.24862   0.0055474
   0.0015491     0.71038    0.058423   0.0072701
   0.0015491     0.71038    0.058423   0.0072701
   0.0015491     0.71038    0.058423   0.0072701
   0.0015491     0.71038    0.058423   0.0072701
     0.17483     0.80008    -0.13332   0.0057523
     0.19474     0.85856    -0.19481   0.0049237
     0.13098     0.59495     0.31488   0.0092087
     0.25726     0.51325     0.40995   0.0086764
     0.18984     0.45327     0.77336    0.012063
     0.30904     0.35718     0.73771    0.011059
     0.45164     0.65547    -0.15556    0.005455
     0.45164     0.65547    -0.15556    0.005455
     0.60817     0.80543    -0.31159   0.0062318
     0.60817     0.80543    -0.31159   0.0062318
     0.59874      0.9013    -0.25608    0.011156
     0.31845     0.61834    0.061583    0.006973
     0.31845     0.61834    0.061583    0.006973
     0.31845     0.61834    0.061583    0.006973
    0.035368     0.81402    -0.12381   0.0048736
   -0.078479     0.90386    -0.21765   0.0062939
    -0.24307     0.90223    -0.24597   0.0049565
    -0.46762     0.75205    -0.23715   0.0046285
    -0.64942     0.57106    -0.35161   0.0035091
    -0.64942     0.57106    -0.35161   0.0035091
    -0.64942     0.57106    -0.35161   0.0035091
    -0.76645     0.47512    -0.21456   0.0081171
     -0.5212     0.71737    -0.26753   0.0044776
    -0.68486     0.56384    -0.38067   0.0031834
    -0.68486     0.56384    -0.38067   0.0031834
    -0.68486     0.56384    -0.38067   0.0031834
    -0.91435     0.58341     -0.3892   0.0033351
    -0.86123     0.57306    -0.40838   0.0033778
    -0.86123     0.57306    -0.40838   0.0033778
    -0.86123     0.57306    -0.40838   0.0033778
    -0.86123     0.57306    -0.40838   0.0033778
    -0.86123     0.57306    -0.40838   0.0033778
      -1.161     0.69238     0.28516    0.017823
     -1.1887     0.51377     0.21449   0.0061919
    -0.98609     0.62691    -0.29321   0.0061451
    -0.98609     0.62691    -0.29321   0.0061451
    -0.91858     0.56353    -0.35882    0.003263
    -0.91858     0.56353    -0.35882    0.003263
    -0.91858     0.56353    -0.35882    0.003263
    -0.91858     0.56353    -0.35882    0.003263
    -0.91858     0.56353    -0.35882    0.003263
    -0.91858     0.56353    -0.35882    0.003263
    -0.91858     0.56353    -0.35882    0.003263
    -0.91858     0.56353    -0.35882    0.003263
    -0.66293     0.49134    -0.25034   0.0059878
    -0.66293     0.49134    -0.25034   0.0059878
    -0.50718     0.46561   -0.044943   0.0064025
    -0.50718     0.46561   -0.044943   0.0064025
    -0.80388     0.41342      0.1611    0.011981
    -0.80388     0.41342      0.1611    0.011981
    -0.96795     0.35946     0.67184    0.019449
     -1.0173     0.60878     -0.2422   0.0063792
    -0.78344     0.86691    -0.19192    0.012651
    -0.71357      1.0136   -0.015312    0.016734
    -0.71357      1.0136   -0.015312    0.016734
    -0.71357      1.0136   -0.015312    0.016734
    -0.71357      1.0136   -0.015312    0.016734
    -0.61899      1.0821    0.017511      0.0219
    -0.61899      1.0821    0.017511      0.0219
    -0.61899      1.0821    0.017511      0.0219
    -0.35489      1.0423    -0.22189    0.013566
    -0.35489      1.0423    -0.22189    0.013566
    -0.62354     0.99521    -0.15843    0.012938
    -0.55855      1.1242    0.066852    0.024111
    -0.44964     0.84475    -0.26219   0.0054395
    -0.44964     0.84475    -0.26219   0.0054395
     -0.2199     0.61534     0.17628   0.0071817
    0.075409      0.8824     -0.2072   0.0048249
     0.21914      1.1595   -0.098719    0.017081
     0.21914      1.1595   -0.098719    0.017081
     0.21914      1.1595   -0.098719    0.017081
     0.21914      1.1595   -0.098719    0.017081
     0.21914      1.1595   -0.098719    0.017081
     0.21914      1.1595   -0.098719    0.017081
     0.40644      1.1076    -0.11428    0.016276
     0.48915      1.2814     0.48574    0.043251
     0.32104      1.2175    0.093648    0.027942
     0.32104      1.2175    0.093648    0.027942
     0.57856      1.3038     0.62136    0.043227
     0.69021      1.0929     0.18915    0.032647
     0.76822     0.81554    -0.26441    0.010223
     0.70728     0.93093    -0.14937     0.01905
     0.65116      1.0715    0.099825    0.025495
     0.72806      1.0234    0.030615    0.021472
     0.76187     0.83976    -0.25532    0.010018
     0.95501     0.56702    -0.32649   0.0036555
      1.0056     0.85201     0.21739    0.024014
     0.85416      1.0588     0.44981    0.037583
     0.85416      1.0588     0.44981    0.037583
     0.78496     0.88925    -0.17352     0.01317
     0.78496     0.88925    -0.17352     0.01317
     0.88123      1.1226     0.85681    0.063599
     0.90108     0.92053    0.098693    0.022681
     0.83601      1.0274     0.26275    0.030538
     0.83601      1.0274     0.26275    0.030538
     0.90109      1.0756     0.71446    0.039655
      1.0533     0.86568     0.36703    0.028935
      1.0533     0.86568     0.36703    0.028935
      0.8018     0.94695     -0.0133    0.020409
      0.8018     0.94695     -0.0133    0.020409
     0.51119      0.9898    -0.20942      0.0126
     0.51119      0.9898    -0.20942      0.0126
     0.36626      1.0062    -0.20814    0.011031
     0.36626      1.0062    -0.20814    0.011031
     0.19402     0.97641    -0.23967    0.007947
     0.27985     0.69781   -0.029555   0.0057366
    0.015201     0.60975     0.32241   0.0086461
    -0.19771     0.51243     0.52568    0.010536
    0.067606      0.8097    -0.11955   0.0057034
    0.067606      0.8097    -0.11955   0.0057034
     0.32266     0.63275    0.036144    0.006669
     0.46065     0.61949    -0.13206   0.0046701
     0.46065     0.61949    -0.13206   0.0046701
     0.34277     0.79742    -0.19737   0.0045869
     0.51532     0.81366    -0.27899   0.0051711
     0.61339     0.82336    -0.30396   0.0066485
     0.61339     0.82336    -0.30396   0.0066485
     0.89573     0.74018    -0.29325    0.008199
     0.90396     0.58311    -0.39391   0.0034342
     0.82409     0.54774    -0.39991   0.0033634
     0.82409     0.54774    -0.39991   0.0033634
      0.8562     0.67351    -0.40557    0.004751
     0.80994     0.54078    -0.38791   0.0042533
       0.763      0.5466    -0.39934   0.0039207
     0.88896     0.58278     -0.4031   0.0033293
     0.88896     0.58278     -0.4031   0.0033293
     0.92755     0.73679      -0.267     0.01145
     0.89866     0.82817    -0.14569    0.016013
     0.96328      0.5314    -0.27282   0.0041776
     0.96328      0.5314    -0.27282   0.0041776
     0.96328      0.5314    -0.27282   0.0041776
     0.96328      0.5314    -0.27282   0.0041776
     0.96328      0.5314    -0.27282   0.0041776
     0.96328      0.5314    -0.27282   0.0041776
     0.96328      0.5314    -0.27282   0.0041776
     0.96328      0.5314    -0.27282   0.0041776
     0.99249      0.6941    -0.22433   0.0098041
     0.99249      0.6941    -0.22433   0.0098041
     0.99249      0.6941    -0.22433   0.0098041
     0.99249      0.6941    -0.22433   0.0098041
     0.84734     0.59797    -0.43314   0.0023187
     0.85044     0.47508    -0.17813    0.007561
     0.85044     0.47508    -0.17813    0.007561
     0.84354     0.54884    -0.38868   0.0040409
        0.92     0.77225    -0.21546    0.011893
     0.76101      0.5545    -0.41138   0.0038403
     0.70892     0.55297    -0.39045   0.0031114
     0.45006     0.71772    -0.20762   0.0047099
     0.23226     0.96731    -0.24689   0.0071362
     0.35136      0.6769   -0.064556   0.0061145
     0.32439     0.50278     0.27235   0.0079224
     0.32439     0.50278     0.27235   0.0079224
     0.32439     0.50278     0.27235   0.0079224
     0.16718      0.7952     -0.1177   0.0051485
     0.34688      1.0708    -0.16694    0.012866
      0.5408      1.1691     0.10694    0.027429
     0.56783     0.87595    -0.27119   0.0080116
     0.60555      1.0746   -0.018392    0.023707
     0.60555      1.0746   -0.018392    0.023707
     0.50852      1.2428     0.28066    0.032792
     0.35442      1.1565   -0.048172    0.020129
     0.51238     0.96528    -0.22155     0.01281
      0.6679     0.89953    -0.25685   0.0095686
      0.8172     0.85573    -0.17849    0.015497
      0.8172     0.85573    -0.17849    0.015497
     0.65639     0.62737    -0.37666   0.0028467
     0.65984     0.70528    -0.37346   0.0031003
     0.50731     0.69506    -0.24718   0.0043643
     0.50731     0.69506    -0.24718   0.0043643
     0.28827     0.91477    -0.24754     0.00551
     0.41101     0.81957    -0.23364   0.0058433
     0.59409     0.66864    -0.32447   0.0035998
     0.73221      0.9597   -0.097004    0.018512
     0.65518      1.0078   -0.078667    0.016983
     0.41604      1.1212   0.0095793    0.025961
     0.63963     0.98806    -0.15133    0.014911
     0.63963     0.98806    -0.15133    0.014911
     0.75351     0.84623     -0.2475     0.01163
     0.75351     0.84623     -0.2475     0.01163
      0.9808     0.71724    -0.18836    0.011764
      0.9808     0.71724    -0.18836    0.011764
      0.9808     0.71724    -0.18836    0.011764
     0.74603     0.44624   -0.080475    0.009815
     0.93795     0.46858   -0.091124    0.008488
     0.95496      0.4837    -0.13197   0.0060295
      1.0085     0.49714    -0.12933   0.0048431
      1.0085     0.49714    -0.12933   0.0048431
      1.0085     0.49714    -0.12933   0.0048431
      1.0036     0.65224    -0.25765   0.0079131
      1.0036     0.65224    -0.25765   0.0079131
      1.0036     0.65224    -0.25765   0.0079131
      1.0036     0.65224    -0.25765   0.0079131
      1.0745     0.67165   -0.050415    0.011767
      1.2498     0.46819     0.44614    0.007355
      1.2498     0.46819     0.44614    0.007355
      1.2498     0.46819     0.44614    0.007355
      1.2498     0.46819     0.44614    0.007355
      1.2498     0.46819     0.44614    0.007355
      1.2575     0.39199     0.72237    0.012967
      1.2575     0.39199     0.72237    0.012967
      1.2575     0.39199     0.72237    0.012967
      1.1532      0.5141    0.099751   0.0059374
      1.2003     0.51006     0.23235   0.0066042
      1.2003     0.51006     0.23235   0.0066042
      1.2003     0.51006     0.23235   0.0066042
     0.99669     0.80321    0.016452    0.017971
     0.82855     0.55969     -0.4141    0.003558
     0.82855     0.55969     -0.4141    0.003558
     0.82855     0.55969     -0.4141    0.003558
     0.59608     0.66922    -0.32393   0.0026972
      0.4445     0.65633    -0.14621   0.0050118
     0.25725     0.68904   0.0042086    0.006162
     0.25725     0.68904   0.0042086    0.006162
     0.23695     0.72081   -0.049542   0.0060968
     0.23695     0.72081   -0.049542   0.0060968
     0.39089     0.92873    -0.25065   0.0071786
     0.54251      0.6934    -0.28197    0.004445
     0.54251      0.6934    -0.28197    0.004445
     0.53154     0.59982    -0.21654   0.0041347
     0.42204      0.4406     0.17691   0.0066959
      0.7049     0.61649     -0.4148   0.0024735
      0.7049     0.61649     -0.4148   0.0024735
     0.82683     0.63619    -0.43995   0.0025194
     0.82683     0.63619    -0.43995   0.0025194
     0.65338     0.73237     -0.3599   0.0039645
     0.66315     0.76403    -0.33913   0.0051797
      0.8103     0.74851    -0.35429   0.0070152
     0.93037     0.65737    -0.33378   0.0072509
     0.72949     0.52389    -0.34644   0.0048271
     0.72949     0.52389    -0.34644   0.0048271
     0.72949     0.52389    -0.34644   0.0048271
     0.73957      0.5118    -0.32369   0.0056739
     0.73957      0.5118    -0.32369   0.0056739
     0.74984     0.67742    -0.41674    0.003518
      0.6012     0.86233    -0.26804   0.0089677
      0.6012     0.86233    -0.26804   0.0089677
     0.59926      1.1046    0.064113    0.023106
     0.59926      1.1046    0.064113    0.023106
     0.65968     0.89687    -0.23667    0.011574
     0.63196      1.0285   -0.070574     0.01998
     0.76902      0.9518   -0.055322     0.01982
     0.47875     0.85395    -0.26937   0.0061156
     0.47875     0.85395    -0.26937   0.0061156
      0.4257     0.81089    -0.24647   0.0046229
      0.4257     0.81089    -0.24647   0.0046229
      0.2803     0.92036    -0.25275   0.0067768
     0.28378      1.0415    -0.24331    0.006827
     0.28378      1.0415    -0.24331    0.006827
    0.079087      1.0196    -0.24671   0.0067466
   -0.083102     0.80523     -0.1225   0.0054317
    -0.17121     0.71459  -0.0072735   0.0063336
    -0.17121     0.71459  -0.0072735   0.0063336
    -0.29164     0.75624    -0.12086   0.0055484
    -0.38601     0.53207    0.097365   0.0073151
    -0.38601     0.53207    0.097365   0.0073151
    -0.30662     0.51402     0.31236     0.00905
    -0.30662     0.51402     0.31236     0.00905
    -0.30662     0.51402     0.31236     0.00905
    -0.26388     0.77864    -0.13128   0.0055176
    -0.50947     0.99538    -0.19312    0.014569
     -0.4844     0.95336    -0.25155   0.0088949
    -0.78105     0.83172     -0.2465   0.0094233
    -0.53093     0.58279    -0.21185   0.0046442
    -0.77633     0.52134    -0.35147   0.0062023
    -0.77633     0.52134    -0.35147   0.0062023
    -0.77633     0.52134    -0.35147   0.0062023
    -0.77633     0.52134    -0.35147   0.0062023
    -0.77633     0.52134    -0.35147   0.0062023
    -0.77633     0.52134    -0.35147   0.0062023
    -0.67639     0.44165   -0.059262   0.0092359
    -0.69121     0.42779    0.017695    0.010285
    -0.51461     0.48511   -0.086704   0.0057598
    -0.51461     0.48511   -0.086704   0.0057598
    -0.51461     0.48511   -0.086704   0.0057598
    -0.77525     0.75853    -0.35434   0.0070208
    -0.92747     0.47863    -0.14634   0.0062876
    -0.71854     0.52384    -0.34733   0.0055466
    -0.71854     0.52384    -0.34733   0.0055466
    -0.71854     0.52384    -0.34733   0.0055466
    -0.67597     0.71893    -0.36847   0.0037266
    -0.67597     0.71893    -0.36847   0.0037266
    -0.67597     0.71893    -0.36847   0.0037266
    -0.67597     0.71893    -0.36847   0.0037266
    -0.81518     0.51696    -0.33825   0.0055007
    -0.81518     0.51696    -0.33825   0.0055007
    -0.81518     0.51696    -0.33825   0.0055007
    -0.92324     0.69693    -0.31474   0.0081466
    -0.92324     0.69693    -0.31474   0.0081466
    -0.92324     0.69693    -0.31474   0.0081466
    -0.96705     0.91525     0.29093    0.029493
    -0.96705     0.91525     0.29093    0.029493
    -0.96705     0.91525     0.29093    0.029493
     -1.0889      0.6384     -0.0524    0.009799
     -1.0889      0.6384     -0.0524    0.009799
     -1.0889      0.6384     -0.0524    0.009799
     -1.0889      0.6384     -0.0524    0.009799
     -0.9222     0.78042     -0.1911    0.013774
    -0.73276      1.0455     0.12798    0.024378
    -0.73276      1.0455     0.12798    0.024378
    -0.88819     0.84103   -0.067838    0.017405
    -0.88819     0.84103   -0.067838    0.017405
    -0.88819     0.84103   -0.067838    0.017405
    -0.87865     0.83651    -0.14806    0.013058
    -0.83973      0.7929    -0.28799    0.008593
     -1.0142     0.56787    -0.23764   0.0046562
    -0.82769     0.59095    -0.43809   0.0027986
    -0.94999     0.61826    -0.34255   0.0054711
    -0.94999     0.61826    -0.34255   0.0054711
    -0.94999     0.61826    -0.34255   0.0054711
    -0.94999     0.61826    -0.34255   0.0054711
     -1.2153     0.78325     0.88919    0.029542
     -1.2153     0.78325     0.88919    0.029542
     -1.2153     0.78325     0.88919    0.029542
     -1.2153     0.78325     0.88919    0.029542
     -1.2153     0.78325     0.88919    0.029542
    -0.95803     0.76575    -0.13048    0.014074
    -0.95803     0.76575    -0.13048    0.014074
    -0.95803     0.76575    -0.13048    0.014074
    -0.97016     0.72387    -0.22573    0.011687
    -0.97016     0.72387    -0.22573    0.011687
    -0.97016     0.72387    -0.22573    0.011687
      -1.121     0.64607    0.055415    0.011321
      -1.121     0.64607    0.055415    0.011321
      -1.121     0.64607    0.055415    0.011321
      -1.121     0.64607    0.055415    0.011321
      -1.121     0.64607    0.055415    0.011321
    -0.82366     0.62181    -0.44665   0.0029242
    -0.63473     0.63051    -0.35405   0.0030843
    -0.70684     0.54552    -0.37109   0.0036521
    -0.69676     0.56886     -0.3893   0.0025669
    -0.81007     0.59148    -0.43835   0.0024079
     -1.0493     0.81448     0.19906    0.020811
     -1.0493     0.81448     0.19906    0.020811
     -1.0493     0.81448     0.19906    0.020811
    -0.78027     0.63297    -0.44115   0.0028208
     -0.7505     0.57705    -0.42805   0.0024764
      -0.493     0.78936    -0.26639   0.0055981
    -0.78593     0.59576    -0.44235   0.0022128
    -0.65903     0.63577    -0.37721   0.0025233
    -0.65903     0.63577    -0.37721   0.0025233
    -0.65903     0.63577    -0.37721   0.0025233
    -0.89051     0.85467    -0.09828    0.015004
    -0.89051     0.85467    -0.09828    0.015004
     -1.0639      0.8194     0.27999    0.021824
     -1.0639      0.8194     0.27999    0.021824
     -1.0476     0.86474     0.37614    0.025896
     -1.0476     0.86474     0.37614    0.025896
    -0.86615     0.67122    -0.40242    0.004986
    -0.70997     0.84408    -0.26753   0.0085837
    -0.70997     0.84408    -0.26753   0.0085837
    -0.73639     0.92535    -0.12965    0.016881
    -0.73639     0.92535    -0.12965    0.016881
    -0.73639     0.92535    -0.12965    0.016881
     -0.8421     0.73876    -0.34161   0.0076021
     -0.7246     0.55913    -0.40206   0.0037766
    -0.87549     0.41896     0.15284    0.012703
    -0.87549     0.41896     0.15284    0.012703
     -1.1347     0.64163    0.075524     0.01156
     -1.1347     0.64163    0.075524     0.01156
     -1.1347     0.64163    0.075524     0.01156
     -1.0467     0.52844    -0.14238   0.0036842
     -1.0467     0.52844    -0.14238   0.0036842
     -1.0915     0.79162     0.29708    0.021077
     -1.0915     0.79162     0.29708    0.021077
    -0.97294      1.0462     0.77322    0.043265
    -0.76954      1.1843     0.73654    0.058925
    -0.76954      1.1843     0.73654    0.058925
    -0.76954      1.1843     0.73654    0.058925
    -0.51912      1.0922    -0.10008    0.014289
    -0.22875        1.12    -0.20675    0.011561
    -0.47533     0.91317    -0.27037   0.0068447
    -0.65777     0.75304    -0.34447   0.0046152
    -0.73589     0.54097    -0.38358   0.0044253
    -0.73589     0.54097    -0.38358   0.0044253
    -0.73589     0.54097    -0.38358   0.0044253
    -0.73589     0.54097    -0.38358   0.0044253
    -0.57385     0.49568    -0.18098   0.0056327
    -0.57385     0.49568    -0.18098   0.0056327
    -0.57385     0.49568    -0.18098   0.0056327
    -0.65433     0.62838    -0.37667   0.0025136
    -0.65433     0.62838    -0.37667   0.0025136
     -0.4311     0.83302    -0.25747   0.0057172
    -0.42416     0.66142    -0.12657   0.0045438
    -0.46358     0.81319    -0.26397   0.0049579
    -0.45428      0.6908    -0.18504    0.004654
    -0.57616     0.78124    -0.30889   0.0056202
    -0.77487     0.87202    -0.20462    0.012757
    -0.77487     0.87202    -0.20462    0.012757
    -0.48421      1.0989   -0.065855    0.019891
    -0.29576     0.80284    -0.18301   0.0056312
    -0.43442      1.0537    -0.14809     0.01759
    -0.69521      0.9529      -0.115    0.017114
    -0.93544     0.85777    0.024226     0.02186
    -0.88848     0.56424     -0.3899   0.0033936
    -0.88848     0.56424     -0.3899   0.0033936
    -0.81423     0.64989    -0.44199   0.0034456
    -0.62335     0.47841    -0.18939   0.0068442
     -0.5194     0.50588    -0.12081   0.0049742
     -0.5194     0.50588    -0.12081   0.0049742
     -0.5194     0.50588    -0.12081   0.0049742
    -0.33046      0.6429   0.0042178   0.0066657
    -0.30884     0.78001     -0.1654   0.0053667
    -0.14314      1.0086    -0.24525   0.0073982
    -0.14314      1.0086    -0.24525   0.0073982
    -0.14314      1.0086    -0.24525   0.0073982
    -0.35265      1.0414     -0.2105   0.0099615
    -0.23205      1.1765    -0.05145    0.022455
    -0.23205      1.1765    -0.05145    0.022455
    -0.19859      0.8831    -0.21844   0.0054245
    -0.29176     0.69878   -0.049568   0.0058166
    -0.58742     0.97415     -0.1914     0.01364
    -0.48513      1.0931   -0.072478     0.02184
    -0.57114     0.82826    -0.29158   0.0066578
     -0.6822     0.59979     -0.3971   0.0024893
    -0.84936     0.64489    -0.42044   0.0042364
    -0.60561     0.69093    -0.33407   0.0031167
     -0.6736     0.77385    -0.34472   0.0047513
    -0.57349     0.76178    -0.30781      0.0049
    -0.70711     0.74158    -0.36731   0.0050455
    -0.40902      1.0353    -0.19737    0.014352
    -0.15749      1.0172    -0.25253    0.007245
      -0.422     0.89465    -0.26547    0.006195
    -0.71141     0.88383    -0.21057    0.013081
    -0.56265     0.62487    -0.27449   0.0034421
     -0.3128     0.67746   -0.023943   0.0065412
    -0.61179     0.76281    -0.32999   0.0051347
    -0.66406     0.89403    -0.21165    0.013834
    -0.66406     0.89403    -0.21165    0.013834
    -0.95034     0.63993    -0.33642   0.0055732
    -0.95034     0.63993    -0.33642   0.0055732
     -1.1478     0.54934    0.071573   0.0063772
     -1.1478     0.54934    0.071573   0.0063772
     -1.1478     0.54934    0.071573   0.0063772
     -1.1139     0.35579     0.74003    0.018319
     -1.1556      0.3816     0.60133    0.014602
     -1.1556      0.3816     0.60133    0.014602
     -1.3347     0.49453      0.7762   0.0088417
      -1.131     0.34924     0.77319     0.01941
      -1.131     0.34924     0.77319     0.01941
      -1.131     0.34924     0.77319     0.01941
      -1.131     0.34924     0.77319     0.01941
     -1.3974     0.43542      1.1546    0.012659
     -1.2361      0.3913     0.68118     0.01342
     -1.2472     0.40622     0.63803    0.011375
     -1.1514     0.33617     0.97273    0.022831
    -0.93813     0.53204    -0.29979   0.0040976
    -0.91345     0.80293     -0.1616    0.014633
    -0.79689     0.95663   -0.035015    0.017956
    -0.62355     0.84857    -0.28974   0.0073105
    -0.68595     0.59832    -0.39498   0.0023632
    -0.48333     0.64081    -0.17175   0.0043325
    -0.48333     0.64081    -0.17175   0.0043325
    -0.36681     0.43622     0.33747   0.0079485
    -0.36681     0.43622     0.33747   0.0079485
    -0.38428     0.47775     0.20198   0.0070475
    -0.38428     0.47775     0.20198   0.0070475
    -0.16527     0.66638     0.11861   0.0073479
    -0.16527     0.66638     0.11861   0.0073479
     0.10505     0.78073   -0.080382   0.0056903
   -0.041652     0.88689     -0.2074   0.0049669
    -0.13052     0.74585   -0.031917   0.0062015
    -0.34402      0.6585    -0.02802   0.0063588
    -0.19994     0.79804    -0.13774   0.0056574
    -0.32921      1.0883    -0.17945    0.013562
     -0.6167     0.80116    -0.31807   0.0057672
    -0.57864     0.83059    -0.28747   0.0083722
    -0.78337     0.81398    -0.27904   0.0094138
    -0.89454     0.82384    -0.14373    0.015487
    -0.74459     0.73106     -0.3848   0.0053993
    -0.79833     0.90666    -0.10153    0.017017
    -0.79833     0.90666    -0.10153    0.017017
    -0.79833     0.90666    -0.10153    0.017017
    -0.51648      1.1111    0.012641      0.0292
    -0.32267      1.0614     -0.2009    0.012144
    -0.07753     0.76474   -0.040101   0.0062549
    -0.15933     0.98725    -0.23509    0.011033
    -0.27935      1.1691   -0.055068    0.019515
    -0.32191     0.91751    -0.24826   0.0060536
    -0.32191     0.91751    -0.24826   0.0060536
    -0.60983      1.1566     0.23429    0.030316
    -0.39103      1.0278     -0.2255    0.010313
    -0.30022      1.1316    -0.14202    0.017341
    -0.13736     0.95238    -0.24221   0.0068215
    -0.25266     0.92201    -0.25575   0.0056024
    -0.35224      1.1554   -0.044525    0.023498
    -0.32809     0.99501     -0.2501   0.0084813
    -0.39329      1.0034    -0.23127    0.010618
    -0.39329      1.0034    -0.23127    0.010618
      -0.574     0.90684    -0.26358   0.0082996
    -0.76954      1.0929      0.2853    0.031693
    -0.60566     0.93087    -0.23469    0.012371
    -0.40892      0.8943    -0.26031   0.0058661
    -0.51492      1.1544    0.072795    0.029436
    -0.29905     0.99415    -0.23883    0.010467
    -0.29905     0.99415    -0.23883    0.010467
    -0.52496      0.7744     -0.2787   0.0039145
    -0.37809     0.95487    -0.25445     0.01173
    -0.14513      1.1764    -0.06674    0.024236
    -0.41329      1.0822    -0.14723     0.01528
    -0.41329      1.0822    -0.14723     0.01528
    -0.41329      1.0822    -0.14723     0.01528
    -0.18022      1.1489    -0.11827    0.016715
   -0.094118      1.0474    -0.24635     0.01486
   -0.094118      1.0474    -0.24635     0.01486
    -0.19352      1.0752    -0.20328    0.011763
    0.090595     0.84091    -0.16177   0.0059805
    0.090595     0.84091    -0.16177   0.0059805
     0.21856      1.0619    -0.23567    0.011519
     0.21856      1.0619    -0.23567    0.011519
   0.0033263      1.1315    -0.16282    0.016911
   0.0033263      1.1315    -0.16282    0.016911
     0.11704      1.2333 -9.7129e-05    0.020726
     0.30733      1.1234    -0.15169    0.015064
     0.41471     0.96123    -0.24688   0.0085037
     0.41471     0.96123    -0.24688   0.0085037
     0.45142     0.87557    -0.26634   0.0070125
      0.2622     0.92909     -0.2415   0.0065739
     0.38239      1.0495    -0.21708    0.012654
     0.42937      1.3116      0.4665    0.043592
     0.47951      1.2386     0.30723    0.027915
     0.47951      1.2386     0.30723    0.027915
      0.2559      1.3736     0.64893    0.048474
    0.032255      1.0828    -0.22904    0.010036
    0.060934     0.94527    -0.24516   0.0048223
     0.26457     0.76413    -0.11737   0.0055495
       0.145     0.84984    -0.17753   0.0061251
   0.0089205     0.83393    -0.15584   0.0056237
    -0.21023       1.117     -0.1752    0.012242
    -0.21023       1.117     -0.1752    0.012242
    -0.21586     0.83902    -0.18399   0.0052224
    -0.43957     0.83339    -0.26198    0.004621
    -0.33698     0.97765    -0.25399   0.0067554
    -0.33698     0.97765    -0.25399   0.0067554
    -0.29107      1.0675    -0.17865    0.015906
    -0.11775     0.92818    -0.23821   0.0053648
    -0.11775     0.92818    -0.23821   0.0053648
     0.16663      0.8778     -0.2117   0.0050244
     0.11589     0.97246     -0.2537   0.0058802
     0.20821     0.85063    -0.18614   0.0049307
     0.20821     0.85063    -0.18614   0.0049307
    0.067538      1.0759    -0.22083   0.0088631
    0.021329     0.94279    -0.23295   0.0051155
    0.021329     0.94279    -0.23295   0.0051155
     0.19423      0.7871    -0.12016   0.0060586
     0.24246      0.9127    -0.24564   0.0062113
     0.42921     0.79075     -0.2363    0.004566
     0.42921     0.79075     -0.2363    0.004566
      0.7282     0.75993    -0.35097   0.0060505
     0.60202     0.76541    -0.32173   0.0053059
     0.60202     0.76541    -0.32173   0.0053059
     0.36612      1.0547    -0.20404    0.013387
     0.36612      1.0547    -0.20404    0.013387
     0.36612      1.0547    -0.20404    0.013387
     0.46523      1.1086    -0.11525    0.016012
     0.26569      1.2201   0.0074545    0.019114
     0.26569      1.2201   0.0074545    0.019114
     0.52236     0.93085    -0.24137    0.009394
     0.49643      1.1632    0.051112    0.024009
     0.59568      1.1158    0.065475    0.026639
     0.61849      1.2381     0.50439    0.037387
     0.43927      1.0828     -0.1358    0.016029
     0.38366      1.1806    0.017281    0.026121
     0.47365       1.324     0.48765      0.0393
     0.47365       1.324     0.48765      0.0393
     0.48169      1.0343    -0.16083    0.014035
     0.55499       0.818    -0.29383   0.0056008
     0.55499       0.818    -0.29383   0.0056008
     0.64223     0.63086    -0.36164   0.0025799
     0.89929     0.86368   -0.025148    0.017938
     0.91392     0.62732    -0.38629   0.0045551
      1.1858     0.63847     0.25506    0.011687
         1.1      0.5292   -0.036439   0.0053864
     0.83372     0.48055    -0.21463   0.0072947
     0.94929     0.47056   -0.095379   0.0066325
     0.94929     0.47056   -0.095379   0.0066325
     0.94929     0.47056   -0.095379   0.0066325
     0.94929     0.47056   -0.095379   0.0066325
      1.0133     0.53809    -0.21423   0.0042103
      1.0133     0.53809    -0.21423   0.0042103
       1.039     0.55221    -0.18284   0.0047611
       1.039     0.55221    -0.18284   0.0047611
       1.039     0.55221    -0.18284   0.0047611
     0.94318     0.36553     0.62655    0.017119
     0.94318     0.36553     0.62655    0.017119
     0.94318     0.36553     0.62655    0.017119
      1.1297     0.46674     0.15737   0.0054961
      1.1297     0.46674     0.15737   0.0054961
      1.1297     0.46674     0.15737   0.0054961
      1.0213     0.40518      0.2899    0.010373
     0.72996     0.32427      1.2022    0.026773
      0.6615     0.31651       1.319    0.028229
      0.6615     0.31651       1.319    0.028229
      0.6615     0.31651       1.319    0.028229
      0.6615     0.31651       1.319    0.028229
     0.88842      0.4572   -0.053644   0.0086515
      1.0193     0.71598     -0.1061    0.015392
       0.756     0.80966    -0.30836   0.0088352
       0.756     0.80966    -0.30836   0.0088352
      1.0438     0.71649   -0.065511     0.01254
      1.0438     0.71649   -0.065511     0.01254
      1.0438     0.71649   -0.065511     0.01254
      1.0438     0.71649   -0.065511     0.01254
      1.0438     0.71649   -0.065511     0.01254
     0.81072      0.4428   -0.030044    0.010415
     0.52293     0.43857   0.0019118   0.0078814
     0.53875     0.51997    -0.17597   0.0049696
     0.27096     0.79458    -0.16836    0.004876
     0.27096     0.79458    -0.16836    0.004876
     0.22823      0.7929    -0.13832   0.0055006
   0.0018573     0.84068    -0.15969   0.0053887
     0.14116     0.82118     -0.1401   0.0057787
     0.14116     0.82118     -0.1401   0.0057787
     0.14116     0.82118     -0.1401   0.0057787
     0.14116     0.82118     -0.1401   0.0057787
     0.27115      1.1171    -0.16568     0.01357
     0.49562      1.1059   -0.051881    0.023468
     0.36078      1.0862    -0.14434    0.018083
     0.19874      1.2107   -0.041055    0.019993
     0.19874      1.2107   -0.041055    0.019993
   -0.057074       1.255     0.05803    0.024103
   -0.057074       1.255     0.05803    0.024103
    0.036545      1.3127     0.20354    0.033212
    -0.22738      1.0574    -0.21548    0.012044
    -0.22738      1.0574    -0.21548    0.012044
    0.049888     0.93963    -0.23955   0.0058455
      0.2524       1.051     -0.2386   0.0092839
      0.2524       1.051     -0.2386   0.0092839
     0.14398     0.94862    -0.24297   0.0057347
     0.14398     0.94862    -0.24297   0.0057347
     0.32691     0.77793    -0.16583   0.0050668
     0.43567     0.74094    -0.20904   0.0048707
     0.43567     0.74094    -0.20904   0.0048707
     0.29954     0.67171   -0.017192   0.0059923
    0.055153     0.74472  -0.0060857   0.0060912
     0.30963     0.96249    -0.24841   0.0084595
     0.30963     0.96249    -0.24841   0.0084595
     0.39607     0.88258    -0.25503   0.0058966
     0.29784     0.88664    -0.23272    0.006028
    0.039539       0.958    -0.24812   0.0054391
   -0.078072     0.97283    -0.25254   0.0059822
    -0.36424     0.89165    -0.24647   0.0059416
    -0.47139     0.93265     -0.2655   0.0080184
    -0.39235     0.87484     -0.2547   0.0062974
    -0.39235     0.87484     -0.2547   0.0062974
    -0.39235     0.87484     -0.2547   0.0062974
    -0.19469      1.0692    -0.21626    0.011883
    -0.19469      1.0692    -0.21626    0.011883
    -0.33925     0.80659    -0.20067   0.0049338
    -0.61131     0.58689    -0.31732   0.0032435
    -0.79082     0.61126    -0.44295   0.0024986
    -0.72302     0.38258     0.42359    0.015847
    -0.60128     0.62179    -0.32097   0.0029539
    -0.44031     0.64287    -0.12742   0.0054284
    -0.52034     0.76582    -0.28291   0.0041656
    -0.52034     0.76582    -0.28291   0.0041656
    -0.55736     0.54449    -0.21551   0.0045976
    -0.82107     0.55139    -0.40372   0.0039119
    -0.82107     0.55139    -0.40372   0.0039119
    -0.82107     0.55139    -0.40372   0.0039119
    -0.58521     0.68034    -0.31062   0.0057934
     -0.6268     0.59294    -0.34061   0.0030156
    -0.82472     0.88775    -0.12143    0.013545
    -0.67722     0.80598    -0.31869   0.0068698
    -0.45124     0.99827    -0.23653    0.010333
    -0.71019     0.85958     -0.2597   0.0086741
    -0.41396     0.81258    -0.24274   0.0044703
    -0.33679     0.73862    -0.13457    0.005352
    -0.33679     0.73862    -0.13457    0.005352
   -0.093517     0.85795      -0.184   0.0051121
   -0.059883      0.9036    -0.21258   0.0053583
   -0.059883      0.9036    -0.21258   0.0053583
     0.16709      1.1912   -0.079109    0.018704
    0.025253     0.89503    -0.20891    0.005401
    0.025253     0.89503    -0.20891    0.005401
    0.025253     0.89503    -0.20891    0.005401
     -0.2246     0.79008     -0.1382   0.0054883
     -0.2246     0.79008     -0.1382   0.0054883
    -0.17335      0.8572    -0.18898   0.0054456
    -0.17335      0.8572    -0.18898   0.0054456
    0.022345     0.80612    -0.10933   0.0057791
    -0.21125     0.60655     0.22375   0.0074642
    -0.21125     0.60655     0.22375   0.0074642
    -0.21125     0.60655     0.22375   0.0074642
    -0.21125     0.60655     0.22375   0.0074642
   -0.088586     0.80544    -0.12754   0.0052569
   -0.088586     0.80544    -0.12754   0.0052569
     0.19157       1.024     -0.2471   0.0096478
     0.19157       1.024     -0.2471   0.0096478
     0.16095     0.74423    -0.04191   0.0056844
      0.4175      0.5236    0.053297   0.0067617
      0.4175      0.5236    0.053297   0.0067617
     0.35978     0.51042     0.19908   0.0077287
     0.57234     0.67862    -0.29496   0.0031637
     0.44489     0.79632    -0.24455   0.0053066
     0.39309     0.62257   -0.041987   0.0061605
     0.19057     0.77651    -0.10849   0.0060219
   -0.073523      1.0305    -0.24896   0.0081547
    -0.13301      1.1642   -0.074664     0.02593
    -0.13301      1.1642   -0.074664     0.02593
    -0.13301      1.1642   -0.074664     0.02593
     0.10862       1.305     0.23094    0.031901
   0.0094718      1.2043   -0.058363    0.016667
    0.028003     0.94653    -0.24019    0.005523
     0.20573       1.021    -0.23682   0.0086485
    0.012082     0.72341    0.027867   0.0070121
    0.012376     0.78787   -0.079876   0.0057034
     -0.1654     0.74645   -0.040011   0.0059011
    -0.33525     0.77643    -0.16894   0.0050428
    -0.34983     0.59438    0.063302   0.0071975
   -0.078443     0.79886     -0.1139   0.0059739
   -0.078443     0.79886     -0.1139   0.0059739
   -0.078443     0.79886     -0.1139   0.0059739
   -0.078443     0.79886     -0.1139   0.0059739
   -0.094036      0.5668     0.42899   0.0087173
    -0.31845     0.64317    0.017431   0.0063033
    -0.31845     0.64317    0.017431   0.0063033
    -0.31845     0.64317    0.017431   0.0063033
     -0.4112     0.47152     0.13107   0.0068454
    -0.24368     0.51352     0.42574   0.0098835
    -0.34093     0.75301    -0.15091    0.005505
    -0.43563      1.0275    -0.18378    0.014327
    -0.25578     0.86739    -0.21749    0.004528
    -0.54059     0.72956    -0.28377   0.0039549
    -0.52404      1.0128    -0.18036    0.015516
    -0.52404      1.0128    -0.18036    0.015516
    -0.79271      1.0631     0.29533    0.029754
     -1.0753     0.85185     0.42437    0.027483
     -1.0753     0.85185     0.42437    0.027483
    -0.87956     0.62169    -0.41769   0.0036555
     -1.0312     0.69367    -0.12979    0.010947
     -1.0312     0.69367    -0.12979    0.010947
     -1.0312     0.69367    -0.12979    0.010947
    -0.84011     0.58902    -0.43524   0.0029375
    -0.69717     0.60967    -0.40499   0.0023226
    -0.60443     0.67708    -0.32686   0.0032909
    -0.67685     0.56765    -0.37056   0.0033033
    -0.39272     0.78265    -0.21323   0.0046953
    -0.43044     0.88953    -0.26925   0.0061573
    -0.61232      1.1339      0.1435    0.031081
    -0.63898      1.1376     0.18392    0.029394
    -0.83044     0.96815     0.11182    0.024736
    -0.91054      1.2014      1.2381    0.051141
    -0.91054      1.2014      1.2381    0.051141
    -0.96936       1.076     0.95151    0.046742
    -0.96936       1.076     0.95151    0.046742
    -0.96936       1.076     0.95151    0.046742
    -0.96936       1.076     0.95151    0.046742
    -0.96936       1.076     0.95151    0.046742
    -0.70101      1.2217     0.59468    0.040261
    -0.70101      1.2217     0.59468    0.040261
    -0.99199      1.1427       1.457    0.062107
    -0.71455     0.99844   -0.038967    0.020821
    -0.71638      0.7386    -0.37911   0.0043046
     -0.6087     0.88801    -0.26255    0.010506
    -0.50952      1.1053   -0.087524    0.016725
    -0.50952      1.1053   -0.087524    0.016725
    -0.39961     0.82154     -0.2333   0.0054387
    -0.68881     0.82078    -0.30296   0.0085851
    -0.68881     0.82078    -0.30296   0.0085851
    -0.68881     0.82078    -0.30296   0.0085851
    -0.82444     0.78412    -0.29468   0.0094045
    -0.82444     0.78412    -0.29468   0.0094045
    -0.67608     0.91891    -0.20592    0.016466
    -0.47974     0.93694     -0.2617   0.0074212
     -0.6476      1.0971     0.13738    0.026354
    -0.67249      1.0592    0.060478    0.021985
    -0.43584     0.86286    -0.26564   0.0055078
    -0.69351     0.98041    -0.07828    0.016731
    -0.69351     0.98041    -0.07828    0.016731
    -0.56766     0.84292     -0.2768   0.0064148
    -0.56766     0.84292     -0.2768   0.0064148
    -0.56766     0.84292     -0.2768   0.0064148
    -0.47909      1.0666    -0.13461    0.019218
    -0.24553      1.0091    -0.25546   0.0070809
   -0.098498     0.94023    -0.23935    0.005074
    -0.12526      1.1903   -0.063459    0.022116
