     ACCEPTANCE:
      0.72277
      0.72549
      0.72816
      0.73077
      0.73333
      0.73585
      0.73832
      0.74074
      0.73394
      0.73636
      0.73874
      0.74107
      0.74336
      0.74561
      0.74783
      0.74138
      0.74359
      0.74576
       0.7479
      0.74167
      0.73554
       0.7377
      0.73984
      0.73387
        0.736
      0.73016
      0.72441
      0.72656
      0.72868
      0.73077
      0.73282
      0.73485
      0.73684
      0.73881
      0.74074
      0.74265
      0.74453
      0.74638
       0.7482
      0.74286
      0.73759
      0.73239
      0.73427
      0.73611
      0.73793
      0.73288
      0.73469
      0.73649
      0.73826
         0.74
      0.74172
      0.74342
       0.7451
      0.74675
      0.74839
      0.74359
      0.74522
      0.74051
      0.73585
       0.7375
      0.73913
      0.74074
      0.74233
       0.7439
      0.74545
      0.74096
      0.74251
      0.74405
      0.74556
      0.74706
      0.74269
      0.74419
      0.74566
      0.74713
      0.74857
      0.74432
      0.74576
      0.74719
       0.7486
         0.75
      0.75138
      0.74725
      0.74863
         0.75
      0.75135
      0.75269
      0.75401
      0.75532
      0.75132
      0.75263
      0.74869
      0.74479
      0.74093
      0.73711
      0.73333
      0.72959
      0.73096
      0.73232
      0.73367
        0.735
      0.73632
      0.73762
      0.73892
       0.7402
      0.74146
      0.74272
      0.74396
      0.74519
      0.74163
      0.74286
      0.74408
      0.74528
      0.74648
      0.74766
      0.74419
      0.74537
      0.74194
      0.74312
      0.74429
      0.74545
      0.74661
      0.74775
      0.74888
         0.75
      0.74667
      0.74779
       0.7489
         0.75
      0.75109
      0.75217
      0.74892
         0.75
      0.75107
      0.75214
      0.74894
         0.75
      0.75105
       0.7521
      0.75314
      0.75417
      0.75104
      0.75207
      0.75309
       0.7541
      0.75102
      0.75203
      0.75304
      0.75403
      0.75502
        0.756
      0.75697
      0.75794
      0.75889
      0.75984
      0.76078
      0.75781
      0.75875
      0.75969
      0.76062
      0.76154
      0.76245
      0.76336
      0.76426
      0.76136
      0.76226
      0.76316
      0.76404
      0.76493
       0.7658
      0.76296
      0.76384
      0.76471
       0.7619
      0.76277
      0.76364
      0.76087
      0.75812
      0.75899
      0.75627
      0.75357
      0.75445
      0.75532
      0.75265
      0.75352
      0.75439
      0.75175
      0.75261
      0.75347
      0.75433
      0.75517
      0.75601
      0.75685
      0.75427
       0.7517
      0.75254
      0.75338
      0.75421
      0.75503
      0.75585
      0.75333
      0.75083
      0.75166
      0.75248
         0.75
      0.75082
      0.75163
      0.75244
         0.75
      0.74757
      0.74516
      0.74277
      0.74038
      0.74121
      0.73885
      0.73968
      0.74051
      0.73817
      0.73585
      0.73668
       0.7375
      0.73832
      0.73602
      0.73375
      0.73148
      0.73231
      0.73313
      0.73394
      0.73476
      0.73556
      0.73636
      0.73716
      0.73494
      0.73574
      0.73353
      0.73433
      0.73512
      0.73294
      0.73077
      0.73156
      0.73235
      0.73314
      0.73392
      0.73469
      0.73256
      0.73043
      0.73121
      0.73199
      0.73276
      0.73066
      0.72857
      0.72934
      0.73011
      0.72805
      0.72599
      0.72394
      0.72191
      0.72269
      0.72346
      0.72423
      0.72222
      0.72299
      0.72099
      0.71901
      0.71703
      0.71507
      0.71311
      0.71117
      0.70924
      0.71003
      0.70811
      0.70889
      0.70699
      0.70777
      0.70588
      0.70667
      0.70745
      0.70822
      0.70899
      0.70712
      0.70526
      0.70341
      0.70419
      0.70235
      0.70052
       0.7013
      0.69948
      0.70026
      0.70103
       0.7018
          0.7
      0.70077
      0.70153
      0.70229
      0.70051
      0.69873
      0.69697
      0.69521
      0.69347
      0.69424
        0.695
      0.69576
      0.69403
      0.69479
      0.69554
       0.6963
      0.69704
      0.69779
      0.69853
      0.69927
          0.7
      0.70073
      0.70146
      0.69976
      0.70048
       0.6988
      0.69952
      0.70024
      0.70096
      0.69928
          0.7
      0.70071
      0.69905
      0.69976
      0.69811
      0.69882
      0.69718
      0.69789
      0.69626
      0.69697
      0.69767
      0.69838
      0.69907
      0.69977
      0.69816
      0.69885
      0.69954
      0.69794
      0.69863
      0.69932
          0.7
      0.69841
       0.6991
      0.69977
      0.70045
      0.69888
      0.69955
      0.70022
      0.70089
      0.70156
          0.7
      0.70067
      0.70133
      0.70199
      0.70044
       0.6989
      0.69737
      0.69584
      0.69432
      0.69281
       0.6913
      0.69197
      0.69048
      0.68898
       0.6875
      0.68817
      0.68884
      0.68737
      0.68803
       0.6887
      0.68936
      0.69002
      0.69068
      0.69133
      0.69198
      0.69263
      0.69118
      0.68973
      0.69038
      0.69102
      0.69167
      0.69231
      0.69295
      0.69151
      0.69215
      0.69278
      0.69342
      0.69405
      0.69467
      0.69325
      0.69388
       0.6945
      0.69512
      0.69371
      0.69433
      0.69495
      0.69556
      0.69618
      0.69679
      0.69739
        0.698
      0.69661
      0.69721
      0.69583
      0.69643
      0.69505
      0.69368
      0.69428
      0.69488
      0.69548
      0.69608
      0.69472
      0.69336
      0.69396
      0.69261
      0.69126
      0.68992
      0.69052
      0.69112
      0.68979
      0.68846
      0.68714
      0.68582
      0.68642
      0.68511
      0.68381
      0.68441
      0.68501
      0.68371
      0.68242
      0.68302
      0.68362
      0.68233
      0.68105
      0.68165
      0.68224
      0.68284
      0.68156
      0.68216
      0.68089
      0.68148
      0.68207
      0.68081
       0.6814
      0.68199
      0.68257
      0.68132
       0.6819
      0.68066
      0.68124
      0.68182
       0.6824
      0.68297
      0.68354
      0.68231
      0.68108
      0.68165
      0.68043
        0.681
      0.68157
      0.68036
      0.68093
      0.67972
      0.68028
      0.68085
      0.68142
      0.68198
      0.68078
      0.68134
      0.68014
       0.6807
      0.68126
      0.68007
      0.68063
      0.68118
      0.68174
      0.68056
      0.68111
      0.68166
      0.68048
      0.68103
      0.67986
      0.67869
      0.67925
      0.67979
      0.68034
      0.68089
      0.68143
      0.68197
      0.68081
      0.67966
      0.67851
      0.67736
      0.67622
      0.67677
      0.67731
      0.67785
      0.67672
      0.67559
      0.67613
      0.67667
       0.6772
      0.67608
      0.67496
       0.6755
      0.67438
      0.67327
      0.67216
       0.6727
      0.67159
      0.67049
      0.67103
      0.66993
      0.66884
      0.66938
      0.66829
      0.66721
      0.66775
      0.66667
      0.66559
      0.66452
      0.66506
      0.66559
      0.66453
      0.66506
        0.664
      0.66294
      0.66348
      0.66401
      0.66455
      0.66508
      0.66561
      0.66456
      0.66351
      0.66246
      0.66299
      0.66195
      0.66091
      0.65987
      0.65884
      0.65938
      0.65835
      0.65732
      0.65785
      0.65683
      0.65581
      0.65635
      0.65533
      0.65432
      0.65331
      0.65231
      0.65284
      0.65337
      0.65391
      0.65443
      0.65496
      0.65549
      0.65449
       0.6535
      0.65402
      0.65455
      0.65507
      0.65559
      0.65611
      0.65512
      0.65414
      0.65465
      0.65367
      0.65419
      0.65321
      0.65373
      0.65276
      0.65327
      0.65379
      0.65282
      0.65333
      0.65237
       0.6514
      0.65192
      0.65243
      0.65294
      0.65198
      0.65249
      0.65154
      0.65058
      0.65109
      0.65015
      0.65066
      0.64971
      0.65022
      0.65072
      0.64978
      0.64884
      0.64935
      0.64986
      0.65036
      0.65086
      0.65136
      0.65043
       0.6495
      0.64857
      0.64907
      0.64815
      0.64723
      0.64773
      0.64681
      0.64731
      0.64781
      0.64831
       0.6488
       0.6493
      0.64979
      0.64888
      0.64937
      0.64986
      0.65035
      0.65084
      0.65132
      0.65181
       0.6509
      0.65139
      0.65187
      0.65235
      0.65145
      0.65055
      0.65103
      0.65152
      0.65199
       0.6511
      0.65021
      0.65068
      0.65116
      0.65027
      0.65075
      0.65123
       0.6517
      0.65217
      0.65265
      0.65312
      0.65359
      0.65405
      0.65452
      0.65499
      0.65545
      0.65591
      0.65638
      0.65684
       0.6573
      0.65775
      0.65821
      0.65867
      0.65912
      0.65824
       0.6587
      0.65782
      0.65828
      0.65741
      0.65654
      0.65699
      0.65744
      0.65658
      0.65703
      0.65748
      0.65662
      0.65576
       0.6549
      0.65535
       0.6558
      0.65625
       0.6567
      0.65714
      0.65759
      0.65803
      0.65847
      0.65891
      0.65935
      0.65851
      0.65894
       0.6581
      0.65854
      0.65769
      0.65813
      0.65729
      0.65773
      0.65816
       0.6586
      0.65903
      0.65947
       0.6599
      0.66033
      0.66076
      0.66119
      0.66162
      0.66204
      0.66247
      0.66164
       0.6608
      0.66123
      0.66165
      0.66208
       0.6625
      0.66292
      0.66334
      0.66252
      0.66294
      0.66335
      0.66377
      0.66419
       0.6646
      0.66502
      0.66543
      0.66584
      0.66502
      0.66544
      0.66585
      0.66626
      0.66667
      0.66707
      0.66748
      0.66667
      0.66707
      0.66748
      0.66788
      0.66829
      0.66748
      0.66667
      0.66707
      0.66747
      0.66667
      0.66707
      0.66747
      0.66667
      0.66707
      0.66627
      0.66667
      0.66587
      0.66627
      0.66667
      0.66706
      0.66627
      0.66667
      0.66706
      0.66746
      0.66785
      0.66825
      0.66746
      0.66785
      0.66824
      0.66863
      0.66902
      0.66941
       0.6698
      0.67019
       0.6694
      0.66979
      0.67018
      0.67056
      0.66978
      0.67016
      0.67055
      0.66977
      0.67015
      0.67053
      0.67092
      0.67014
      0.67052
       0.6709
      0.67013
      0.67051
      0.67089
      0.67126
      0.67049
      0.67087
      0.67125
      0.67048
      0.67086
      0.67009
      0.66933
       0.6697
      0.67008
      0.66932
      0.66969
      0.67007
      0.67044
      0.67081
      0.67119
      0.67156
      0.67193
      0.67117
      0.67154
      0.67191
      0.67116
      0.67152
      0.67189
      0.67226
      0.67263
      0.67299
      0.67336
      0.67372
      0.67297
      0.67222
      0.67148
      0.67184
       0.6711
      0.67146
      0.67072
      0.66998
      0.67034
       0.6696
      0.66887
      0.66923
       0.6685
      0.66776
      0.66813
      0.66849
      0.66885
      0.66812
      0.66739
      0.66667
      0.66703
      0.66739
      0.66775
      0.66703
      0.66739
      0.66667
      0.66595
      0.66523
      0.66451
      0.66487
      0.66523
      0.66559
      0.66595
      0.66524
      0.66559
      0.66595
      0.66631
       0.6656
      0.66489
      0.66418
      0.66454
      0.66489
      0.66525
      0.66561
       0.6649
      0.66525
      0.66455
       0.6649
      0.66526
      0.66456
      0.66491
      0.66526
      0.66456
      0.66492
      0.66422
      0.66457
      0.66492
      0.66423
      0.66458
      0.66493
      0.66528
      0.66458
      0.66493
      0.66528
      0.66563
      0.66598
      0.66632
      0.66667
      0.66701
      0.66632
      0.66563
      0.66598
      0.66529
      0.66564
      0.66598
      0.66632
      0.66667
      0.66701
      0.66735
      0.66769
      0.66701
      0.66735
      0.66769
      0.66701
      0.66633
      0.66667
      0.66701
      0.66734
      0.66768
      0.66802
      0.66835
      0.66869
      0.66902
      0.66835
      0.66868
      0.66901
      0.66834
      0.66867
      0.66901
      0.66834
      0.66767
        0.668
      0.66733
      0.66766
        0.667
      0.66733
      0.66766
        0.667
      0.66634
      0.66567
      0.66601
      0.66535
      0.66568
      0.66502
      0.66535
      0.66568
      0.66502
      0.66535
      0.66568
      0.66601
      0.66634
      0.66667
      0.66699
      0.66732
      0.66667
      0.66602
      0.66634
      0.66667
      0.66699
      0.66732
      0.66764
      0.66796
      0.66828
       0.6686
      0.66893
      0.66925
       0.6686
      0.66795
      0.66731
      0.66763
      0.66795
      0.66731
      0.66667
      0.66699
      0.66731
      0.66762
      0.66794
      0.66826
      0.66858
      0.66889
      0.66826
      0.66857
      0.66889
      0.66825
      0.66857
      0.66888
      0.66825
      0.66761
      0.66793
      0.66824
      0.66856
      0.66887
      0.66918
      0.66949
       0.6698
      0.67011
      0.67042
      0.67073
       0.6701
      0.67041
      0.66978
      0.66916
      0.66853
      0.66791
      0.66822
       0.6676
      0.66791
      0.66822
      0.66852
      0.66883
      0.66914
      0.66852
      0.66883
      0.66913
      0.66851
       0.6679
       0.6682
      0.66759
      0.66789
       0.6682
       0.6685
      0.66881
      0.66911
      0.66941
       0.6688
       0.6691
      0.66849
      0.66788
      0.66819
      0.66849
      0.66879
      0.66909
