# DISTANCE:     AVE_GOFR:        ERROR:
3.231652035047825194e-02 0.000000000000000000e+00 0.000000000000000000e+00
9.694956105143476277e-02 0.000000000000000000e+00 0.000000000000000000e+00
1.615826017523912528e-01 0.000000000000000000e+00 0.000000000000000000e+00
2.262156424533477705e-01 0.000000000000000000e+00 0.000000000000000000e+00
2.908486831543042883e-01 0.000000000000000000e+00 0.000000000000000000e+00
3.554817238552607783e-01 0.000000000000000000e+00 0.000000000000000000e+00
4.201147645562172683e-01 0.000000000000000000e+00 0.000000000000000000e+00
4.847478052571737583e-01 0.000000000000000000e+00 0.000000000000000000e+00
5.493808459581303039e-01 0.000000000000000000e+00 0.000000000000000000e+00
6.140138866590867384e-01 0.000000000000000000e+00 0.000000000000000000e+00
6.786469273600432839e-01 0.000000000000000000e+00 0.000000000000000000e+00
7.432799680609998294e-01 0.000000000000000000e+00 0.000000000000000000e+00
8.079130087619562639e-01 0.000000000000000000e+00 0.000000000000000000e+00
8.725460494629128094e-01 9.085358753153699105e-04 3.916643088013698062e-05
9.371790901638693549e-01 1.377901009727631187e-01 5.116025017500195693e-04
1.001812130864825789e+00 9.972285184152659410e-01 1.330953171805038032e-03
1.066445171565782335e+00 1.920246518913899747e+00 2.232524908335802461e-03
1.131078212266738880e+00 2.144386708818926124e+00 2.149696515345804210e-03
1.195711252967695426e+00 1.976607958745704163e+00 2.492779730717953682e-03
1.260344293668651749e+00 1.741542729434726544e+00 1.812739703980699750e-03
1.324977334369608295e+00 1.539252476700594841e+00 1.631396904537164806e-03
1.389610375070564841e+00 1.388918607912259517e+00 1.248519599121162855e-03
1.454243415771521386e+00 1.278007156529726185e+00 1.117305011595064179e-03
1.518876456472477932e+00 1.198364880679442468e+00 1.115248823257055082e-03
1.583509497173434255e+00 1.139609127278231604e+00 9.513944173675303395e-04
1.648142537874390801e+00 1.098195013437749390e+00 9.391961952006838482e-04
1.712775578575347346e+00 1.070191744278095713e+00 9.149915808275988893e-04
1.777408619276303892e+00 1.051610014462642351e+00 8.050036531761922687e-04
1.842041659977260437e+00 1.038750214550375084e+00 7.677705404617865201e-04
1.906674700678216761e+00 1.030537993579495826e+00 7.491753250622753104e-04
1.971307741379173306e+00 1.026315433861269000e+00 7.179723704658463575e-04
2.035940782080130074e+00 1.024981610071060700e+00 7.380335325032490960e-04
2.100573822781086175e+00 1.022500198663703008e+00 6.423476254942947408e-04
2.165206863482042721e+00 1.021867439171898040e+00 7.304557724058635248e-04
2.229839904182999266e+00 1.017841772553226276e+00 5.701368750655431972e-04
2.294472944883955812e+00 1.013411697690367763e+00 6.066007210054324408e-04
2.359105985584912357e+00 1.009456866730940483e+00 6.098498034178111019e-04
2.423739026285868903e+00 1.004847036934480853e+00 6.045070114367337259e-04
2.488372066986825448e+00 1.000453390709906243e+00 4.961829917792837672e-04
2.553005107687781994e+00 9.954628678142859455e-01 4.814898688088580653e-04
2.617638148388738539e+00 9.924806407061211866e-01 4.796224566886793015e-04
2.682271189089695085e+00 9.896822223473781266e-01 5.356784813246542225e-04
2.746904229790651630e+00 9.863130650596678706e-01 4.891920315436516439e-04
2.811537270491607732e+00 9.840681422763610797e-01 4.330833452565329583e-04
2.876170311192564277e+00 9.834989635160179544e-01 4.834732074315065934e-04
2.940803351893520823e+00 9.821991814187950309e-01 4.713178184531654981e-04
3.005436392594477368e+00 9.802426514406833435e-01 4.908770952223095530e-04
3.070069433295433914e+00 9.790276536980172528e-01 4.523682064424122402e-04
3.134702473996390459e+00 9.778193630336847741e-01 3.910924878429526143e-04
3.199335514697347005e+00 9.778236723766302596e-01 4.242607727147999492e-04
3.263968555398303550e+00 9.762635614916826965e-01 4.247356681622096205e-04
3.328601596099260096e+00 9.766495628560586395e-01 4.236151348378001751e-04
3.393234636800216641e+00 9.756431691611188173e-01 3.522814989742313694e-04
3.457867677501172743e+00 9.757957606615231816e-01 3.736940977927997272e-04
3.522500718202129288e+00 9.749737629025202468e-01 3.727670099260819059e-04
3.587133758903085834e+00 9.749534348464596878e-01 3.643402265273060800e-04
3.651766799604042379e+00 9.744504792112157476e-01 3.511497368492451213e-04
3.716399840304998925e+00 9.741520424534813039e-01 3.423739538030596825e-04
3.781032881005955470e+00 9.740898595068392396e-01 3.748680003001364242e-04
3.845665921706912016e+00 9.738220785555984360e-01 3.581530970815960694e-04
3.910298962407868562e+00 9.734876651082327026e-01 3.141760194663116416e-04
3.974932003108825107e+00 9.737273640562206234e-01 3.051213077801379590e-04
4.039565043809781208e+00 9.736254548565638212e-01 2.981764110390656172e-04
4.104198084510738198e+00 9.733305137967128706e-01 2.826897332161437551e-04
4.168831125211694300e+00 9.737878316212161822e-01 3.187187760402928520e-04
4.233464165912651289e+00 9.738177713565857596e-01 2.903157323514419966e-04
4.298097206613607391e+00 9.733923934037075343e-01 2.956470707335345457e-04
4.362730247314564380e+00 9.738715824209580596e-01 2.650013668644802070e-04
4.427363288015520482e+00 9.739896844466674475e-01 2.961818460878408096e-04
4.491996328716476583e+00 9.737997868847976246e-01 2.737263435682076441e-04
4.556629369417433573e+00 9.731450934146291809e-01 2.703975113765188956e-04
4.621262410118389674e+00 9.732842290973140464e-01 2.661366623163403228e-04
4.685895450819346664e+00 9.737970836654639140e-01 2.825758682499254857e-04
4.750528491520302765e+00 9.737467741060702453e-01 2.819854923535792981e-04
4.815161532221259755e+00 9.737193180460088637e-01 2.906305035348153527e-04
4.879794572922215856e+00 9.739695047326997202e-01 2.842324996446705661e-04
4.944427613623172846e+00 9.745522734777235518e-01 2.424362008699026960e-04
5.009060654324128947e+00 9.747517353214569802e-01 2.514230860454291588e-04
5.073693695025085937e+00 9.743337596176725457e-01 2.315030499999736261e-04
5.138326735726042038e+00 9.744871674015892493e-01 2.372627845297019646e-04
5.202959776426998140e+00 9.737780885276149379e-01 2.537925552543273517e-04
5.267592817127955129e+00 9.747880972228112340e-01 2.780692445259482469e-04
5.332225857828911231e+00 9.742957680386336028e-01 2.202594173562234402e-04
5.396858898529868220e+00 9.744876372016755273e-01 2.507914354435674797e-04
5.461491939230824322e+00 9.744802422868796832e-01 2.250267164191251926e-04
5.526124979931781311e+00 9.750273897479746488e-01 2.192509986427083662e-04
5.590758020632737413e+00 9.748273371411968480e-01 2.389767929428395735e-04
5.655391061333694402e+00 9.749583576537846907e-01 2.249826073408397380e-04
5.720024102034650504e+00 9.750012154020918365e-01 2.594332366759005519e-04
5.784657142735607493e+00 9.751656096144282193e-01 2.040703561036311911e-04
5.849290183436563595e+00 9.753501862896081231e-01 1.933057264744053789e-04
5.913923224137519696e+00 9.753744603462652929e-01 2.259679867740682863e-04
5.978556264838476686e+00 9.753374669714789391e-01 1.970739795158682386e-04
6.043189305539432787e+00 9.752454514730689583e-01 2.213408705816135452e-04
6.107822346240389777e+00 9.757097734326773963e-01 2.062709237500693455e-04
6.172455386941345878e+00 9.757321646385253011e-01 2.241317713908760065e-04
6.237088427642302868e+00 9.759269324774325627e-01 2.014073927554184027e-04
6.301721468343258969e+00 9.759240119796983581e-01 1.972388677191459641e-04
6.366354509044215959e+00 9.760199017174051583e-01 1.927185367465326980e-04
6.430987549745172061e+00 9.760531531464810007e-01 1.711708445539792442e-04
