     MU:      SIGMA:     E_MEASURED:    ERROR:
     -0.1628     0.62329     0.19422   0.0085232
   -0.061689     0.92185    -0.23085   0.0047625
     0.10837     0.96213    -0.25114   0.0053499
    0.041354     0.76388   -0.038275   0.0060959
     0.26639     0.64966    0.056636   0.0071574
     0.39445     0.87928    -0.25269   0.0050834
     0.49896     0.85298    -0.27582   0.0064343
     0.74974     0.93406    -0.12068    0.015033
     0.69463     0.66417    -0.39859    0.003077
     0.79429     0.44784   -0.044769    0.010501
     0.51995      0.7273    -0.27044   0.0040216
      0.6053     0.91358    -0.25603    0.010362
     0.46487     0.76456    -0.24657   0.0046604
     0.52112     0.52526    -0.15488   0.0046413
     0.52112     0.52526    -0.15488   0.0046413
     0.52112     0.52526    -0.15488   0.0046413
      0.5719     0.76569     -0.3065   0.0044507
     0.84142     0.72401    -0.35536   0.0072287
     0.63261     0.93992    -0.20861    0.014422
     0.63261     0.93992    -0.20861    0.014422
     0.50054     0.98692    -0.21635    0.011224
     0.77059     0.99311    0.014989    0.020571
      0.6705       1.108     0.20819    0.033994
      0.6705       1.108     0.20819    0.033994
      0.6705       1.108     0.20819    0.033994
     0.44002      1.1832     0.06514    0.022689
     0.44002      1.1832     0.06514    0.022689
     0.71067     0.99865   -0.026082     0.01849
     0.47284      1.1622     0.10281    0.028155
     0.23103       1.294     0.22736    0.036045
     0.23709      1.2237    0.088253    0.026423
     0.48759       1.065    -0.10528    0.020993
     0.39422     0.99007    -0.23671   0.0084526
     0.68577      0.8343    -0.29379   0.0086251
     0.92996     0.64437    -0.36842   0.0046493
     0.68765     0.92241    -0.16495    0.014703
     0.89093     0.96079     0.20623    0.023429
     0.80256      1.0726     0.34243    0.032878
     0.90631     0.98155     0.31695    0.029509
     0.65057      1.2709     0.67021    0.055991
     0.65057      1.2709     0.67021    0.055991
     0.65057      1.2709     0.67021    0.055991
     0.51216      1.0399    -0.14867    0.014758
     0.26101     0.82275    -0.18733   0.0047709
     0.29572     0.60515     0.11527   0.0070799
     0.29572     0.60515     0.11527   0.0070799
     0.21345     0.75919   -0.094359   0.0058402
    0.072938     0.85882    -0.17806   0.0049014
     0.15575     0.70621    0.029532   0.0064321
      0.3206     0.70236   -0.074467   0.0062592
     0.12568     0.90433    -0.22166   0.0060923
   -0.058697     0.77384   -0.057262   0.0060953
    0.022639     0.70878    0.061248   0.0065762
    -0.09345     0.99478    -0.24863   0.0072973
   -0.085156      1.0535    -0.24109   0.0087438
    -0.29013     0.82387     -0.1891   0.0063747
    -0.50139     0.76742    -0.26499   0.0045998
    -0.50139     0.76742    -0.26499   0.0045998
    -0.38831     0.54738    0.089837   0.0070489
     -0.5279     0.62404    -0.23183   0.0040347
    -0.44976     0.62668     -0.1266   0.0051874
    -0.25077        0.79      -0.139   0.0057809
     -0.2337     0.92856    -0.25017   0.0053482
    -0.20029     0.68969    0.033796   0.0066392
     -0.4019     0.77628    -0.21167   0.0040528
    -0.37659     0.89397    -0.25698   0.0057983
    -0.53466     0.72816    -0.28137   0.0038163
    -0.60961     0.90059    -0.25825    0.010514
    -0.76367     0.69208    -0.40757   0.0041511
    -0.73683      0.6395     -0.4259   0.0023436
    -0.73683      0.6395     -0.4259   0.0023436
    -0.50735     0.82703    -0.27906   0.0052841
    -0.50735     0.82703    -0.27906   0.0052841
    -0.66384     0.92502    -0.20223    0.012467
    -0.60079     0.90179    -0.26672    0.009352
    -0.42717     0.64746    -0.11788   0.0053015
    -0.37929     0.73436    -0.15338   0.0062434
    -0.50562     0.52017    -0.11021   0.0054841
    -0.73556     0.54347    -0.38331   0.0036205
    -0.49064     0.45259    0.014637   0.0065943
    -0.49064     0.45259    0.014637   0.0065943
    -0.49064     0.45259    0.014637   0.0065943
    -0.49064     0.45259    0.014637   0.0065943
    -0.31815     0.49489     0.32014   0.0086963
    -0.57948     0.76402    -0.31438   0.0040544
     -0.8472     0.50346    -0.27267   0.0067687
     -1.0066     0.58937    -0.26611   0.0047327
    -0.97187     0.50476    -0.19334   0.0050774
    -0.97187     0.50476    -0.19334   0.0050774
     -1.0097     0.52601    -0.19806   0.0040329
     -1.0097     0.52601    -0.19806   0.0040329
     -1.0097     0.52601    -0.19806   0.0040329
     -1.0097     0.52601    -0.19806   0.0040329
     -1.3062     0.59283     0.75952    0.019438
     -1.3062     0.59283     0.75952    0.019438
     -1.3062     0.59283     0.75952    0.019438
     -1.2621     0.60714     0.56911    0.017908
     -1.1314      0.6139    0.047031    0.010649
    -0.97798     0.79213   -0.052975    0.016727
    -0.84831       0.719     -0.3526   0.0079814
    -0.84831       0.719     -0.3526   0.0079814
    -0.74617     0.52497      -0.367   0.0046074
    -0.64073     0.38859     0.28843    0.014541
    -0.64904      0.3461     0.81547    0.019159
     -0.3968     0.49075     0.16007   0.0071688
    -0.49107     0.43361    0.075705   0.0074246
    -0.42469     0.46115     0.13464   0.0067356
    -0.55451     0.34463     0.68685    0.018361
    -0.55451     0.34463     0.68685    0.018361
    -0.28348     0.50821     0.35687   0.0076874
    -0.28348     0.50821     0.35687   0.0076874
    -0.58206       0.467    -0.12948   0.0074708
    -0.57382     0.46217    -0.12088   0.0078177
    -0.57382     0.46217    -0.12088   0.0078177
    -0.57382     0.46217    -0.12088   0.0078177
     -0.6284     0.49444     -0.2352   0.0065961
     -0.6284     0.49444     -0.2352   0.0065961
    -0.49618     0.53696    -0.11504   0.0055173
    -0.44806     0.75264    -0.21574   0.0040066
    -0.31255     0.99652    -0.24743   0.0079303
    -0.22315       1.188    -0.06656    0.019074
     -0.1824      1.0754    -0.21972    0.011093
   -0.094237      1.1911    -0.10549     0.01956
     0.18118     0.93419    -0.23679   0.0070491
     0.45481      1.1624    0.060423    0.028744
     0.16387      1.2865     0.14736    0.031395
   -0.036054      1.1528     -0.1315    0.019172
   -0.036054      1.1528     -0.1315    0.019172
     0.13553      1.3026     0.26664    0.040098
    -0.12186      1.1807    -0.12113    0.017449
    -0.12186      1.1807    -0.12113    0.017449
    -0.32779     0.95442    -0.26816    0.005694
    -0.37052     0.66692   -0.073725   0.0057052
     -0.3376     0.73509    -0.12447    0.004948
     -0.3376     0.73509    -0.12447    0.004948
    -0.13641     0.98441    -0.24745   0.0066352
    -0.24443     0.74875   -0.088449   0.0058016
    -0.26407     0.96633    -0.26683   0.0055051
    -0.32631     0.81021    -0.20357   0.0048583
    -0.59755     0.51688    -0.25122   0.0054058
    -0.59755     0.51688    -0.25122   0.0054058
    -0.77327      0.5219    -0.35873   0.0051128
    -0.58365     0.63196    -0.30081   0.0034331
    -0.45593     0.75216    -0.22871   0.0043341
    -0.45593     0.75216    -0.22871   0.0043341
    -0.19297     0.76673   -0.096456   0.0056717
    0.069731     0.95281    -0.24262   0.0060869
     0.17355      0.8463    -0.17914   0.0052648
     0.17355      0.8463    -0.17914   0.0052648
    0.071217     0.80973    -0.12187   0.0056851
     0.26322       1.035    -0.21402    0.011132
     0.41429      1.1755    0.018452    0.027279
     0.41429      1.1755    0.018452    0.027279
     0.49993      1.1673    0.059861    0.023928
     0.65087     0.99765    -0.11268    0.014437
     0.38959     0.72083    -0.15151   0.0049444
     0.33144     0.59644    0.076376   0.0060299
     0.31922     0.61255    0.078125   0.0063569
     0.49893     0.56102    -0.14586   0.0046674
     0.79601      0.5311    -0.37791   0.0046074
     0.54314     0.76082    -0.29496   0.0044556
     0.73609     0.48642    -0.25859   0.0061697
     0.53329     0.44995   -0.041354   0.0065301
     0.53329     0.44995   -0.041354   0.0065301
     0.53329     0.44995   -0.041354   0.0065301
     0.76334     0.56951    -0.41868   0.0027905
     0.51111       0.843    -0.28114    0.006266
     0.49498      1.0029    -0.21929    0.011702
      0.3517      1.1162    -0.11044    0.023105
      0.3517      1.1162    -0.11044    0.023105
     0.42955      1.0115    -0.20251     0.01331
      0.6667      1.1174      0.1906    0.029282
      0.6667      1.1174      0.1906    0.029282
     0.51848       1.003    -0.18508    0.013728
       0.626      1.1615     0.24955    0.030638
       0.626      1.1615     0.24955    0.030638
     0.59382      1.2816     0.60353    0.047193
     0.70679      1.2656     0.83863    0.057537
     0.70679      1.2656     0.83863    0.057537
     0.70679      1.2656     0.83863    0.057537
     0.60455      1.2565     0.52701     0.03812
     0.34499      1.3009     0.29786    0.028341
     0.34499      1.3009     0.29786    0.028341
      0.4681      1.1542    0.042494    0.019301
     0.64191     0.96127    -0.15377    0.017736
     0.64191     0.96127    -0.15377    0.017736
      0.3603     0.95553    -0.24874   0.0098554
      0.4392      1.0305    -0.18756    0.011059
      0.5215     0.98909    -0.19263    0.014437
     0.37547      1.1321    -0.11824    0.015023
     0.18099      1.1309    -0.17048    0.013306
     0.26272      1.3678     0.47131    0.036882
     0.26272      1.3678     0.47131    0.036882
     0.26272      1.3678     0.47131    0.036882
     0.47126       1.422      1.0658    0.069581
     0.53918      1.3253     0.60986    0.049256
     0.27901      1.3662     0.63724    0.050427
      0.2023      1.2369    0.075542    0.031002
   -0.060996        1.24  -0.0046644    0.019603
   -0.060996        1.24  -0.0046644    0.019603
   -0.060996        1.24  -0.0046644    0.019603
     0.11786      1.0824     -0.2358    0.010649
   -0.066641     0.98493    -0.25426   0.0058462
    0.099084     0.77976   -0.083914   0.0057487
     0.11546     0.84729     -0.1635   0.0057175
     0.28584     0.76084    -0.13019   0.0059625
    0.049949     0.94516    -0.24148   0.0070132
    0.049949     0.94516    -0.24148   0.0070132
    0.049949     0.94516    -0.24148   0.0070132
   -0.082775      1.2328    0.013637    0.026795
   -0.082775      1.2328    0.013637    0.026795
   -0.082775      1.2328    0.013637    0.026795
   -0.050129      1.4523     0.72052    0.048505
   -0.050129      1.4523     0.72052    0.048505
  -0.0049273      1.3744     0.46401    0.043002
   0.0097907      1.1798     -0.0729     0.02255
   0.0097907      1.1798     -0.0729     0.02255
     0.15281     0.90032    -0.22138   0.0051043
     0.31643     0.86143    -0.23047   0.0050288
    0.084774     0.80079    -0.10653   0.0055868
     0.33641     0.55634      0.1511   0.0076142
     0.61409     0.47664     -0.1781   0.0071187
     0.61409     0.47664     -0.1781   0.0071187
     0.61409     0.47664     -0.1781   0.0071187
     0.78737     0.56634    -0.42465   0.0028852
     0.80728     0.62482    -0.44193   0.0024832
     0.74352     0.36121     0.69205    0.017298
     0.74352     0.36121     0.69205    0.017298
     0.74352     0.36121     0.69205    0.017298
     0.74352     0.36121     0.69205    0.017298
     0.88612      0.6595    -0.39755   0.0057471
     0.88612      0.6595    -0.39755   0.0057471
     0.88612      0.6595    -0.39755   0.0057471
     0.88612      0.6595    -0.39755   0.0057471
      0.8767     0.75536    -0.30366   0.0095601
     0.59641      0.4724    -0.16422   0.0069306
     0.59641      0.4724    -0.16422   0.0069306
     0.59641      0.4724    -0.16422   0.0069306
     0.31332     0.66809   -0.009391    0.006528
     0.19948     0.75793   -0.076019   0.0067878
    0.034882      0.7563   -0.044921   0.0059533
    0.034882      0.7563   -0.044921   0.0059533
    0.034882      0.7563   -0.044921   0.0059533
    0.034882      0.7563   -0.044921   0.0059533
    0.034882      0.7563   -0.044921   0.0059533
   -0.082151     0.66036     0.15974   0.0082998
     0.16309     0.90261    -0.22156   0.0055853
     0.16309     0.90261    -0.22156   0.0055853
     0.39755     0.67617    -0.12035   0.0055072
     0.14664     0.88161    -0.21075   0.0046491
   -0.082842     0.90119    -0.21242   0.0048679
   -0.029725     0.89083    -0.20302   0.0052733
     0.25974      1.0517    -0.22613    0.010959
     0.25974      1.0517    -0.22613    0.010959
   -0.010259     0.83053    -0.15019   0.0050362
     0.18114     0.62897      0.1862   0.0088218
    -0.11865     0.74829   -0.034245   0.0066517
    -0.14633     0.56969     0.38388   0.0099197
    0.056279     0.68283     0.11328   0.0068916
      -0.176     0.93097    -0.23751   0.0056688
    -0.10849     0.86759    -0.18851   0.0056132
    -0.29461      1.1141     -0.1539    0.016701
    -0.38414      1.0129    -0.23507    0.013513
    -0.16224     0.73083   -0.016804   0.0058903
    -0.16224     0.73083   -0.016804   0.0058903
    -0.16224     0.73083   -0.016804   0.0058903
    -0.23653     0.96012    -0.24705   0.0069003
    -0.47794     0.77687    -0.25618   0.0046993
     -0.2223     0.70468   0.0012782   0.0061121
    -0.23415     0.44607     0.69221     0.01209
   -0.078393     0.42033      1.1498    0.016224
   -0.078393     0.42033      1.1498    0.016224
     -0.3751     0.36814     0.47871    0.010182
     -0.3751     0.36814     0.47871    0.010182
    -0.53916     0.31418      1.1425    0.021686
    -0.58852      0.5635    -0.27909   0.0039735
    -0.35466     0.82164    -0.21927   0.0046309
    -0.28478      0.9683     -0.2536   0.0066861
    -0.43468      1.1612   0.0084549    0.022374
    -0.43468      1.1612   0.0084549    0.022374
    -0.26647      1.4373     0.86913    0.060738
    -0.17189      1.5058      1.1694    0.076114
    -0.17189      1.5058      1.1694    0.076114
    -0.17189      1.5058      1.1694    0.076114
    0.092205       1.466     0.89068     0.06076
    -0.14044      1.4448     0.84111    0.051479
    -0.40909      1.3976     0.79655     0.04918
     -0.3441      1.5266      1.4717    0.084222
    -0.23519      1.2472    0.098411    0.024783
    -0.18221     0.96972    -0.24941   0.0060637
    0.047524     0.74032   -0.000131   0.0064055
     0.34283      1.0074    -0.24988   0.0079152
     0.34283      1.0074    -0.24988   0.0079152
     0.34283      1.0074    -0.24988   0.0079152
     0.34283      1.0074    -0.24988   0.0079152
     0.23547      1.2514    0.079941    0.024837
      0.3012      1.4055     0.68652    0.044685
      0.3012      1.4055     0.68652    0.044685
      0.3012      1.4055     0.68652    0.044685
     0.38391      1.5793      2.1514    0.091559
     0.21581      1.5154      1.4168    0.088326
     0.21581      1.5154      1.4168    0.088326
     0.47332      1.6017      2.2716     0.11196
     0.58498      1.3909      1.1535     0.06591
     0.66298      1.1134     0.19327    0.035822
     0.60204      1.2288     0.41303    0.048636
     0.60204      1.2288     0.41303    0.048636
     0.67894      1.1808     0.38782    0.035935
     0.71275     0.99707   -0.044673    0.018272
     0.90589     0.72433    -0.29355   0.0091755
     0.95648      1.0093     0.66007    0.043865
     0.80504      1.2161      0.9891    0.053294
      1.0591      1.1371      1.7005     0.06961
     0.98991     0.96754     0.49862    0.024946
     0.98991     0.96754     0.49862    0.024946
      1.0862      1.2009      2.4249     0.10831
       1.106     0.99883      1.2116    0.052437
       1.041      1.1056      1.3783    0.060429
       1.041      1.1056      1.3783    0.060429
       1.106      1.1539      2.1463    0.074828
      1.2582     0.94397       1.926    0.055464
      1.2582     0.94397       1.926    0.055464
      1.0067      1.0252     0.79479    0.042286
      1.0067      1.0252     0.79479    0.042286
     0.71614      1.0681     0.14564    0.028395
     0.71614      1.0681     0.14564    0.028395
     0.57121      1.0845    0.022904    0.024139
     0.57121      1.0845    0.022904    0.024139
     0.39897      1.0547    -0.16764    0.014286
      0.4848     0.77611    -0.26522   0.0043729
     0.22015     0.68805    0.042169   0.0069303
   0.0072417     0.59073     0.39213    0.010058
     0.27256     0.88799    -0.24063   0.0045848
     0.40856     0.67449    -0.12109   0.0051968
     0.66362     0.49754    -0.27213   0.0057097
     0.80161     0.48429    -0.24037   0.0070225
     0.80161     0.48429    -0.24037   0.0070225
     0.68372     0.66221    -0.40008   0.0027303
     0.85628     0.67845    -0.39068   0.0059915
     0.95435     0.68815    -0.28455   0.0088239
     0.95435     0.68815    -0.28455   0.0088239
     0.95435     0.68815    -0.28455   0.0088239
     0.96258     0.53108     -0.2735   0.0044871
     0.88271     0.49571    -0.24885   0.0055586
     0.88271     0.49571    -0.24885   0.0055586
     0.91482     0.62148    -0.39484   0.0037781
     0.86856     0.48875    -0.21904    0.006398
     0.82162     0.49457    -0.27321   0.0074343
     0.94758     0.53075    -0.27907   0.0044249
      1.1698     0.73844       0.419    0.021559
      1.1698     0.73844       0.419    0.021559
      1.1409     0.82982     0.62421    0.031572
      1.2056     0.53305     0.26053   0.0088783
      1.2056     0.53305     0.26053   0.0088783
      1.2056     0.53305     0.26053   0.0088783
      1.2056     0.53305     0.26053   0.0088783
      1.0228     0.33473     0.92574    0.023851
      1.0228     0.33473     0.92574    0.023851
      1.0228     0.33473     0.92574    0.023851
      1.0228     0.33473     0.92574    0.023851
       1.052     0.49743    -0.06649   0.0045499
      1.0225     0.69128    -0.15346    0.011025
      1.0851     0.76359     0.19352    0.017854
      1.0851     0.76359     0.19352    0.017854
     0.93997     0.66746    -0.34523   0.0060053
     0.94307     0.54457    -0.31163   0.0032564
     0.94307     0.54457    -0.31163   0.0032564
     0.93617     0.61833    -0.36272   0.0055209
      1.0126     0.84174     0.18956    0.022357
     0.85363     0.62399    -0.43303   0.0028074
     0.80155     0.62246    -0.43813   0.0033091
     0.54269     0.78721    -0.30291   0.0047528
     0.32488      1.0368    -0.22472   0.0088693
     0.44399     0.74639    -0.21807   0.0047894
     0.41702     0.57227    -0.01515   0.0058087
     0.49771     0.33673     0.68723    0.017198
     0.49771     0.33673     0.68723    0.017198
     0.34051     0.62914    0.022508   0.0064067
      0.5202     0.90473    -0.25671   0.0083013
     0.71412      1.0031   -0.049705    0.020995
     0.74115      0.7099     -0.3972   0.0046018
     0.77887     0.90859     -0.1511    0.015686
     0.82565      1.0413     0.30875    0.029527
     0.72862      1.2095      0.6563    0.043323
     0.57452      1.1232    0.082706    0.026043
     0.73248     0.93195    -0.14217    0.015485
     0.88801      0.8662   -0.041407    0.019597
      1.0373      0.8224     0.21874    0.024343
      1.0373      0.8224     0.21874    0.024343
     0.87649     0.59404    -0.41961   0.0030037
     0.87994     0.67195    -0.39437   0.0058297
     0.72741     0.66173    -0.41874   0.0028603
     0.72741     0.66173    -0.41874   0.0028603
     0.50837     0.88143     -0.2641   0.0077713
     0.63111     0.78624     -0.3272   0.0048798
     0.81419      0.6353    -0.44006   0.0028058
     0.95231     0.92637     0.24418    0.027778
     0.87528     0.97443     0.18945    0.024965
     0.63614      1.0878     0.17562    0.033327
     0.85973     0.95473     0.10573    0.024503
     0.77126       1.081     0.28531    0.028413
     0.88514     0.93922     0.14889    0.025096
     0.88514     0.93922     0.14889    0.025096
     0.88514     0.93922     0.14889    0.025096
     0.88514     0.93922     0.14889    0.025096
     0.88514     0.93922     0.14889    0.025096
     0.65037     0.66822    -0.37651   0.0030768
     0.84229     0.69055     -0.3912   0.0057616
      0.8593     0.70568    -0.37616    0.006077
     0.91288     0.71911    -0.29441   0.0087175
     0.92621     0.52666    -0.29596   0.0043813
      1.1733     0.47178     0.22062   0.0063104
      1.1684     0.62688     0.18812    0.011394
      0.8907     0.92537     0.13427    0.030181
      0.8907     0.92537     0.13427    0.030181
     0.86524      0.6761    -0.40178   0.0049489
     0.93622     0.69551    -0.31046   0.0076063
      1.1115     0.49204    0.052942   0.0054091
      1.1115     0.49204    0.052942   0.0054091
      1.1115     0.49204    0.052942   0.0054091
      1.1115     0.49204    0.052942   0.0054091
      1.1115     0.49204    0.052942   0.0054091
      1.1192     0.41585     0.29673    0.010151
      1.1192     0.41585     0.29673    0.010151
      1.1192     0.41585     0.29673    0.010151
      1.0149     0.53795    -0.21498   0.0041486
       1.062     0.53392    -0.12991   0.0043287
       1.062     0.53392    -0.12991   0.0043287
       1.062     0.53392    -0.12991   0.0043287
     0.85836     0.82706    -0.18725    0.014198
     0.69022     0.58354    -0.39719   0.0028921
     0.69022     0.58354    -0.39719   0.0028921
     0.69022     0.58354    -0.39719   0.0028921
     0.45776     0.69307    -0.19393   0.0045455
     0.30618     0.68018   -0.026429   0.0063602
     0.11893      0.7129    0.028103   0.0062679
     0.11893      0.7129    0.028103   0.0062679
    0.098621     0.74467   -0.031059   0.0066844
   -0.080139     0.70897    0.042769   0.0060591
    0.073808     0.91689     -0.2227   0.0054032
    0.073808     0.91689     -0.2227   0.0054032
    -0.21828     0.72681   -0.040856   0.0063938
    -0.22925     0.63323     0.14479   0.0071201
    -0.33876     0.47401     0.33066   0.0084642
   -0.055892      0.6499     0.19704   0.0073697
   -0.055892      0.6499     0.19704   0.0073697
    0.066031      0.6696     0.13521   0.0067456
     0.35554     0.91977    -0.25492   0.0064294
      0.1821       1.016    -0.25257   0.0094581
     0.19186      1.0476    -0.23317   0.0091927
     0.33902      1.0321    -0.22617    0.010141
     0.45909     0.94095    -0.25688   0.0083263
     0.25821     0.80747    -0.16395   0.0054113
     0.25821     0.80747    -0.16395   0.0054113
     0.25821     0.80747    -0.16395   0.0054113
     0.26829     0.79538    -0.16713   0.0047724
     0.50064      1.0616   -0.098567    0.019305
     0.50064      1.0616   -0.098567    0.019305
       0.352      1.2465      0.1983    0.032185
       0.352      1.2465      0.1983    0.032185
     0.35006      1.4888      1.3257    0.081509
     0.35006      1.4888      1.3257    0.081509
     0.41048      1.2811     0.31924    0.035127
     0.38276      1.4128     0.89748      0.0694
     0.51983       1.336     0.68788    0.049234
     0.22955      1.2382     0.12638    0.035034
     0.22955      1.2382     0.12638    0.035034
     0.17651      1.1951   -0.089147    0.018228
     0.17651      1.1951   -0.089147    0.018228
    0.031102      1.3046     0.27177    0.032135
    0.031102      1.3046     0.27177    0.032135
     0.20766      1.3736     0.38858    0.042218
   0.0029685      1.3517     0.35729    0.038174
    -0.15922      1.1373    -0.13792    0.022613
    -0.24733      1.0466    -0.20572    0.012285
    -0.11479     0.79948    -0.12231   0.0056813
    -0.23522     0.84114    -0.18778   0.0053963
    -0.32959     0.61697    0.045071    0.006847
   -0.042183     0.75379   -0.025246   0.0064966
    0.037203     0.73573  -0.0032918   0.0068911
     0.21147      0.6341     0.14397   0.0067052
     0.26723     0.50199     0.43145   0.0088666
     0.30997     0.76662    -0.14235   0.0050877
    0.064382     0.98335    -0.25151     0.00665
    0.089453     0.94134    -0.23851   0.0062993
     -0.2072      0.8197    -0.15596   0.0053774
     -0.2072      0.8197    -0.15596   0.0053774
     -0.4526     0.75825    -0.23276   0.0047962
    -0.75103     0.79233    -0.30869   0.0098401
    -0.78831     0.49391    -0.27075   0.0065873
    -0.78831     0.49391    -0.27075   0.0065873
    -0.78831     0.49391    -0.27075   0.0065873
    -0.78831     0.49391    -0.27075   0.0065873
    -0.68837     0.41422     0.13483    0.012363
    -0.70319     0.40035     0.23718    0.013758
    -0.52659     0.45768   -0.064177   0.0075214
    -0.52659     0.45768   -0.064177   0.0075214
    -0.52659     0.45768   -0.064177   0.0075214
    -0.78723      0.7311    -0.37372   0.0060299
    -0.93945      0.4512  -0.0028537   0.0091853
    -0.73052     0.49641    -0.28209   0.0063131
    -0.73052     0.49641    -0.28209   0.0063131
    -0.73052     0.49641    -0.28209   0.0063131
    -0.68795      0.6915    -0.38257   0.0032551
    -0.68795      0.6915    -0.38257   0.0032551
    -0.68795      0.6915    -0.38257   0.0032551
    -0.68795      0.6915    -0.38257   0.0032551
    -0.82716     0.48953    -0.24962   0.0074004
    -0.82716     0.48953    -0.24962   0.0074004
    -0.82716     0.48953    -0.24962   0.0074004
    -0.93522      0.6695    -0.32407   0.0063901
    -0.93522      0.6695    -0.32407   0.0063901
    -0.99483     0.79616  -0.0097367     0.01628
     -1.0386      1.0145      1.0099    0.049792
     -1.0386      1.0145      1.0099    0.049792
     -1.0386      1.0145      1.0099    0.049792
     -1.1605     0.73763     0.42775    0.021816
      -1.073     0.45307     0.10978   0.0065772
      -1.073     0.45307     0.10978   0.0065772
     -1.1385      0.4655     0.15914   0.0057104
    -0.97183     0.60752     -0.3248   0.0046005
    -0.78239     0.87258    -0.17784    0.014299
    -0.63866      1.0803    0.036713    0.029752
    -0.79409     0.87588    -0.12092     0.01962
    -0.79409     0.87588    -0.12092     0.01962
    -0.79409     0.87588    -0.12092     0.01962
    -0.78456     0.87136    -0.19244      0.0124
    -0.74563     0.82776    -0.29453   0.0087103
    -0.92011     0.60272    -0.38737   0.0031999
     -0.7336     0.62581    -0.42958   0.0020557
     -0.8559     0.65311    -0.41319   0.0047543
     -0.8559     0.65311    -0.41319   0.0047543
     -0.8559     0.65311    -0.41319   0.0047543
     -0.8559     0.65311    -0.41319   0.0047543
     -1.1212     0.81811     0.54893    0.027671
     -1.3579     0.93836      2.8231    0.063049
     -1.3579     0.93836      2.8231    0.063049
     -1.3579     0.93836      2.8231    0.063049
     -1.3579     0.93836      2.8231    0.063049
     -1.1006     0.92085     0.91218    0.041821
     -1.1006     0.92085     0.91218    0.041821
     -1.1006     0.92085     0.91218    0.041821
     -1.1127     0.87897     0.65538     0.02643
     -1.1127     0.87897     0.65538     0.02643
     -1.0806     0.64221   -0.079924    0.010297
     -1.2314     0.56441      0.3666    0.010421
     -1.2314     0.56441      0.3666    0.010421
     -1.2314     0.56441      0.3666    0.010421
     -1.2393     0.65096     0.55103    0.017751
     -1.2393     0.65096     0.55103    0.017751
      -0.942     0.62671    -0.36193   0.0045117
    -0.75307      0.6354    -0.43747   0.0026355
    -0.82518     0.55042     -0.4041   0.0035653
     -0.8151     0.57376    -0.42854   0.0023158
    -0.92841     0.59638    -0.37776   0.0038308
     -1.1676     0.81938     0.70427    0.033749
     -1.1676     0.81938     0.70427    0.033749
     -1.1676     0.81938     0.70427    0.033749
     -0.8986     0.63787    -0.39344   0.0054787
    -0.86884     0.58195    -0.41491   0.0031331
    -0.61134     0.79426    -0.31662   0.0064702
    -0.90427     0.60066     -0.4006   0.0033781
    -0.77737     0.64066    -0.43996    0.003441
    -0.77737     0.64066    -0.43996    0.003441
    -0.77737     0.64066    -0.43996    0.003441
     -1.0089     0.85957     0.19316    0.021676
     -1.0089     0.85957     0.19316    0.021676
     -1.1823     0.82429     0.88072    0.035633
     -1.1823     0.82429     0.88072    0.035633
     -1.1659     0.86963     0.92298    0.032115
     -1.1659     0.86963     0.92298    0.032115
    -0.98449     0.67611    -0.25995   0.0071057
     -0.8283     0.84897     -0.1537    0.017025
     -0.8283     0.84897     -0.1537    0.017025
    -0.85473     0.93025    0.035902     0.02008
    -0.85473     0.93025    0.035902     0.02008
    -0.85473     0.93025    0.035902     0.02008
    -0.96044     0.74366     -0.1766    0.011845
    -0.84294     0.56403    -0.41845    0.003346
    -0.99383     0.42386     0.16456    0.011143
    -0.99383     0.42386     0.16456    0.011143
      -1.253     0.64653     0.60463    0.021155
      -1.253     0.64653     0.60463    0.021155
      -1.253     0.64653     0.60463    0.021155
     -1.1651     0.53333     0.12011   0.0068167
     -1.1651     0.53333     0.12011   0.0068167
     -1.2099     0.79651     0.92073    0.026981
     -1.2099     0.79651     0.92073    0.026981
     -1.0913      1.0511      1.4448    0.058853
    -0.88788      1.1892      1.2151    0.066201
    -0.88788      1.1892      1.2151    0.066201
    -0.88788      1.1892      1.2151    0.066201
    -0.63746      1.0971    0.029209    0.022756
    -0.34709      1.1249    -0.14332    0.019489
    -0.59367     0.91807    -0.23405    0.012931
    -0.77611     0.75794    -0.35136   0.0071915
    -0.85423     0.54586    -0.38827   0.0042454
    -0.85423     0.54586    -0.38827   0.0042454
    -0.76191     0.58948    -0.43782   0.0027092
    -0.76191     0.58948    -0.43782   0.0027092
    -0.59988     0.54419     -0.2743   0.0040161
    -0.59988     0.54419     -0.2743   0.0040161
    -0.42743     0.38801     0.29686    0.008835
    -0.50791     0.52071    -0.11964   0.0054495
    -0.50791     0.52071    -0.11964   0.0054495
    -0.28468     0.72535    -0.07828   0.0061924
    -0.27774     0.55375     0.25792   0.0076182
    -0.31716     0.70552   -0.083323   0.0054772
    -0.30786     0.58313     0.14927   0.0074838
    -0.42974     0.67357    -0.14799   0.0049322
    -0.62845     0.76435    -0.33229   0.0049113
    -0.44358      1.0586    -0.13763     0.01746
    -0.15293      1.2854     0.14991    0.026033
    0.035534     0.98937    -0.23461   0.0081347
    -0.10313      1.2402    0.053353    0.031266
    -0.36392      1.1394     -0.0694    0.017692
    -0.60415      1.0443   -0.075273    0.017733
    -0.55719     0.75077    -0.30283   0.0043723
    -0.56119     0.52003    -0.20459   0.0053782
    -0.48694     0.60568    -0.15758   0.0044918
    -0.48694     0.60568    -0.15758   0.0044918
      -0.383     0.63316   -0.045601   0.0062184
      -0.383     0.63316   -0.045601   0.0062184
    -0.21145     0.52249     0.45372   0.0093932
   -0.022505     0.65951     0.17632   0.0077395
 -0.00089253     0.79662   -0.099733   0.0050183
     0.16481      1.0252    -0.23764   0.0079575
     0.16481      1.0252    -0.23764   0.0079575
    0.013091      1.1323    -0.15646    0.014509
    -0.19642      1.1651   -0.081993    0.019832
   -0.075813      1.3002     0.20109    0.033518
   -0.075813      1.3002     0.20109    0.033518
   -0.042362      1.0068     -0.2503   0.0062111
    -0.13553     0.82249    -0.15308   0.0057055
    -0.43119      1.0979    -0.09467    0.018796
     -0.3289      1.2169    0.078851     0.03032
     -0.4149     0.95198    -0.24987   0.0080719
    -0.52596     0.72351    -0.27694   0.0042148
    -0.69313     0.76861    -0.33429   0.0071326
    -0.44937     0.81465    -0.25898   0.0044524
    -0.51737     0.89757    -0.27502   0.0062945
    -0.41726     0.88549    -0.25979    0.008515
    -0.55088      0.8653    -0.28889   0.0066453
    -0.25278      1.1591    -0.11695    0.018322
  -0.0012613      1.1409    -0.16557    0.014189
    -0.26577      1.0184    -0.24257    0.013322
    -0.55518      1.0075    -0.13843    0.018523
    -0.40641     0.74858    -0.19358   0.0047441
    -0.15657     0.80118    -0.12711   0.0052175
    -0.45556     0.88653    -0.26573   0.0067578
    -0.50783      1.0177    -0.17264    0.013575
    -0.50783      1.0177    -0.17264    0.013575
     -0.7941     0.76364    -0.32751   0.0068914
     -0.7524     0.60647    -0.43315   0.0025259
    -0.94985     0.51589     -0.2483   0.0042272
    -0.94985     0.51589     -0.2483   0.0042272
     -1.1701     0.76155     0.54491    0.022848
     -1.1362     0.56799    0.029315   0.0076727
     -1.1779      0.5938     0.17048   0.0090735
     -1.1779      0.5938     0.17048   0.0090735
     -1.1779      0.5938     0.17048   0.0090735
    -0.97413     0.44851    0.022568   0.0085599
    -0.97413     0.44851    0.022568   0.0085599
    -0.97413     0.44851    0.022568   0.0085599
    -0.97413     0.44851    0.022568   0.0085599
     -1.2405      0.5347     0.36747   0.0087422
     -1.0792     0.49057  -0.0086544   0.0043176
     -1.0903     0.50549   -0.015247    0.004354
    -0.99455     0.43544     0.10499   0.0099313
    -0.78124     0.63131    -0.44367    0.003333
    -0.75656      0.9022    -0.17024    0.014961
       -0.64      1.0559   -0.012099    0.020543
    -0.46666     0.94784    -0.25509   0.0073805
    -0.52906      0.6976    -0.26185    0.003978
    -0.32644     0.74009    -0.10911   0.0053687
    -0.28427     0.61082     0.10929    0.008207
    -0.16775     0.40622      1.0772    0.015045
    -0.16775     0.40622      1.0772    0.015045
    -0.18523     0.44776     0.79329    0.012127
    -0.18523     0.44776     0.79329    0.012127
    0.033787     0.63639     0.25063    0.009175
    0.033787     0.63639     0.25063    0.009175
     0.30411     0.75074    -0.12701   0.0055954
     0.15741     0.85689     -0.1877   0.0048121
    0.068534     0.71585    0.041663   0.0065165
    -0.14496      0.6285     0.21699   0.0091138
 -0.00087906     0.76805   -0.053115   0.0057347
    -0.13015      1.0583    -0.24049   0.0085007
    -0.41764     0.77116    -0.22172   0.0047058
    -0.37958     0.80059    -0.21208   0.0058692
    -0.58431     0.78398    -0.31618   0.0052043
    -0.69548     0.79385    -0.32743   0.0060855
    -0.69548     0.79385    -0.32743   0.0060855
    -0.74922     0.96944   -0.048195    0.017538
    -0.74922     0.96944   -0.048195    0.017538
    -0.74922     0.96944   -0.048195    0.017538
    -0.46737      1.1739    0.087183    0.030581
    -0.27356      1.1241     -0.1442    0.015013
   -0.028421     0.82752    -0.13248   0.0056202
    -0.11023        1.05    -0.22075     0.01205
    -0.23024      1.2318    0.056422    0.024105
     -0.2728      0.9803    -0.26158   0.0066477
     -0.2728      0.9803    -0.26158   0.0066477
    -0.56072      1.2194     0.37776    0.038161
    -0.34192      1.0906    -0.17225    0.014423
    -0.25112      1.1943   -0.039361    0.022314
   -0.088249      1.0152    -0.24744    0.008665
    -0.20355      0.9848    -0.25532   0.0066226
    -0.30313      1.2182    0.070564    0.024923
    -0.27898      1.0578    -0.21032    0.013759
    -0.34418      1.0662    -0.18231    0.021815
    -0.34418      1.0662    -0.18231    0.021815
    -0.52489     0.96962    -0.22151     0.01265
    -0.72043      1.1557     0.33158    0.032408
    -0.55655     0.99366    -0.18692    0.013472
    -0.35981     0.95708     -0.2609   0.0071399
    -0.46581      1.2172     0.18582    0.037434
    -0.24994      1.0569    -0.21188     0.01162
     -0.1287     0.91416    -0.22243   0.0050921
    -0.35461     0.69441   -0.083612   0.0057908
    -0.20774     0.87489    -0.21261   0.0043834
     0.02522      1.0964     -0.2118    0.011696
    -0.24294      1.0022    -0.24943   0.0066239
    -0.48696      1.0911   -0.048579    0.018999
    -0.48696      1.0911   -0.048579    0.018999
    -0.25388      1.1578   -0.087448    0.019855
    -0.16778      1.0563    -0.23265    0.015799
    -0.10246      1.3428     0.33796    0.032243
    -0.20186      1.3705     0.53067    0.048114
    0.082258      1.1363    -0.18332    0.012307
     0.22279     0.88629    -0.21927   0.0055134
     0.35075      1.1073     -0.1781     0.01345
     0.35075      1.1073     -0.1781     0.01345
     0.13552      1.1769   -0.096068    0.019381
    0.026049      1.3263     0.30697    0.036837
     0.13976      1.4282     0.65517    0.055299
     0.33005      1.3182     0.34083    0.035105
     0.43744      1.1561  -0.0096297     0.02268
     0.43744      1.1561  -0.0096297     0.02268
     0.47414      1.0704    -0.12414    0.015919
     0.28492      1.1239    -0.14966    0.013128
     0.28492      1.1239    -0.14966    0.013128
     0.33191      1.3861     0.64938    0.042818
     0.38205      1.3131     0.43083    0.038417
     0.38205      1.3131     0.43083    0.038417
     0.15844      1.4481     0.90413    0.055399
   -0.065206      1.1573    -0.14562     0.01684
   -0.036528      1.0198    -0.25387   0.0062747
     0.16711     0.83861    -0.17089   0.0051666
     0.04754     0.92432    -0.21613   0.0069536
   -0.088541     0.90842    -0.22964   0.0055974
   -0.088541     0.90842    -0.22964   0.0055974
     0.13824       1.158    -0.13997    0.018053
     0.13261     0.88003    -0.20288   0.0054436
   -0.091102     0.87439    -0.19432   0.0052957
    0.011493      1.0187    -0.25396   0.0059943
    -0.18553      1.0932    -0.18476    0.013852
    -0.13962       1.183   -0.056892    0.022348
    0.033699      1.0437    -0.24263   0.0097964
   -0.021368     0.75015   -0.013696   0.0065841
     0.26301     0.69977   -0.026599   0.0055544
     0.21227     0.79443    -0.13549   0.0058584
     0.30459      0.6726  -0.0070858   0.0062255
     0.30459      0.6726  -0.0070858   0.0062255
     0.16392     0.89787     -0.2105   0.0056501
     0.16392     0.89787     -0.2105   0.0056501
     0.16392     0.89787     -0.2105   0.0056501
     0.33682     0.74218    -0.13788   0.0057721
     0.38505     0.86778    -0.25557    0.006122
      0.5718     0.74582     -0.3057   0.0052243
     0.29336     0.56074     0.21817   0.0084497
     0.59235     0.52993     -0.2544   0.0042478
     0.46618     0.53541   -0.051481   0.0052612
     0.21126     0.78272    -0.12124   0.0059833
   -0.024641      1.0721    -0.23068   0.0088318
   -0.024641      1.0721    -0.23068   0.0088318
   -0.024641      1.0721    -0.23068   0.0088318
    0.074472      1.1259    -0.20216    0.011573
    -0.12507      1.2374   -0.008917    0.017815
    -0.12507      1.2374   -0.008917    0.017815
      0.1316     0.94815    -0.24429   0.0068602
     0.10567      1.1805    -0.11016    0.017414
     0.20492      1.1331    -0.15509    0.014409
     0.22773      1.2554    0.087903    0.023501
    0.048514      1.1001    -0.21447   0.0091675
  -0.0070988      1.1979   -0.075306    0.019027
    0.082892      1.3413     0.25119     0.03135
    0.082892      1.3413     0.25119     0.03135
    0.090927      1.0516    -0.23838    0.008317
     0.16423      0.8353    -0.17451   0.0050668
    0.096158      1.1233    -0.20372     0.01096
      0.1834     0.93618    -0.24238   0.0057561
     0.44046       1.169    0.021192    0.019809
     0.45509     0.93264    -0.26032   0.0067257
       0.727     0.94379      -0.126    0.014815
     0.64113     0.83452    -0.29391   0.0074035
     0.37488     0.78586    -0.20517   0.0055933
     0.49045     0.77588    -0.26872   0.0043101
     0.49045     0.77588    -0.26872   0.0043101
     0.75938     0.70339    -0.40433   0.0045145
     0.87979     0.63905    -0.40939   0.0043892
     0.87979     0.63905    -0.40939   0.0043892
     0.87979     0.63905    -0.40939   0.0043892
     0.90549     0.65317     -0.3796   0.0058352
      1.1173     0.72554     0.20839    0.019266
      1.1667     0.59377     0.13349   0.0093914
      1.0709     0.40709     0.30413    0.011488
      1.0709     0.40709     0.30413    0.011488
      1.0709     0.40709     0.30413    0.011488
      1.2574      0.5083     0.44266   0.0083518
      1.2574      0.5083     0.44266   0.0083518
      1.2574      0.5083     0.44266   0.0083518
       1.149     0.44674     0.24519   0.0065072
     0.85771     0.36583      0.6298    0.017382
     0.78925     0.35807     0.71894    0.020651
     0.78925     0.35807     0.71894    0.020651
     0.78925     0.35807     0.71894    0.020651
     0.78925     0.35807     0.71894    0.020651
      1.0162     0.49876    -0.12048   0.0045021
      1.0162     0.49876    -0.12048   0.0045021
      0.7529     0.59244    -0.43008   0.0023231
     0.95823     0.66969    -0.30339    0.006199
       1.246     0.57652     0.42086    0.011098
       1.246     0.57652     0.42086    0.011098
       1.246     0.57652     0.42086    0.011098
       1.246     0.57652     0.42086    0.011098
       1.246     0.57652     0.42086    0.011098
       1.246     0.57652     0.42086    0.011098
     0.95821      0.5723    -0.33003   0.0035835
     0.97403      0.6537    -0.29896   0.0073758
     0.70624     0.92831    -0.16753    0.015276
     0.51723     0.74484    -0.27133   0.0040373
      0.4745     0.74316    -0.23929   0.0043864
      0.4745     0.74316    -0.23929   0.0043864
      0.6138     0.72366    -0.33467   0.0030082
     0.61888     0.45756    -0.13434   0.0083225
     0.61888     0.45756    -0.13434   0.0083225
     0.61888     0.45756    -0.13434   0.0083225
     0.74888     0.75349    -0.35767   0.0061455
     0.97335     0.74229    -0.17403    0.012935
      0.8385     0.72256    -0.35944   0.0078761
     0.67647     0.84705    -0.27742   0.0090024
     0.67647     0.84705    -0.27742   0.0090024
     0.42065     0.89139    -0.25423   0.0066304
     0.63763      1.1368     0.15872    0.030784
     0.73125      1.1945     0.56222    0.047083
     0.46732     0.93914    -0.24496    0.011038
     0.46732     0.93914    -0.24496    0.011038
      0.7446      0.8214    -0.28991   0.0096027
      0.7446      0.8214    -0.28991   0.0096027
      0.5567     0.99396    -0.16753    0.016089
     0.44829     0.89162     -0.2694   0.0063326
     0.62254     0.77855    -0.33854   0.0055967
     0.80546     0.60785    -0.44619   0.0023323
     0.91422     0.57086      -0.378   0.0025424
     0.74614     0.47969    -0.24939   0.0074798
     0.61002     0.41046    0.099688    0.011184
     0.36563     0.48347      0.2252   0.0079507
      0.6201     0.70124    -0.33717   0.0039052
     0.88069     0.88066   -0.054358    0.021753
     0.96713     0.80075   -0.047576    0.016341
      0.8689      0.8048    -0.21932    0.012581
      0.6106     0.87617    -0.26175    0.009621
     0.49299     0.89099    -0.27407   0.0058189
     0.20683     0.80982    -0.14691   0.0061671
    0.099669     0.85081    -0.17789    0.004838
     0.17872       0.793    -0.11864   0.0057266
     0.43614     0.51444    0.029825   0.0067659
     0.34323     0.71271    -0.10645   0.0056437
     0.54089      0.9071    -0.26115   0.0092816
     0.42549      1.1263   -0.088093    0.017668
     0.28093     0.86365    -0.22506   0.0041046
    0.008868     0.64396     0.21766   0.0081186
    -0.17064     0.66833    0.092588   0.0071595
    -0.10284     0.43965       1.013    0.015602
    0.018891     0.67886     0.13438   0.0066962
     0.17986     0.69993    0.026558   0.0064103
    0.099837     0.82289    -0.14299   0.0048239
    0.099837     0.82289    -0.14299   0.0048239
    0.099837     0.82289    -0.14299   0.0048239
    -0.16387     0.82979    -0.16352   0.0055627
   -0.039967     0.60374     0.32711   0.0097272
    0.019207     0.43783      1.0866    0.016526
     0.25506     0.56678      0.2659    0.008401
     0.21347     0.47939     0.61225    0.010379
    0.015561      0.7742   -0.059709   0.0057775
     0.16306     0.69242    0.047641   0.0066401
     0.38903     0.88472    -0.26239    0.005208
     0.13008     0.74603   -0.037448    0.006225
     0.42631     0.69902     -0.1654   0.0051907
     0.50349     0.62507     -0.1974   0.0045247
     0.50349     0.62507     -0.1974   0.0045247
     0.74676     0.74439    -0.36501   0.0074595
     0.78039     0.79004    -0.29813     0.01042
     0.95563     0.60478     -0.3426   0.0043605
     0.95563     0.60478     -0.3426   0.0043605
     0.95563     0.60478     -0.3426   0.0043605
     0.95563     0.60478     -0.3426   0.0043605
     0.95563     0.60478     -0.3426   0.0043605
     0.70577     0.49983    -0.29674   0.0058483
     0.70577     0.49983    -0.29674   0.0058483
     0.75703     0.56695    -0.41587   0.0028845
     0.75703     0.56695    -0.41587   0.0028845
     0.95272     0.51587    -0.24322   0.0042337
     0.95272     0.51587    -0.24322   0.0042337
     0.95272     0.51587    -0.24322   0.0042337
     0.95272     0.51587    -0.24322   0.0042337
     0.95272     0.51587    -0.24322   0.0042337
      1.0754     0.71476    0.059559    0.017957
      1.0754     0.71476    0.059559    0.017957
      1.0754     0.71476    0.059559    0.017957
      1.0754     0.71476    0.059559    0.017957
      1.0448     0.43498     0.16422    0.008797
      1.0448     0.43498     0.16422    0.008797
      1.0448     0.43498     0.16422    0.008797
     0.98705      0.4218     0.18577    0.010891
      1.1996     0.59001     0.26769    0.011266
      1.0722     0.70771    0.038212    0.012867
      1.0204     0.53395    -0.19028   0.0041938
     0.81784     0.68789    -0.40483   0.0047706
     0.55375     0.94193    -0.24007   0.0088276
     0.49426      1.0755   -0.063421    0.027137
     0.49426      1.0755   -0.063421    0.027137
     0.23235       1.301     0.18777    0.029524
     0.23235       1.301     0.18777    0.029524
      0.1332      1.2003    -0.05579     0.01648
     0.15173     0.94255    -0.24467   0.0062245
     0.32946       1.017    -0.23691   0.0090231
     0.13581     0.71944   0.0092924   0.0062159
      0.1361     0.78389   -0.092895   0.0053852
   -0.041677     0.74247   -0.010441   0.0060872
    -0.21152     0.77245    -0.10431   0.0058048
    -0.22611     0.59041      0.2405   0.0087442
    0.045283     0.79489    -0.09857   0.0062506
    0.045283     0.79489    -0.09857   0.0062506
   -0.044296     0.54574     0.50925    0.010525
   -0.044296     0.54574     0.50925    0.010525
   -0.044296     0.54574     0.50925    0.010525
    -0.26871     0.62212     0.10327    0.007742
    -0.26871     0.62212     0.10327    0.007742
    -0.14387     0.56815     0.38072    0.009668
    -0.23662      0.3965      0.8732    0.013364
   -0.069099      0.4385      1.0384      0.0164
    -0.16634     0.67798    0.083921   0.0060519
    -0.26105     0.95251    -0.24564   0.0078348
   -0.081194     0.79236   -0.085497   0.0062493
      -0.366     0.65454   -0.046476   0.0059882
    -0.34946     0.93782     -0.2549   0.0074211
    -0.34946     0.93782     -0.2549   0.0074211
    -0.61813     0.98812    -0.14677    0.015371
    -0.90067     0.77683    -0.21509    0.015194
     -1.0707     0.80165     0.26645    0.021624
    -0.87499     0.57149    -0.40595   0.0031849
     -1.0266     0.64347    -0.21436   0.0088369
    -0.91692      0.9063     0.10739    0.023871
    -0.91692      0.9063     0.10739    0.023871
    -0.72582     0.80166    -0.31894   0.0070836
    -0.58287     0.82231    -0.30635   0.0064955
    -0.49013     0.88972    -0.26832   0.0072322
    -0.56256     0.78029    -0.30222    0.004762
    -0.27843     0.99528    -0.24848   0.0084082
    -0.27843     0.99528    -0.24848   0.0084082
     -0.4603      1.2396     0.24731    0.040539
    -0.48696      1.2434     0.32408    0.039852
    -0.67842      1.0739    0.099196    0.026749
    -0.75853      1.3071      1.1598    0.051776
    -0.75853      1.3071      1.1598    0.051776
    -0.81735      1.1818     0.79141    0.040194
     -1.0761      1.2436      2.4731    0.084163
     -1.0761      1.2436      2.4731    0.084163
     -1.0761      1.2436      2.4731    0.084163
     -1.0761      1.2436      2.4731    0.084163
    -0.80772      1.3892      1.9594    0.097828
    -0.80772      1.3892      1.9594    0.097828
     -1.0987      1.3102      3.3896     0.13274
    -0.82125       1.166     0.69134    0.042487
    -0.82309     0.90613   -0.079607    0.017107
     -0.7154      1.0555    0.099352    0.024312
    -0.61623      1.2728     0.57075    0.043133
    -0.61623      1.2728     0.57075    0.043133
    -0.50631     0.98907    -0.19903    0.012874
    -0.50631     0.98907    -0.19903    0.012874
    -0.54711      1.0798   -0.056495    0.023272
    -0.54711      1.0798   -0.056495    0.023272
    -0.68274      1.0431  -0.0016161    0.021827
    -0.68274      1.0431  -0.0016161    0.021827
    -0.53438      1.1779     0.14363    0.036099
    -0.33804      1.1959     0.03731    0.025764
    -0.33804      1.1959     0.03731    0.025764
    -0.36292      1.1581    -0.03441    0.021896
    -0.12627     0.96171    -0.25807   0.0054438
    -0.38394      1.0793    -0.15163    0.016408
    -0.38394      1.0793    -0.15163    0.016408
     -0.2581     0.94178    -0.24401   0.0057872
    -0.45218      1.0607    -0.13734     0.01783
    -0.20096     0.81652    -0.15113   0.0051798
    -0.11239      1.0403    -0.22669    0.014371
     0.12118     0.98265    -0.26262   0.0059338
     0.26821     0.91383    -0.24669   0.0047426
     0.24145      1.1639   -0.070822    0.022266
