     ACCEPTANCE:
      0.76238
      0.76471
      0.76699
      0.76923
      0.77143
      0.77358
       0.7757
      0.77778
      0.77982
      0.78182
      0.78378
      0.78571
      0.78761
      0.78947
      0.78261
      0.77586
      0.77778
      0.77966
      0.78151
        0.775
      0.77686
      0.77869
      0.78049
      0.77419
        0.768
      0.76984
      0.76378
      0.76562
      0.76744
      0.76923
      0.77099
      0.77273
      0.77444
      0.77612
      0.77778
      0.77941
      0.78102
      0.78261
      0.78417
      0.78571
      0.78014
      0.77465
      0.77622
      0.77778
      0.77931
      0.77397
      0.77551
      0.77703
      0.77852
         0.78
      0.78146
      0.78289
      0.78431
      0.78571
       0.7871
      0.78846
      0.78981
      0.78481
      0.78616
       0.7875
      0.78882
      0.79012
      0.79141
      0.79268
      0.79394
      0.79518
      0.79641
      0.79762
      0.79882
          0.8
      0.79532
      0.79651
      0.79191
       0.7931
      0.79429
      0.79545
      0.79661
      0.79775
      0.79888
          0.8
      0.79558
      0.79121
      0.78689
      0.78804
      0.78919
      0.79032
      0.79144
      0.79255
      0.78836
      0.78947
      0.78534
      0.78125
       0.7772
      0.77835
      0.77436
      0.77041
      0.77157
      0.77273
      0.77387
        0.775
      0.77114
      0.77228
       0.7734
      0.77451
      0.77561
       0.7767
      0.77778
      0.77885
      0.77512
      0.77619
      0.77251
      0.77358
      0.77465
      0.77103
      0.76744
      0.76852
      0.76498
      0.76606
      0.76712
      0.76818
      0.76923
      0.77027
       0.7713
      0.77232
      0.77333
      0.77434
      0.77533
      0.77193
      0.77293
      0.77391
      0.77056
      0.77155
      0.77253
       0.7735
      0.77021
      0.77119
      0.77215
      0.77311
      0.77406
        0.775
      0.77178
      0.77273
      0.77366
      0.77459
      0.77143
      0.77236
      0.77328
      0.77419
      0.77108
        0.772
      0.77291
      0.77381
      0.77075
      0.77165
      0.77255
      0.77344
      0.77432
      0.77519
      0.77606
      0.77692
      0.77778
      0.77863
      0.77947
      0.77652
      0.77358
      0.77444
      0.77528
      0.77612
      0.77695
      0.77407
      0.77491
      0.77574
      0.77289
      0.77372
      0.77455
      0.77174
      0.77256
      0.77338
      0.77061
      0.76786
      0.76868
       0.7695
      0.76678
      0.76761
      0.76842
      0.76573
      0.76655
      0.76736
      0.76817
      0.76897
      0.76976
      0.77055
      0.76792
      0.76531
       0.7661
      0.76689
      0.76768
      0.76846
      0.76923
      0.76667
      0.76412
       0.7649
      0.76568
      0.76645
      0.76721
      0.76797
      0.76873
      0.76623
      0.76375
      0.76452
      0.76206
      0.75962
      0.76038
      0.75796
      0.75873
      0.75949
       0.7571
      0.75786
      0.75862
      0.75938
      0.76012
      0.76087
      0.75851
      0.75617
      0.75692
      0.75767
      0.75841
       0.7561
       0.7538
      0.75152
      0.75227
         0.75
      0.74775
      0.74551
      0.74627
      0.74702
      0.74481
       0.7426
      0.74336
      0.74412
      0.74487
      0.74269
      0.74052
      0.73837
      0.73623
      0.73699
      0.73775
      0.73563
      0.73639
      0.73714
      0.73789
      0.73864
      0.73938
      0.73729
      0.73803
      0.73876
       0.7395
      0.74022
      0.74095
      0.74167
      0.74238
      0.74309
       0.7438
      0.74451
      0.74247
      0.74044
      0.74114
      0.74185
      0.74255
      0.74324
      0.74394
      0.74194
      0.74263
      0.74064
      0.74133
      0.74202
      0.74271
      0.74339
      0.74406
      0.74211
      0.74278
      0.74346
      0.74151
      0.73958
      0.74026
      0.74093
       0.7416
      0.74227
      0.74293
      0.74359
      0.74425
       0.7449
        0.743
      0.74112
      0.73924
       0.7399
      0.74055
      0.73869
      0.73684
       0.7375
      0.73815
      0.73632
      0.73697
      0.73762
      0.73827
      0.73892
       0.7371
      0.73775
      0.73839
      0.73902
      0.73966
      0.74029
      0.74092
      0.74155
      0.73976
      0.74038
      0.74101
      0.74163
      0.73986
      0.74048
      0.74109
      0.73934
      0.73995
      0.73821
      0.73882
      0.73709
       0.7377
      0.73598
       0.7366
      0.73721
      0.73782
      0.73843
      0.73903
      0.73963
      0.74023
      0.74083
      0.73913
      0.73973
      0.74032
      0.74091
      0.73923
      0.73756
      0.73815
      0.73874
      0.73708
      0.73767
      0.73826
      0.73884
      0.73942
         0.74
      0.73836
      0.73894
      0.73951
      0.73789
      0.73626
      0.73465
      0.73523
      0.73362
      0.73203
      0.73043
      0.73102
       0.7316
      0.73218
       0.7306
      0.73118
      0.73176
      0.73019
      0.73077
      0.73134
      0.73191
      0.73248
      0.73305
      0.73362
      0.73418
      0.73474
      0.73529
      0.73375
      0.73431
      0.73486
      0.73542
      0.73597
      0.73651
      0.73706
       0.7376
      0.73814
      0.73868
      0.73922
      0.73975
      0.73824
      0.73878
      0.73931
      0.73984
      0.73834
      0.73887
      0.73939
      0.73992
      0.74044
      0.74096
      0.74148
        0.742
      0.74251
      0.74303
      0.74155
      0.74008
      0.73861
      0.73715
      0.73767
      0.73819
       0.7387
      0.73922
      0.73973
      0.74023
      0.74074
      0.74125
      0.73981
      0.74031
      0.74081
      0.74131
      0.73988
      0.73846
      0.73704
      0.73563
      0.73614
      0.73473
      0.73333
      0.73384
      0.73435
      0.73295
      0.73157
      0.73208
      0.73258
       0.7312
      0.72983
      0.73034
      0.73084
      0.73134
      0.72998
      0.73048
      0.73098
      0.73148
      0.73013
      0.73063
      0.73112
      0.73162
      0.73211
      0.73077
      0.73126
      0.73175
      0.73224
      0.73273
      0.73321
       0.7337
      0.73418
      0.73285
      0.73153
      0.73201
       0.7325
      0.73118
      0.73166
      0.73036
      0.73084
      0.72954
      0.73002
       0.7305
      0.73097
      0.73145
      0.73016
      0.73063
      0.72935
      0.72982
      0.72855
      0.72902
      0.72949
      0.72997
      0.73043
       0.7309
      0.73137
      0.73183
       0.7323
      0.73276
      0.73322
      0.73368
      0.73413
      0.73459
      0.73504
      0.73549
      0.73424
      0.73469
      0.73514
      0.73559
      0.73435
      0.73311
      0.73187
      0.73232
      0.73277
      0.73322
      0.73199
      0.73077
      0.73122
      0.73167
      0.73211
       0.7309
      0.72968
      0.73013
      0.72893
      0.72772
      0.72652
      0.72697
      0.72578
      0.72459
      0.72504
      0.72386
      0.72431
      0.72476
      0.72358
       0.7224
      0.72285
       0.7233
      0.72213
      0.72258
      0.72303
      0.72347
      0.72392
      0.72436
       0.7232
      0.72204
      0.72249
      0.72293
      0.72337
      0.72381
      0.72425
       0.7231
      0.72196
      0.72082
      0.72126
       0.7217
      0.72057
      0.71944
      0.71831
      0.71875
      0.71763
      0.71651
      0.71695
      0.71584
      0.71628
      0.71672
      0.71561
      0.71451
      0.71495
      0.71385
      0.71429
      0.71472
      0.71516
       0.7156
      0.71603
      0.71646
      0.71537
      0.71429
      0.71472
      0.71515
      0.71558
      0.71601
      0.71644
      0.71536
      0.71429
      0.71471
      0.71364
      0.71407
        0.713
      0.71343
      0.71237
       0.7128
      0.71322
      0.71217
      0.71259
      0.71154
      0.71049
      0.71091
      0.71134
      0.71176
      0.71072
      0.71114
       0.7101
      0.70906
      0.70949
      0.70845
      0.70888
      0.70785
      0.70827
       0.7087
      0.70767
      0.70665
      0.70707
      0.70749
      0.70791
      0.70833
      0.70875
      0.70774
      0.70815
      0.70714
      0.70756
      0.70655
      0.70697
      0.70739
      0.70638
       0.7068
      0.70721
      0.70763
      0.70804
      0.70845
      0.70886
      0.70927
      0.70968
      0.71008
      0.71049
      0.71089
       0.7113
       0.7117
       0.7121
       0.7125
      0.71151
      0.71191
      0.71093
      0.71133
      0.71172
      0.71212
      0.71252
      0.71154
      0.71193
      0.71233
      0.71272
      0.71175
      0.71214
      0.71253
      0.71293
      0.71332
       0.7137
      0.71409
      0.71448
      0.71486
      0.71525
      0.71563
      0.71602
       0.7164
      0.71678
      0.71716
      0.71754
      0.71791
      0.71829
      0.71867
      0.71904
      0.71809
      0.71846
      0.71883
      0.71921
      0.71825
      0.71863
        0.719
      0.71937
      0.71842
      0.71748
      0.71785
      0.71691
      0.71597
      0.71503
       0.7154
      0.71578
      0.71615
      0.71651
      0.71688
      0.71725
      0.71762
      0.71798
      0.71835
      0.71871
      0.71907
      0.71943
      0.71851
      0.71887
      0.71795
      0.71831
      0.71739
      0.71775
      0.71811
      0.71847
      0.71883
      0.71919
      0.71954
       0.7199
      0.72025
      0.72061
      0.72096
      0.72005
       0.7204
       0.7195
      0.71859
      0.71895
       0.7193
      0.71965
         0.72
      0.72035
       0.7207
       0.7198
      0.72015
       0.7205
      0.72084
      0.72119
      0.72153
      0.72188
      0.72222
      0.72256
      0.72167
      0.72202
      0.72236
       0.7227
      0.72304
      0.72338
      0.72372
      0.72405
      0.72439
      0.72473
      0.72506
      0.72539
      0.72573
      0.72485
      0.72518
      0.72551
      0.72585
      0.72618
      0.72651
      0.72684
      0.72716
      0.72629
      0.72662
      0.72695
      0.72727
       0.7276
      0.72792
      0.72706
      0.72738
      0.72771
      0.72684
      0.72716
      0.72749
      0.72663
      0.72695
      0.72727
      0.72759
      0.72792
      0.72824
      0.72855
       0.7277
      0.72802
      0.72834
      0.72865
      0.72897
      0.72929
       0.7296
      0.72992
      0.73023
      0.73055
      0.73086
      0.73117
      0.73032
      0.73064
      0.72979
      0.72895
      0.72926
      0.72957
      0.72989
       0.7302
       0.7305
      0.73081
      0.73112
      0.73143
      0.73059
      0.72976
      0.73007
      0.73038
      0.72955
      0.72985
      0.73016
      0.73046
      0.73077
      0.73107
      0.73138
      0.73168
      0.73086
      0.73116
      0.73146
      0.73176
      0.73206
      0.73236
      0.73266
      0.73296
      0.73326
      0.73356
      0.73385
      0.73304
      0.73333
      0.73363
      0.73282
        0.732
       0.7323
       0.7326
      0.73289
      0.73319
      0.73238
      0.73157
      0.73187
      0.73106
      0.73026
      0.73056
      0.73085
      0.73115
      0.73035
      0.72955
      0.72876
      0.72905
      0.72826
      0.72856
      0.72885
      0.72914
      0.72835
      0.72757
      0.72678
        0.726
      0.72522
      0.72551
      0.72581
       0.7261
      0.72639
      0.72669
      0.72591
       0.7262
       0.7265
      0.72572
      0.72495
      0.72524
      0.72553
      0.72582
      0.72611
      0.72534
      0.72564
      0.72593
      0.72622
       0.7265
      0.72574
      0.72603
      0.72526
      0.72555
      0.72584
      0.72613
      0.72642
       0.7267
      0.72699
      0.72727
      0.72756
      0.72784
      0.72813
      0.72841
      0.72869
      0.72897
      0.72925
      0.72953
      0.72981
      0.73009
      0.73037
      0.73065
      0.73093
       0.7312
      0.73148
      0.73176
      0.73203
      0.73231
      0.73258
      0.73286
      0.73313
      0.73238
      0.73163
      0.73191
      0.73218
      0.73245
      0.73272
      0.73299
      0.73327
      0.73354
      0.73381
      0.73407
      0.73434
      0.73461
      0.73387
      0.73414
      0.73441
      0.73467
      0.73394
       0.7332
      0.73246
      0.73173
        0.732
      0.73127
      0.73154
      0.73081
      0.73108
      0.73035
      0.72962
       0.7289
      0.72817
      0.72844
      0.72772
        0.727
      0.72628
      0.72655
      0.72584
      0.72512
      0.72539
      0.72566
      0.72593
       0.7262
      0.72647
      0.72674
      0.72701
       0.7263
      0.72656
      0.72585
      0.72612
      0.72639
      0.72665
      0.72692
      0.72718
      0.72745
      0.72771
      0.72798
      0.72824
      0.72754
       0.7278
       0.7271
       0.7264
      0.72666
      0.72596
      0.72622
      0.72649
      0.72675
      0.72701
      0.72727
      0.72753
      0.72779
      0.72805
      0.72736
      0.72762
      0.72788
      0.72814
       0.7284
      0.72865
      0.72891
      0.72822
      0.72848
      0.72873
      0.72899
      0.72925
       0.7295
      0.72881
      0.72907
      0.72932
      0.72958
      0.72983
      0.72915
       0.7294
      0.72965
      0.72897
      0.72829
      0.72761
      0.72787
      0.72719
      0.72744
       0.7277
      0.72795
       0.7282
      0.72845
      0.72778
      0.72803
      0.72736
      0.72761
      0.72694
      0.72719
      0.72652
      0.72677
      0.72702
      0.72635
      0.72661
      0.72686
      0.72711
      0.72644
      0.72669
      0.72694
      0.72719
      0.72744
      0.72769
      0.72793
      0.72818
