     ACCEPTANCE:
      0.69307
      0.69608
      0.69903
      0.70192
      0.70476
      0.70755
      0.71028
      0.71296
      0.70642
      0.70909
      0.71171
      0.71429
      0.71681
       0.7193
      0.72174
      0.71552
      0.71795
      0.72034
      0.71429
      0.71667
      0.71901
      0.72131
      0.72358
      0.71774
        0.712
      0.70635
      0.70079
      0.70312
      0.70543
          0.7
      0.70229
      0.70455
      0.70677
      0.70896
      0.71111
      0.71324
      0.71533
      0.71739
      0.71942
      0.72143
      0.71631
      0.71127
      0.71329
      0.71528
      0.71724
      0.71233
      0.71429
      0.71622
      0.71812
         0.72
      0.72185
      0.72368
      0.72549
      0.72727
      0.72903
      0.73077
      0.73248
      0.72785
      0.72327
        0.725
      0.72671
       0.7284
      0.73006
      0.73171
      0.73333
      0.72892
      0.73054
      0.72619
      0.72781
      0.72941
      0.73099
      0.73256
       0.7341
      0.73563
      0.73714
      0.73295
      0.73446
      0.73596
      0.73184
      0.73333
      0.72928
      0.72527
      0.72678
      0.72826
      0.72432
      0.72043
      0.72193
       0.7234
      0.71958
      0.72105
      0.71728
      0.71354
      0.70984
      0.71134
      0.71282
      0.70918
      0.71066
      0.71212
      0.71357
        0.715
      0.71642
      0.71782
      0.71921
      0.72059
      0.72195
       0.7233
      0.72464
      0.72596
      0.72249
      0.72381
      0.72038
       0.7217
        0.723
      0.71963
      0.71628
      0.71759
      0.71429
       0.7156
      0.71689
      0.71364
      0.71493
      0.71622
      0.71749
      0.71875
         0.72
      0.72124
      0.72247
       0.7193
      0.72052
      0.72174
      0.71861
      0.71983
      0.72103
      0.72222
      0.71915
      0.72034
      0.72152
      0.72269
      0.72385
        0.725
      0.72199
      0.72314
      0.72428
      0.72131
      0.71837
      0.71951
      0.72065
      0.72177
      0.72289
        0.724
       0.7251
      0.72619
      0.72727
      0.72835
      0.72941
      0.72656
      0.72763
      0.72868
      0.72973
      0.73077
      0.72797
      0.72901
      0.72624
      0.72348
      0.72075
       0.7218
      0.72285
      0.72015
      0.72119
      0.71852
      0.71956
      0.71691
      0.71429
      0.71533
      0.71636
      0.71377
      0.71119
      0.71223
      0.70968
      0.71071
      0.71174
      0.71277
      0.71025
      0.71127
      0.71228
      0.70979
      0.70732
      0.70486
      0.70588
       0.7069
       0.7079
       0.7089
      0.70648
      0.70408
      0.70508
      0.70608
      0.70707
      0.70805
      0.70903
         0.71
      0.70764
      0.70861
      0.70957
      0.70724
       0.7082
      0.70915
       0.7101
      0.70779
       0.7055
      0.70323
      0.70096
      0.69872
      0.69968
      0.69745
      0.69841
      0.69937
      0.69716
      0.69497
      0.69592
      0.69688
      0.69782
      0.69876
      0.69969
      0.69753
      0.69846
      0.69939
      0.69725
      0.69817
      0.69909
      0.69697
      0.69789
       0.6988
       0.6997
       0.6976
      0.69552
      0.69643
      0.69436
      0.69231
      0.69322
      0.69412
      0.69501
      0.69298
      0.69096
      0.68895
      0.68696
      0.68497
      0.68588
      0.68391
      0.68481
      0.68286
      0.68091
      0.68182
      0.67989
      0.67797
      0.67606
      0.67697
      0.67787
      0.67877
      0.67967
      0.68056
      0.68144
      0.68232
       0.6832
      0.68407
      0.68219
      0.68306
      0.68392
      0.68207
      0.68293
      0.68378
      0.68464
       0.6828
      0.68097
      0.67914
      0.67733
      0.67819
      0.67639
       0.6746
      0.67546
      0.67368
      0.67192
      0.67277
      0.67102
      0.66927
      0.66753
      0.66839
      0.66925
       0.6701
      0.67095
      0.66923
      0.66752
      0.66582
      0.66667
      0.66497
      0.66329
      0.66162
      0.65995
      0.65829
      0.65664
       0.6575
      0.65835
      0.65672
      0.65509
      0.65594
      0.65679
      0.65764
      0.65848
      0.65931
      0.66015
      0.65854
      0.65937
      0.66019
      0.66102
      0.66184
      0.66024
      0.66106
      0.66187
      0.66268
       0.6611
       0.6619
      0.66271
      0.66114
      0.66194
      0.66038
      0.66118
      0.65962
      0.66042
      0.65888
      0.65967
      0.66047
      0.65893
      0.65972
      0.66051
      0.66129
      0.65977
      0.66055
      0.65904
      0.65982
      0.65831
      0.65909
       0.6576
      0.65611
      0.65688
      0.65766
      0.65618
      0.65695
      0.65772
      0.65848
      0.65924
         0.66
      0.65854
      0.65929
      0.66004
      0.65859
      0.65714
       0.6557
      0.65427
      0.65284
      0.65142
         0.65
      0.65076
      0.64935
      0.64795
      0.64655
      0.64731
      0.64807
      0.64668
      0.64744
      0.64819
      0.64894
      0.64968
      0.65042
      0.65116
       0.6519
      0.65263
      0.65336
      0.65199
      0.65272
      0.65344
      0.65417
      0.65489
       0.6556
      0.65424
      0.65496
      0.65567
      0.65638
      0.65708
      0.65779
      0.65644
      0.65714
      0.65784
      0.65854
      0.65923
      0.65992
      0.66061
      0.66129
      0.65996
      0.66064
      0.66132
        0.662
      0.66068
      0.66135
      0.66004
      0.65873
      0.65743
      0.65613
      0.65483
      0.65551
      0.65619
      0.65686
      0.65753
      0.65625
      0.65692
      0.65759
      0.65631
      0.65698
      0.65764
       0.6583
      0.65703
      0.65577
      0.65451
      0.65326
      0.65201
      0.65076
      0.64952
      0.65019
      0.65085
      0.64962
      0.64839
      0.64906
      0.64972
       0.6485
      0.64728
      0.64794
       0.6486
      0.64925
      0.64804
       0.6487
       0.6475
      0.64815
       0.6488
       0.6476
      0.64825
       0.6489
      0.64954
      0.64835
      0.64899
      0.64781
      0.64845
      0.64909
      0.64973
      0.65036
      0.65099
      0.64982
      0.64865
      0.64928
      0.64811
      0.64875
      0.64937
      0.64821
      0.64884
      0.64769
      0.64831
      0.64894
      0.64956
      0.65018
      0.64903
      0.64965
      0.64851
      0.64912
      0.64799
      0.64685
      0.64747
      0.64808
       0.6487
      0.64757
      0.64818
      0.64879
      0.64767
      0.64828
      0.64716
      0.64605
      0.64666
      0.64726
      0.64786
      0.64846
      0.64906
      0.64796
      0.64856
      0.64746
      0.64636
      0.64527
      0.64418
      0.64478
      0.64538
      0.64597
      0.64489
      0.64381
      0.64274
      0.64167
      0.64226
      0.64286
      0.64179
      0.64238
      0.64298
      0.64191
      0.64086
      0.64145
      0.64039
      0.63934
      0.63993
      0.64052
      0.64111
      0.64169
      0.64065
      0.63961
      0.64019
      0.63916
      0.63813
      0.63871
      0.63929
      0.63987
      0.63884
      0.63942
       0.6384
      0.63738
      0.63796
      0.63854
      0.63911
      0.63968
      0.64025
      0.64082
      0.63981
       0.6388
       0.6378
      0.63836
      0.63736
      0.63636
      0.63537
      0.63594
      0.63495
      0.63396
      0.63453
      0.63354
      0.63411
      0.63313
      0.63369
      0.63272
      0.63174
      0.63077
      0.63134
       0.6319
      0.63247
      0.63303
      0.63359
      0.63415
      0.63318
      0.63222
      0.63278
      0.63333
      0.63389
      0.63444
      0.63499
      0.63404
      0.63308
      0.63363
      0.63268
      0.63323
      0.63229
      0.63284
      0.63189
      0.63244
      0.63299
      0.63205
      0.63259
      0.63166
      0.63072
      0.63127
      0.63034
      0.63088
      0.62996
      0.62903
      0.62811
      0.62719
      0.62774
      0.62682
      0.62737
      0.62645
        0.627
      0.62754
      0.62663
      0.62572
      0.62626
       0.6268
      0.62734
      0.62787
      0.62841
      0.62751
      0.62661
      0.62714
      0.62767
      0.62678
      0.62731
      0.62784
      0.62695
      0.62748
      0.62659
      0.62712
      0.62764
      0.62817
      0.62869
      0.62781
      0.62833
      0.62885
      0.62937
      0.62989
       0.6304
      0.63092
      0.63143
      0.63194
      0.63107
      0.63158
      0.63071
      0.62983
      0.63034
      0.63085
      0.63136
      0.63049
      0.62963
      0.63014
      0.63064
      0.62978
      0.63029
      0.63079
      0.63129
      0.63179
      0.63229
      0.63279
      0.63329
      0.63378
      0.63428
      0.63477
      0.63526
      0.63575
      0.63624
      0.63673
      0.63722
       0.6377
      0.63818
      0.63867
      0.63915
       0.6383
      0.63878
      0.63926
      0.63974
      0.63889
      0.63804
       0.6372
      0.63768
      0.63684
      0.63601
      0.63517
      0.63434
      0.63351
      0.63268
      0.63185
      0.63233
      0.63281
      0.63199
      0.63247
      0.63294
      0.63342
      0.63389
      0.63437
      0.63484
      0.63402
      0.63449
      0.63368
      0.63415
      0.63333
       0.6338
      0.63299
      0.63346
      0.63393
      0.63439
      0.63486
      0.63532
      0.63579
      0.63625
      0.63671
      0.63717
      0.63763
      0.63808
      0.63854
      0.63774
      0.63693
      0.63739
      0.63784
       0.6383
      0.63875
       0.6392
      0.63965
      0.63885
      0.63806
      0.63851
      0.63896
      0.63817
      0.63861
      0.63782
      0.63827
      0.63872
      0.63916
      0.63961
      0.64005
      0.64049
      0.63971
      0.64015
      0.64059
       0.6398
      0.64024
      0.63946
       0.6399
      0.64034
      0.63956
      0.63879
      0.63923
      0.63966
       0.6401
      0.64053
      0.64096
      0.64019
      0.64062
      0.63986
      0.64029
      0.63952
      0.63995
      0.64038
      0.64081
      0.64005
      0.64048
       0.6409
      0.64133
      0.64176
      0.64218
      0.64142
      0.64184
      0.64227
      0.64269
      0.64311
      0.64353
      0.64395
      0.64319
      0.64361
      0.64403
      0.64444
      0.64486
      0.64527
      0.64569
       0.6461
      0.64535
      0.64576
      0.64501
      0.64542
      0.64468
      0.64509
       0.6455
      0.64475
      0.64516
      0.64557
      0.64598
      0.64524
      0.64564
      0.64605
      0.64531
      0.64457
      0.64384
       0.6431
      0.64237
      0.64278
      0.64205
      0.64245
      0.64286
      0.64326
      0.64367
      0.64407
      0.64447
      0.64487
      0.64527
      0.64567
      0.64607
      0.64534
      0.64462
      0.64502
      0.64541
      0.64581
      0.64621
       0.6466
      0.64699
      0.64627
      0.64556
      0.64484
      0.64523
      0.64452
      0.64491
       0.6442
      0.64349
      0.64278
      0.64207
      0.64136
      0.64066
      0.63996
      0.63925
      0.63965
      0.64004
      0.64044
      0.63974
      0.63904
      0.63834
      0.63874
      0.63804
      0.63735
      0.63666
      0.63597
      0.63528
      0.63568
      0.63499
      0.63538
       0.6347
      0.63509
      0.63548
      0.63588
      0.63627
      0.63666
      0.63704
      0.63743
      0.63675
      0.63607
      0.63539
      0.63472
      0.63511
      0.63549
      0.63588
      0.63521
      0.63559
      0.63598
      0.63636
      0.63675
      0.63608
      0.63646
      0.63684
      0.63617
      0.63655
      0.63694
      0.63732
       0.6377
      0.63703
      0.63741
      0.63674
      0.63712
      0.63646
      0.63684
      0.63721
      0.63759
      0.63797
      0.63834
      0.63872
      0.63909
      0.63843
       0.6388
      0.63918
      0.63852
      0.63889
      0.63926
      0.63963
      0.63897
      0.63934
      0.63971
      0.64008
      0.63943
      0.63878
      0.63914
      0.63951
      0.63988
      0.64024
      0.64061
      0.64097
      0.64134
       0.6417
      0.64206
      0.64242
      0.64279
      0.64315
       0.6435
      0.64386
      0.64422
      0.64357
      0.64293
      0.64228
      0.64164
        0.642
      0.64136
      0.64172
      0.64108
      0.64143
       0.6408
      0.64016
      0.63952
      0.63889
      0.63826
      0.63762
      0.63699
      0.63735
      0.63771
      0.63708
      0.63645
      0.63681
      0.63717
      0.63752
      0.63788
      0.63824
      0.63761
      0.63796
      0.63734
       0.6377
      0.63707
      0.63743
      0.63778
      0.63813
      0.63751
      0.63786
      0.63822
      0.63857
      0.63795
       0.6383
      0.63865
      0.63803
      0.63838
      0.63776
      0.63811
       0.6375
      0.63785
       0.6382
      0.63854
      0.63889
      0.63923
      0.63958
      0.63897
      0.63836
       0.6387
      0.63905
      0.63939
      0.63973
      0.63913
      0.63947
      0.63886
      0.63826
       0.6386
        0.638
      0.63834
      0.63774
      0.63808
      0.63748
      0.63688
      0.63722
      0.63756
       0.6379
      0.63824
      0.63858
      0.63891
      0.63832
      0.63772
      0.63713
      0.63747
      0.63687
      0.63721
      0.63755
      0.63788
      0.63822
      0.63855
      0.63796
       0.6383
      0.63863
      0.63804
      0.63745
      0.63779
       0.6372
      0.63753
      0.63787
      0.63728
      0.63761
      0.63703
      0.63736
      0.63678
      0.63711
      0.63653
      0.63686
      0.63719
      0.63752
      0.63785
      0.63818
