#     BLOCK:   ACTUAL_TE:    TE_AVE:      ERROR:
           1 1.317046819834177818e+00 1.317046819834177818e+00 0.000000000000000000e+00
           2 1.317026682872983079e+00 1.317036751353580559e+00 7.119481030570739469e-06
           3 1.317005658916058142e+00 1.317026387207739679e+00 9.702471679378816145e-06
           4 1.317071508219476383e+00 1.317037667460673855e+00 1.218136661553618337e-05
           5 1.317057954558959132e+00 1.317041724880331000e+00 1.039888826896586308e-05
           6 1.317061874567792668e+00 1.317045083161574537e+00 9.192031836010427094e-06
           7 1.317152718905224784e+00 1.317060459696381747e+00 1.627076577695222393e-05
           8 1.317175753915023506e+00 1.317074871473711939e+00 1.960680483790903800e-05
           9 1.317124731395913129e+00 1.317080411465067602e+00 1.819411916157435478e-05
          10 1.316893219411898963e+00 1.317061692259750671e+00 2.415572037910853641e-05
          11 1.317060441222021483e+00 1.317061578529048038e+00 2.196001333283501217e-05
          12 1.317118802143348644e+00 1.317066347163573070e+00 2.064127607612722105e-05
          13 1.317067627797227303e+00 1.317066445673854336e+00 1.905371995804760153e-05
          14 1.317091008405265828e+00 1.317068200154669411e+00 1.777333329875692137e-05
          15 1.317060262193945563e+00 1.317067670957287939e+00 1.659631993854720778e-05
          16 1.316820422927950540e+00 1.317052217955454241e+00 2.158598175276828129e-05
          17 1.316852994570494317e+00 1.317040498932809500e+00 2.328101492725482562e-05
          18 1.317061967924233690e+00 1.317041691654555091e+00 2.201815756286120757e-05
          19 1.317168553552808818e+00 1.317048368596568375e+00 2.184824612518822154e-05
          20 1.317187525273265658e+00 1.317055326430403239e+00 2.183564803901616994e-05
          21 1.317129968653473204e+00 1.317058880821977862e+00 2.108316194162549901e-05
          22 1.317144562284900067e+00 1.317062775433928801e+00 2.048139609698515303e-05
          23 1.316895425008693499e+00 1.317055499328483759e+00 2.084330307989822829e-05
          24 1.316859599907811429e+00 1.317047336852622541e+00 2.151380595298220093e-05
          25 1.316935048294123112e+00 1.317042845310282262e+00 2.111691033859046181e-05
          26 1.317032415948632185e+00 1.317042444180988037e+00 2.030853109979759998e-05
          27 1.317068451528441653e+00 1.317043407416079059e+00 1.957919273136198089e-05
          28 1.317099001428237992e+00 1.317045392916513347e+00 1.898034200642214630e-05
          29 1.317096739741337785e+00 1.317047163496679607e+00 1.840824679991949093e-05
          30 1.317231232671456143e+00 1.317053299135838795e+00 1.878936826796186375e-05
          31 1.317137517103900368e+00 1.317056015844485950e+00 1.837861122359574648e-05
          32 1.317204516256247571e+00 1.317060656482353487e+00 1.838083016769347615e-05
          33 1.317211499718401013e+00 1.317065227489506496e+00 1.838341784819783512e-05
          34 1.317143273904776590e+00 1.317067522972308558e+00 1.798547298403133370e-05
          35 1.317176143850074421e+00 1.317070626425959068e+00 1.773733697191695971e-05
          36 1.317223436188507124e+00 1.317074871141585390e+00 1.774526678291483471e-05
          37 1.317187436947931056e+00 1.317077913460675820e+00 1.752451810576090708e-05
          38 1.317185068153217120e+00 1.317080733321005726e+00 1.728872933246655957e-05
          39 1.317161558056161974e+00 1.317082805750112495e+00 1.696918634313164607e-05
          40 1.317275037924733772e+00 1.317087611554477844e+00 1.721202968285763654e-05
          41 1.317129246151595323e+00 1.317088627032456438e+00 1.682215273283461853e-05
          42 1.317203460848482166e+00 1.317091361170933173e+00 1.664233491789407146e-05
          43 1.317160316966960343e+00 1.317092964794096543e+00 1.633238217192418528e-05
          44 1.317044723470170764e+00 1.317091868400370958e+00 1.599794986664616333e-05
          45 1.317077456425274518e+00 1.317091548134257772e+00 1.564564495697834062e-05
          46 1.317209106557736265e+00 1.317094103752159295e+00 1.551284068067949927e-05
          47 1.317167402705277768e+00 1.317095663304353348e+00 1.526097184846693922e-05
          48 1.317146793729994991e+00 1.317096728521554239e+00 1.498016493671651197e-05
          49 1.317162216925341633e+00 1.317098065019590925e+00 1.473394594032971930e-05
          50 1.317088963225039544e+00 1.317097882983699897e+00 1.444039140780773116e-05
          51 1.317068743570622091e+00 1.317097311622659195e+00 1.416854528748040026e-05
          52 1.317105970857651798e+00 1.317097478146409095e+00 1.389705176438905943e-05
          53 1.316980853842840249e+00 1.317095277687851063e+00 1.380795488377783258e-05
          54 1.317189427468046459e+00 1.317097021202299212e+00 1.366188422243599682e-05
          55 1.317244945545131385e+00 1.317099710735805118e+00 1.367566062395830532e-05
          56 1.317161366116939902e+00 1.317100811724753795e+00 1.347569863717342622e-05
          57 1.317157058213352716e+00 1.317101798505255550e+00 1.327536305337222916e-05
          58 1.317090205033337291e+00 1.317101598617808733e+00 1.304798225952543695e-05
          59 1.317006366416123564e+00 1.317099984512695388e+00 1.292628120739079086e-05
          60 1.317013701252834013e+00 1.317098546458364439e+00 1.279058497198483567e-05
          61 1.317068865228269603e+00 1.317098059880821737e+00 1.259015522617256789e-05
          62 1.317116355141091155e+00 1.317098354965664964e+00 1.239054553848345677e-05
          63 1.317052239858956364e+00 1.317097622979844118e+00 1.221547272681362738e-05
          64 1.317024414875293647e+00 1.317096479103210482e+00 1.207804437718255059e-05
          65 1.317067544958621550e+00 1.317096033962524393e+00 1.190042853548989451e-05
          66 1.316881066001789558e+00 1.317092776872210269e+00 1.215767610200747973e-05
          67 1.317153276511385140e+00 1.317093679851899513e+00 1.200970469928672719e-05
          68 1.317165166306149660e+00 1.317094731123285456e+00 1.187901395655600293e-05
          69 1.317002251587832795e+00 1.317093390840163192e+00 1.178222199812749201e-05
          70 1.317199819242557579e+00 1.317094911245911604e+00 1.171159226383374069e-05
          71 1.317173304856101179e+00 1.317096015381266305e+00 1.159857088724339594e-05
          72 1.316807615271607057e+00 1.317092009824187837e+00 1.210940055109324354e-05
          73 1.317007495673994111e+00 1.317090852096103104e+00 1.199873327983075224e-05
          74 1.317152163900541018e+00 1.317091680634000950e+00 1.186515978295128866e-05
          75 1.316952999872675001e+00 1.317089831557183066e+00 1.185016278155161670e-05
          76 1.316890573056076486e+00 1.317087209734800091e+00 1.198076575761751318e-05
          77 1.317017859258417412e+00 1.317086309079262607e+00 1.185897653483575141e-05
          78 1.317021143813544182e+00 1.317085473627138015e+00 1.173632977085766741e-05
          79 1.317295015250453671e+00 1.317088126052749608e+00 1.188371522515417852e-05
          80 1.316978695380958575e+00 1.317086758169352168e+00 1.181363211295946247e-05
          81 1.316782562656521050e+00 1.317083002669193759e+00 1.225017813278184859e-05
          82 1.317031417885768274e+00 1.317082373586469179e+00 1.211692742394848551e-05
          83 1.317170327363273330e+00 1.317083433270527015e+00 1.201718837237927475e-05
          84 1.317103259854786490e+00 1.317083669301291948e+00 1.187644426379102423e-05
          85 1.317094238881038715e+00 1.317083793649289181e+00 1.173737207642643830e-05
          86 1.316880426273607130e+00 1.317081428912362684e+00 1.183670681995352358e-05
          87 1.317175670408438526e+00 1.317082512147949691e+00 1.175011452980099166e-05
          88 1.317182668479367491e+00 1.317083650288079388e+00 1.167158166249867281e-05
          89 1.317153580886155417e+00 1.317084436025136363e+00 1.156685829291751971e-05
          90 1.317112222317352810e+00 1.317084744761716442e+00 1.144245744619663969e-05
          91 1.317062842556148805e+00 1.317084504078138929e+00 1.131924695367063192e-05
          92 1.317022735000510369e+00 1.317083832675121080e+00 1.121610632447241371e-05
          93 1.317095933740939362e+00 1.317083962794108443e+00 1.109625760260196440e-05
          94 1.317045381617322874e+00 1.317083552356057563e+00 1.098580057857367181e-05
          95 1.317118035336864779e+00 1.317083915334802846e+00 1.087615555440781044e-05
          96 1.317117129786540053e+00 1.317084261318675065e+00 1.076836407104338069e-05
          97 1.317163836854694070e+00 1.317085081685025694e+00 1.068855343830488221e-05
          98 1.316977434180301776e+00 1.317083983241099876e+00 1.063577941542018537e-05
          99 1.317072526980696656e+00 1.317083867521297691e+00 1.052897704473219186e-05
         100 1.317053621319636214e+00 1.317083565059281147e+00 1.042803063072419992e-05
