        0.599445        -1.19066      -0.0670553
        0.593952         2.21855       -0.645697
        0.971316        -1.52991         2.34527
         1.03591        0.714821        0.336463
        -3.71077       -0.231133         1.84629
         1.01901        -1.33097       -0.449179
       -0.151804        0.643608         1.78594
        -1.86391      0.00575056        0.646449
        -1.05456        0.844018        0.922982
       -0.282881        -2.57023      -0.0375008
        0.022002       0.0477499        -0.44775
         1.51847         1.17515         1.76332
        0.503414        -2.28912        -1.47572
       -0.492222        0.135127         1.80604
        0.915695         2.39583        0.506271
       -0.411711      -0.0272616         0.11427
        0.365882        0.395453        -2.23778
         0.73198       -0.968298         1.12066
       -0.529446        -1.07109       -0.186317
       -0.920417        -1.33168        0.879813
         1.13571        -2.94214       -0.862249
        -1.56156        0.340525       -0.631731
       -0.690105        -1.68967        -1.20938
         1.87487        0.216101        0.187375
       -0.391749          1.0647        0.695695
         -1.0083        -1.40084        -0.60121
       -0.240926        -1.14506        0.462632
        -2.38729        0.855448        0.526709
       -0.698714         3.46273       -0.431457
        -1.28033       -0.907695         -1.8301
         2.25645        -1.27776       -0.461814
       0.0744089        0.847978       -0.227438
       -0.968678       -0.102395       -0.427797
        0.595584        -1.58214        0.114124
       -0.715204        -1.44186        0.462267
        0.878512       -0.392238       -0.445322
       -0.457932       -0.208359         1.33581
        -1.06134        0.413723         1.00111
       -0.392795       -0.766306       -0.225349
       -0.225707       -0.600858         1.30963
        0.817676       -0.163548       -0.308703
        -1.61429        -1.12126         1.14095
         1.04597        0.111216        -1.10321
       -0.671209       -0.524486         1.13105
         1.57728        0.408439        -1.43623
       -0.596504         1.87072       -0.875083
         1.71907       -0.112789       0.0912876
       -0.929693        0.850795        -0.13341
        0.027892        -1.39432        0.205767
          1.6917        -1.20131        0.712664
        -1.72649        0.829337        -1.20779
        0.394257        -2.66368       -0.227836
        0.405239       -0.227729        -2.00905
        0.678616         2.07151       -0.265452
       -0.334392       -0.429656         1.33385
        0.136062        0.163424        0.180646
        0.518296         2.12111        0.739499
          -1.744         2.18425       0.0888777
        0.723399        -1.61414        -1.33668
        -0.08628         2.01103        -1.11307
       -0.114831         1.01228       -0.848881
        -0.57364        0.524444        -1.41183
         1.30637         1.57982       -0.211206
        -1.25593       -0.233711         1.47782
         1.76138        0.401698       -0.589318
         1.09413         1.00082       -0.643201
       -0.679892       -0.087603        0.118319
        0.518763      -0.0971795        0.208368
        0.922381        0.463952        0.821911
        -1.27084          1.9906       -0.303869
       -0.786912        0.659164       -0.382521
         1.93383        -0.90267       -0.421597
        -1.43439      -0.0682728        -2.33387
         1.39437         1.25412        -1.26104
         1.47053      -0.0973987        0.902569
         1.18029       -0.455998        0.147562
        0.113684         1.25338         1.05599
        -1.41878        0.353889       -0.664621
        0.299839         -1.6638       -0.615682
        0.630485        0.641961        -1.60098
        0.363015       0.0616152        0.517815
        0.440908       -0.908669       -0.312893
        0.713994        -2.12249         1.06678
        0.882159        0.495463         1.30149
      -0.0372067       0.0277522       -0.993999
       -0.934713       -0.690145        0.867039
       -0.325367       -0.525925         1.61019
        -2.31995         1.21648        -1.14433
       -0.140906       -0.417883        0.569588
       -0.598157         1.99874         1.05631
       -0.878077      -0.0908487         1.19005
        -1.23775         1.00539       0.0698046
        0.761979       -0.217593        0.114141
        0.590727         1.23867        -2.57733
        0.570968        -2.04516       -0.422733
       -0.995745        -1.55201         1.97508
         1.86452       -0.470887       -0.201675
         1.93352         1.83225        0.251258
        0.307201        -0.79018        -1.29118
        0.152854       -0.435926       -0.206713
       -0.690156         2.05911        -1.36911
        0.121212        0.876906        0.903322
         1.07358        0.671007        0.414994
        -1.74422       -0.691068        -1.32699
       -0.435071       -0.420506       -0.706828
      -0.0827377       -0.545998          2.0204
       -0.551357        0.579847       0.0899853
        0.477092        0.384071        0.215234
