     MU:      SIGMA:     E_MEASURED:    ERROR:
    -0.97438     0.48462    -0.13062   0.0067338
    -0.87327     0.78317    -0.24941    0.010465
    -0.70321     0.82346    -0.28893   0.0080435
    -0.77023     0.62521     -0.4371   0.0028975
    -0.54519     0.51099    -0.16417   0.0056829
    -0.41713     0.74061     -0.1846   0.0047833
    -0.31262     0.71431   -0.090744   0.0052991
    -0.06184     0.79539    -0.10421   0.0053809
    -0.06184     0.79539    -0.10421   0.0053809
    0.037828     0.57906     0.39369   0.0092285
    -0.23652     0.85853     -0.2152   0.0050117
    -0.15116      1.0448    -0.24095   0.0089347
     -0.2916     0.89578    -0.24863   0.0053103
    -0.23535     0.65648    0.073566   0.0074566
    -0.44393     0.54276   -0.027835   0.0057889
    -0.44393     0.54276   -0.027835   0.0057889
    -0.39315     0.78319    -0.21398   0.0044985
    -0.39315     0.78319    -0.21398   0.0044985
    -0.60197      0.9991    -0.15487    0.015132
    -0.31086      1.1695   -0.035089    0.020333
    -0.31086      1.1695   -0.035089    0.020333
   -0.040815      1.1757    -0.13087    0.017158
    -0.14091      1.2906     0.19253    0.036848
    0.067789      1.4049     0.55582    0.043563
     0.32238      1.4444     0.95857    0.052908
     0.32238      1.4444     0.95857    0.052908
     0.32238      1.4444     0.95857    0.052908
     0.59303      1.2599     0.53031    0.034774
      0.3552      1.4234      1.0438    0.077943
     0.11338      1.5552       1.506    0.086972
     0.11945      1.4849      1.1199    0.065792
     0.36995      1.3262     0.47703    0.052512
     0.27657      1.2513     0.11168    0.030687
     0.56812      1.0955    0.030981    0.030512
     0.81232     0.90559    -0.06468    0.017441
     0.81232     0.90559    -0.06468    0.017441
      1.0156     0.94397     0.55586    0.032813
     0.92723      1.0558     0.64833    0.037677
       1.031     0.96473     0.72727    0.039698
     0.77524       1.254     0.95931    0.056246
     0.77524       1.254     0.95931    0.056246
     0.77524       1.254     0.95931    0.056246
     0.63683      1.0231   -0.048069    0.020237
     0.38568     0.80593     -0.2174   0.0049379
     0.42039     0.58833   -0.045301   0.0056708
     0.42039     0.58833   -0.045301   0.0056708
     0.33812     0.74237    -0.14504   0.0055966
     0.19761       0.842    -0.17994   0.0049574
     0.28042     0.68939   -0.022931    0.006062
     0.44527     0.68554    -0.17306   0.0046988
     0.25035     0.88751    -0.22747   0.0057867
    0.065974     0.75702   -0.034068   0.0060744
     0.14731     0.69196    0.069722   0.0063762
     0.03122     0.97796     -0.2526   0.0064983
    0.039514      1.0367    -0.24835   0.0089537
    -0.16546     0.80705    -0.12947   0.0061375
    -0.37672      0.7506    -0.17386   0.0054472
    -0.37672      0.7506    -0.17386   0.0054472
    -0.37672      0.7506    -0.17386   0.0054472
    -0.51631     0.82727    -0.28393    0.005528
    -0.43817      0.8299    -0.25799   0.0044606
    -0.23917     0.99323    -0.24757   0.0082008
     -0.2221      1.1318    -0.17087    0.013234
     -0.1887     0.89291    -0.22914   0.0050839
     -0.3903      0.9795    -0.23863   0.0089068
     -0.3903      0.9795    -0.23863   0.0089068
    -0.54837     0.81369    -0.29538   0.0054436
    -0.62332     0.98612    -0.16707    0.012557
    -0.77738     0.77761    -0.32591    0.008243
    -0.75055     0.72503    -0.38503   0.0056715
    -0.75055     0.72503    -0.38503   0.0056715
    -0.52106     0.91256    -0.25118    0.010995
    -0.35139     0.81597    -0.21393   0.0053982
    -0.50789     0.91396    -0.27367   0.0088235
    -0.44483     0.89073    -0.26309    0.006107
    -0.44483     0.89073    -0.26309    0.006107
    -0.39695     0.97763       -0.22   0.0097015
    -0.52329     0.76344    -0.27352   0.0047578
    -0.75323     0.78674    -0.31725   0.0084566
     -0.5083     0.69586    -0.24033   0.0042227
    -0.24841     0.52675     0.37393    0.009901
    -0.24841     0.52675     0.37393    0.009901
    -0.53218     0.47761    -0.10559   0.0065168
    -0.35969     0.51991     0.17247   0.0065515
    -0.62102     0.78903     -0.3285   0.0054854
    -0.88874     0.52848    -0.31951   0.0041611
     -1.0482     0.61438    -0.18005   0.0061443
     -1.0134     0.52977    -0.19975   0.0044725
     -1.0134     0.52977    -0.19975   0.0044725
     -1.0512     0.55103    -0.15998   0.0041464
     -1.0512     0.55103    -0.15998   0.0041464
     -1.0512     0.55103    -0.15998   0.0041464
     -1.0512     0.55103    -0.15998   0.0041464
     -1.0512     0.55103    -0.15998   0.0041464
     -1.0512     0.55103    -0.15998   0.0041464
     -1.0512     0.55103    -0.15998   0.0041464
      -1.007     0.56533    -0.24908   0.0051034
    -0.87636     0.57209    -0.40276   0.0027415
    -0.72292     0.75032    -0.36777   0.0057103
    -0.59325      0.6772    -0.31864   0.0035605
    -0.75672     0.97225   0.0054086    0.024386
    -0.65458     0.77822    -0.31927   0.0065568
    -0.54914     0.64185     -0.2732    0.003878
    -0.55745     0.59935    -0.25094   0.0043155
    -0.30521       0.744    -0.10947   0.0052426
    -0.39948     0.68686    -0.12142   0.0056373
    -0.33309      0.7144    -0.10238   0.0060225
    -0.46291     0.59789    -0.10911   0.0054556
    -0.36114     0.38971     0.44965   0.0082362
   -0.090123     0.55329     0.47283    0.009091
   -0.090123     0.55329     0.47283    0.009091
     -0.3887     0.51208     0.13255   0.0070465
    -0.38046     0.50725     0.15447   0.0072318
    -0.38046     0.50725     0.15447   0.0072318
    -0.38046     0.50725     0.15447   0.0072318
    -0.43503     0.53952   0.0086618    0.005434
    -0.43503     0.53952   0.0086618    0.005434
    -0.30282     0.58204     0.15963   0.0069658
     -0.2547     0.79772    -0.14589   0.0045638
    -0.11919      1.0416    -0.23755    0.008926
   -0.029785      1.2331   -0.028303    0.019314
    0.010964      1.1205    -0.19524    0.013122
    0.099125      1.2362    0.016448     0.02314
     0.37454     0.97927    -0.24385   0.0098423
     0.37454     0.97927    -0.24385   0.0098423
    0.083603      1.1033     -0.2101    0.011303
    -0.11632      0.9697    -0.24645   0.0056462
    -0.28645      1.1384    -0.11506    0.018155
    -0.11486      1.2881     0.22033    0.039839
    -0.37225      1.1663   -0.067736     0.01932
    -0.37225      1.1663   -0.067736     0.01932
    -0.57818     0.93997    -0.24474   0.0090508
    -0.62091     0.65247    -0.34674   0.0026352
      -0.588     0.72064    -0.32162   0.0031416
    -0.40058     0.48618     0.14547   0.0068692
    -0.19939     0.73549   -0.045648   0.0065317
     -0.3074     0.49984     0.32544   0.0081509
    -0.32704     0.71742   -0.097363   0.0053898
    -0.38928      0.5613    0.046633   0.0075279
    -0.38928      0.5613    0.046633   0.0075279
    -0.51766     0.32773     0.86688    0.020013
    -0.69338     0.33276      1.1057     0.02314
    -0.50376     0.44281    0.028161   0.0066016
    -0.37605     0.56301    0.079436   0.0069426
    -0.37605     0.56301    0.079436   0.0069426
    -0.11308     0.57758     0.36709   0.0098543
     0.14962     0.76366   -0.070478   0.0061014
     0.25344     0.65715    0.055912   0.0074661
     0.25344     0.65715    0.055912   0.0074661
     0.15111     0.62058     0.21306   0.0077566
     0.34311     0.84581    -0.23283   0.0054633
     0.49418     0.98635    -0.21975    0.010841
     0.49418     0.98635    -0.21975    0.010841
     0.57981     0.97811    -0.17874    0.014155
     0.73076      0.8085    -0.30526   0.0084219
     0.46948     0.53168   -0.063195   0.0048538
     0.41133     0.40729     0.26039   0.0078086
     0.39911     0.42341     0.29106   0.0070054
     0.57882     0.37188      0.3988    0.015903
     0.57882     0.37188      0.3988    0.015903
     0.32595      0.6016     0.08193   0.0064041
      0.5189      0.3272     0.84702    0.021712
      0.3161     0.29073      1.0358    0.016491
      0.3161     0.29073      1.0358    0.016491
      0.3161     0.29073      1.0358    0.016491
     0.54615     0.41029     0.10695    0.010139
     0.29392     0.68378   -0.020247   0.0065219
     0.27779     0.84367    -0.20744    0.004882
     0.13451     0.95698    -0.23699   0.0067604
     0.13451     0.95698    -0.23699   0.0067604
     0.21236     0.85231    -0.19169   0.0053025
     0.44951     0.95819     -0.2283    0.010879
     0.67006      1.1574     0.34025    0.038495
     0.52184       1.043    -0.12477    0.016889
     0.62937      1.2015     0.35978    0.030909
     0.62937      1.2015     0.35978    0.030909
     0.62937      1.2015     0.35978    0.030909
     0.74234      1.1855     0.65502    0.053868
     0.74234      1.1855     0.65502    0.053868
     0.74234      1.1855     0.65502    0.053868
      0.6401      1.1763      0.2963    0.030915
     0.38054      1.2208     0.10382    0.023893
     0.38054      1.2208     0.10382    0.023893
     0.50365      1.0741   -0.078893     0.01721
     0.67746     0.88115    -0.25034      0.0116
     0.67746     0.88115    -0.25034      0.0116
     0.39585      0.8754    -0.26218   0.0063621
     0.47474     0.95034    -0.24734   0.0088627
     0.55704     0.90897    -0.25229   0.0099772
     0.41101       1.052    -0.18929    0.014487
     0.21654      1.0508    -0.23304    0.011222
     0.29827      1.2877      0.2297    0.030191
     0.29827      1.2877      0.2297    0.030191
     0.29827      1.2877      0.2297    0.030191
      0.5068      1.3419     0.72631    0.048069
     0.57473      1.2452      0.3812    0.039067
     0.31455      1.2861     0.32069    0.038619
     0.23784      1.1568   -0.095106    0.018503
    -0.02545      1.1599    -0.11706    0.016996
    -0.02545      1.1599    -0.11706    0.016996
   -0.024061       1.392     0.61139    0.053287
     0.15479      1.2345   0.0051925    0.029771
   -0.029706       1.137    -0.15977    0.015835
     0.13602     0.93179    -0.24627   0.0054577
      0.1524     0.99933    -0.25544   0.0059502
     0.32278     0.91288    -0.23057   0.0062971
    0.086884      1.0972    -0.17799    0.016201
    0.086884      1.0972    -0.17799    0.016201
    0.086884      1.0972    -0.17799    0.016201
    0.086884      1.0972    -0.17799    0.016201
    0.086884      1.0972    -0.17799    0.016201
    0.086884      1.0972    -0.17799    0.016201
     0.11953      1.3167     0.23325    0.032831
     0.11953      1.3167     0.23325    0.032831
     0.16473      1.2388     0.06833    0.031808
     0.17945      1.0442      -0.234    0.010389
     0.17945      1.0442      -0.234    0.010389
     0.32247     0.76472    -0.15195   0.0050349
     0.48608     0.72583     -0.2384     0.00482
     0.25443     0.66518    0.045998   0.0062679
     0.50607     0.42074    0.074942     0.00926
     0.50607     0.42074    0.074942     0.00926
     0.50607     0.42074    0.074942     0.00926
     0.50607     0.42074    0.074942     0.00926
     0.67934     0.51044    -0.30621   0.0054987
     0.69926     0.56891    -0.38911   0.0029988
     0.69926     0.56891    -0.38911   0.0029988
     0.82553     0.48721    -0.23305   0.0075082
     0.75811     0.42723    0.032816    0.011759
     0.75811     0.42723    0.032816    0.011759
     0.90072     0.72552    -0.31875   0.0081923
     0.71818      0.5291    -0.35491   0.0047122
      0.8747     0.67907     -0.3818   0.0066241
      0.8747     0.67907     -0.3818   0.0066241
     0.86528     0.77493     -0.2867   0.0096022
     0.58499     0.49197    -0.18691    0.005474
     0.58499     0.49197    -0.18691    0.005474
     0.58499     0.49197    -0.18691    0.005474
      0.3019     0.68765    -0.03367   0.0060519
     0.18806     0.77749     -0.1044   0.0063035
     0.02346     0.77586   -0.077892   0.0058734
     0.02346     0.77586   -0.077892   0.0058734
     0.02346     0.77586   -0.077892   0.0058734
     0.02346     0.77586   -0.077892   0.0058734
     0.02346     0.77586   -0.077892   0.0058734
   -0.093572     0.67993     0.10732   0.0079227
     0.15167     0.92218    -0.23079   0.0061185
     0.15167     0.92218    -0.23079   0.0061185
     0.38613     0.69574    -0.13423    0.005905
     0.13522     0.90118    -0.22816   0.0047553
   -0.094263     0.92076    -0.22499   0.0051349
   -0.041147      0.9104    -0.22311   0.0050659
   -0.041147      0.9104    -0.22311   0.0050659
   -0.041147      0.9104    -0.22311   0.0050659
    -0.31114     0.68925   -0.046377   0.0056136
    -0.11975     0.48769      0.7212    0.012997
    -0.41953     0.60701   -0.063142   0.0054003
    -0.44722     0.42841      0.1484   0.0074891
    -0.24461     0.54155     0.32526   0.0088992
    -0.47689     0.78969    -0.25441   0.0050657
    -0.40937     0.72631    -0.17349   0.0054162
     -0.5955     0.97285    -0.18295    0.014927
    -0.68502     0.87157    -0.25638    0.012068
    -0.46313     0.58954    -0.11202   0.0048267
    -0.46313     0.58954    -0.11202   0.0048267
    -0.46313     0.58954    -0.11202   0.0048267
    -0.53742     0.81884    -0.28828   0.0057261
    -0.77883     0.63559     -0.4388   0.0029185
    -0.52318      0.5634    -0.18482   0.0039849
    -0.53504     0.30479      1.3731    0.024106
    -0.37928     0.27905      1.2328    0.027519
    -0.37928     0.27905      1.2328    0.027519
    -0.37928     0.27905      1.2328    0.027519
    -0.37928     0.27905      1.2328    0.027519
    -0.37928     0.27905      1.2328    0.027519
    -0.42864     0.52837    0.031409    0.005766
    -0.19477     0.78651    -0.11068   0.0059324
     -0.1249     0.93317    -0.23456   0.0052217
    -0.27479       1.126    -0.14021    0.013842
    -0.27479       1.126    -0.14021    0.013842
    -0.10659      1.4021     0.58012    0.046248
   -0.012007      1.4706      0.8616    0.058845
   -0.012007      1.4706      0.8616    0.058845
   -0.012007      1.4706      0.8616    0.058845
     0.25209      1.4309     0.80968    0.055599
    0.019442      1.4096     0.62037    0.046385
    -0.24921      1.3625     0.44986    0.037901
    -0.18422      1.4915       0.978    0.056294
   -0.075307      1.2121   -0.016112    0.023429
    -0.02233     0.93459     -0.2327   0.0052397
     0.20741     0.70519    0.001556   0.0065278
     0.50272     0.97224    -0.23858   0.0091899
     0.50272     0.97224    -0.23858   0.0091899
     0.50272     0.97224    -0.23858   0.0091899
     0.50272     0.97224    -0.23858   0.0091899
     0.39535      1.2163     0.11173    0.028839
     0.39535      1.2163     0.11173    0.028839
     0.39535      1.2163     0.11173    0.028839
     0.39535      1.2163     0.11173    0.028839
     0.47806      1.3901      1.0053    0.055557
     0.30996      1.3262     0.47863    0.041403
     0.30996      1.3262     0.47863    0.041403
     0.56747      1.4125      1.1636     0.05957
     0.67913      1.2017     0.53217    0.046144
     0.75714     0.92426    -0.10916    0.017922
      0.6962      1.0397     0.01616    0.026563
     0.64008      1.1803     0.38705    0.036738
     0.71698      1.1322     0.31722    0.030939
     0.75079     0.94848   -0.081366    0.018441
     0.94393     0.67574    -0.32256   0.0074692
     0.99452     0.96073     0.57743    0.033525
     0.84308      1.1675     0.91298    0.057751
      1.0972      1.0885      1.6544    0.066168
      1.0279     0.91895     0.50529     0.02709
      1.0279     0.91895     0.50529     0.02709
      1.1242      1.1523      2.3255    0.095214
      1.1441     0.95024      1.1942    0.047827
       1.079      1.0571      1.3328    0.058068
       1.079      1.0571      1.3328    0.058068
      1.1441      1.1053      2.1608    0.068401
      1.2963     0.89538      1.9469    0.051182
      1.2963     0.89538      1.9469    0.051182
      1.0448     0.97666     0.80494    0.042677
     0.86148      1.1907     0.95634    0.064987
     0.57088      1.2336      0.3827    0.038637
     0.57088      1.2336      0.3827    0.038637
     0.42594        1.25      0.2922    0.035521
     0.42594        1.25      0.2922    0.035521
     0.25371      1.2202     0.02556    0.024247
     0.33953     0.94159    -0.25075    0.007128
    0.074887     0.85353    -0.16567   0.0051558
    -0.13802     0.75621   -0.057903   0.0054961
     0.12729      1.0535    -0.23035   0.0091068
      0.2633     0.83998    -0.19648   0.0044319
     0.51835     0.66303    -0.24136   0.0039646
     0.65634     0.64977    -0.37698   0.0025348
     0.65634     0.64977    -0.37698   0.0025348
     0.53846      0.8277    -0.29998   0.0052094
     0.71101     0.84394    -0.26489    0.011785
     0.80908     0.85364     -0.1974      0.0124
     0.80908     0.85364     -0.1974      0.0124
     0.80908     0.85364     -0.1974      0.0124
     0.81732     0.69656    -0.39925   0.0055765
     0.73745     0.66119    -0.42108   0.0025634
     0.98204     0.50416    -0.17586    0.005282
      1.0142     0.62993    -0.24987   0.0069677
     0.96789      0.4972    -0.18199   0.0058943
     0.92095     0.50302    -0.24019   0.0053729
      1.0469      0.5392    -0.15062   0.0041645
      1.0469      0.5392    -0.15062   0.0041645
      1.0855     0.69321     0.02055    0.014638
      1.0566     0.78459      0.1219    0.019716
      1.1212     0.48782    0.076148   0.0050337
      1.1212     0.48782    0.076148   0.0050337
      1.1212     0.48782    0.076148   0.0050337
      1.0883      0.7591     0.20133    0.021144
     0.90552     0.56078    -0.36937    0.003378
     0.90552     0.56078    -0.36937    0.003378
     0.90552     0.56078    -0.36937    0.003378
     0.90552     0.56078    -0.36937    0.003378
     0.93473     0.72347    -0.28035   0.0099679
     0.93473     0.72347    -0.28035   0.0099679
     0.99739     0.79579    0.019313    0.016305
     0.99739     0.79579    0.019313    0.016305
     0.85223     0.69965     -0.3908   0.0058958
     0.85533     0.57677    -0.42258   0.0028249
     0.85533     0.57677    -0.42258   0.0028249
     0.84843     0.65052     -0.4187   0.0047658
     0.92489     0.87394    0.025415     0.02053
      0.7659     0.65619    -0.43712   0.0025665
     0.71381     0.65465    -0.41268   0.0036833
     0.45495      0.8194    -0.25659   0.0057979
     0.23715       1.069     -0.2254    0.010317
     0.35625     0.77859    -0.18539   0.0045165
     0.32928     0.60447    0.060215   0.0078583
     0.40997     0.36892     0.39231    0.011787
     0.40997     0.36892     0.39231    0.011787
     0.25277     0.66134    0.062869   0.0063382
     0.43247     0.93693     -0.2506    0.008611
     0.62639      1.0353   -0.060863     0.02193
     0.65341     0.74209     -0.3503   0.0039959
     0.69113     0.94078    -0.17055    0.017111
     0.73791      1.0735      0.2264    0.029031
     0.64088      1.2417     0.53054    0.043666
     0.48679      1.1553    0.065874     0.02463
     0.64475     0.96415    -0.16172    0.015306
     0.80027     0.89839    -0.12071    0.017833
     0.94956     0.85459     0.06531     0.02206
     0.94956     0.85459     0.06531     0.02206
     0.78875     0.62624    -0.44703   0.0021627
     0.79221     0.70415    -0.40154   0.0054216
     0.63967     0.69393    -0.36008   0.0030962
     0.63967     0.69393    -0.36008   0.0030962
     0.42063     0.91363     -0.2542   0.0070953
     0.54337     0.81844    -0.28072   0.0072847
     0.72646      0.6675    -0.41344   0.0030926
     0.86457     0.95857     0.12048    0.026438
     0.78755      1.0066     0.12478    0.025468
      0.5484        1.12     0.13613    0.031468
       0.772     0.98692    0.022019    0.022083
     0.68352      1.1132     0.19718    0.028852
      0.7974     0.97141    0.050709    0.027172
      0.7974     0.97141    0.050709    0.027172
      1.0247     0.84242     0.25158    0.025814
      1.0247     0.84242     0.25158    0.025814
      1.0247     0.84242     0.25158    0.025814
     0.78992     0.57142    -0.42494   0.0027761
     0.98184     0.59376    -0.29901   0.0056902
     0.99884     0.60888    -0.28466   0.0053367
      1.0524     0.62232    -0.14904   0.0094263
      1.0524     0.62232    -0.14904   0.0094263
      1.0524     0.62232    -0.14904   0.0094263
      1.0524     0.62232    -0.14904   0.0094263
     0.77478      0.9208    -0.10738    0.021593
     0.77478      0.9208    -0.10738    0.021593
     0.74932     0.67153    -0.42017   0.0032612
      0.8203     0.69094    -0.41026   0.0049625
     0.99555     0.48748    -0.10537   0.0054008
     0.99555     0.48748    -0.10537   0.0054008
     0.99555     0.48748    -0.10537   0.0054008
     0.99555     0.48748    -0.10537   0.0054008
     0.99555     0.48748    -0.10537   0.0054008
      1.0033     0.41128     0.24254    0.011203
      1.0033     0.41128     0.24254    0.011203
      1.0033     0.41128     0.24254    0.011203
       0.899     0.53338    -0.33808   0.0039869
     0.94609     0.52935    -0.27873   0.0045223
     0.94609     0.52935    -0.27873   0.0045223
     0.94609     0.52935    -0.27873   0.0045223
     0.74244      0.8225    -0.27594    0.010154
      0.5743     0.57897    -0.26708    0.003736
      0.5743     0.57897    -0.26708    0.003736
      0.5743     0.57897    -0.26708    0.003736
     0.34184     0.68851   -0.074191   0.0050702
     0.19026     0.67562    0.076699   0.0080853
   0.0030073     0.70833     0.05912   0.0069032
   0.0030073     0.70833     0.05912   0.0069032
     -0.0173      0.7401  -0.0026998    0.006327
    -0.19606      0.7044   0.0012357     0.00655
   -0.042113     0.91232    -0.21009   0.0055928
   -0.042113     0.91232    -0.21009   0.0055928
     -0.3342     0.72224    -0.11618   0.0056192
    -0.34517     0.62866    0.023054   0.0070634
    -0.45468     0.46944    0.057255   0.0057955
    -0.17181     0.64534     0.15619   0.0073255
    -0.17181     0.64534     0.15619   0.0073255
    -0.04989     0.66503     0.14572   0.0072866
     0.23962      0.9152    -0.24637   0.0052443
    0.066177      1.0114    -0.24365    0.009842
    0.075944       1.043    -0.24312   0.0072048
      0.2231      1.0275    -0.24766   0.0089294
     0.34317     0.93639    -0.25826    0.006581
     0.14229      0.8029    -0.12258    0.005594
     0.14229      0.8029    -0.12258    0.005594
     0.14229      0.8029    -0.12258    0.005594
     0.15237     0.79081    -0.11249   0.0060175
     0.38472      1.0571    -0.19212    0.010808
     0.38472      1.0571    -0.19212    0.010808
     0.23608       1.242     0.11348    0.026486
     0.23608       1.242     0.11348    0.026486
     0.23414      1.4842      1.1352     0.06657
     0.23414      1.4842      1.1352     0.06657
     0.29456      1.2765     0.24562    0.036097
     0.26684      1.4082     0.67493    0.057165
     0.40391      1.3314     0.49742    0.042211
     0.11363      1.2336    0.061245    0.030617
     0.11363      1.2336    0.061245    0.030617
    0.060585      1.1905    -0.11441    0.018516
    0.060585      1.1905    -0.11441    0.018516
   -0.084819         1.3     0.25267    0.033716
   -0.084819         1.3     0.25267    0.033716
    0.091744       1.369     0.30248    0.033213
    -0.11295      1.3471     0.30837    0.036472
    -0.27514      1.1327    -0.11645    0.023052
    -0.36325      1.0421    -0.19861    0.011984
    -0.23071     0.79492    -0.14808   0.0054806
    -0.35114     0.83657    -0.22125   0.0057817
    -0.44551      0.6124    -0.10448   0.0048306
    -0.44551      0.6124    -0.10448   0.0048306
    -0.36612     0.59435    0.034962   0.0071619
    -0.36612     0.59435    0.034962   0.0071619
    -0.36612     0.59435    0.034962   0.0071619
    -0.32339     0.85897    -0.22826   0.0046879
    -0.56897      1.0757   -0.031212    0.022752
     -0.5439      1.0337    -0.14511    0.014204
    -0.84055     0.91205   -0.016439    0.017881
    -0.59043     0.66312    -0.32364   0.0032479
    -0.83583     0.60168    -0.43477   0.0023899
    -0.83583     0.60168    -0.43477   0.0023899
    -0.87311     0.30326      1.4758     0.03155
     -1.1425     0.56285    0.055508   0.0086703
    -0.88993     0.44098    0.015566   0.0097967
    -0.88993     0.44098    0.015566   0.0097967
    -0.78999     0.36128     0.71813    0.019134
    -0.80481     0.34742     0.85754    0.019618
    -0.62821     0.40474     0.15431    0.012888
    -0.62821     0.40474     0.15431    0.012888
    -0.62821     0.40474     0.15431    0.012888
    -0.88885     0.67816    -0.37571   0.0059771
    -0.88885     0.67816    -0.37571   0.0059771
    -0.67991     0.72337    -0.36409   0.0051728
    -0.75966     0.57882    -0.42927    0.002454
    -0.75966     0.57882    -0.42927    0.002454
    -0.71709     0.77391    -0.34287   0.0058558
    -0.71709     0.77391    -0.34287   0.0058558
    -0.71709     0.77391    -0.34287   0.0058558
    -0.71709     0.77391    -0.34287   0.0058558
    -0.85631     0.57194     -0.4149   0.0027504
    -0.85631     0.57194     -0.4149   0.0027504
    -0.85631     0.57194     -0.4149   0.0027504
    -0.96437     0.75191    -0.14873    0.013018
    -0.78077     0.47254    -0.18704   0.0071016
    -0.84038      0.5992    -0.43681   0.0026086
    -0.88419     0.81752     -0.1495    0.015106
    -0.88419     0.81752     -0.1495    0.015106
    -0.88419     0.81752     -0.1495    0.015106
      -1.006     0.54067    -0.22276   0.0044326
      -1.006     0.54067    -0.22276   0.0044326
      -1.006     0.54067    -0.22276   0.0044326
     -1.0716      0.5531    -0.11645   0.0052257
    -0.90491     0.69512    -0.35057   0.0064656
    -0.71547     0.96018     -0.1035     0.01763
    -0.57175      1.1679     0.17284    0.030881
    -0.72717     0.96348  -0.0027158    0.020883
    -0.72717     0.96348  -0.0027158    0.020883
    -0.72717     0.96348  -0.0027158    0.020883
    -0.71764     0.95896    -0.11652    0.015029
    -0.67871     0.91536    -0.23278    0.010809
    -0.85319     0.69032    -0.39001   0.0054419
    -0.66668      0.7134    -0.37367   0.0040202
    -0.78898     0.74071    -0.35519   0.0070375
    -0.78898     0.74071    -0.35519   0.0070375
    -0.78898     0.74071    -0.35519   0.0070375
    -0.78898     0.74071    -0.35519   0.0070375
     -1.0543      0.9057     0.60759    0.034736
      -1.291       1.026      2.7717    0.081498
      -1.291       1.026      2.7717    0.081498
      -1.291       1.026      2.7717    0.081498
      -1.291       1.026      2.7717    0.081498
     -1.0337      1.0085     0.93502    0.042651
     -1.0337      1.0085     0.93502    0.042651
     -1.0337      1.0085     0.93502    0.042651
     -1.0458     0.96657     0.71378    0.037594
     -1.0458     0.96657     0.71378    0.037594
     -1.0137     0.72981   -0.088847    0.014498
     -1.1645     0.65201     0.20136    0.013238
     -1.1645     0.65201     0.20136    0.013238
     -1.1645     0.65201     0.20136    0.013238
     -1.1645     0.65201     0.20136    0.013238
     -1.1645     0.65201     0.20136    0.013238
    -0.86718     0.62776    -0.42593   0.0037365
    -0.67825     0.63645    -0.39163    0.003124
    -0.75036     0.55146    -0.40334   0.0034564
    -0.74029     0.57481    -0.42325   0.0024495
     -0.8536     0.59742    -0.43002   0.0027205
     -1.0928     0.82043     0.37997    0.025165
     -1.0928     0.82043     0.37997    0.025165
     -1.0928     0.82043     0.37997    0.025165
    -0.82379     0.63891    -0.44297    0.002618
    -0.79402     0.58299    -0.43849   0.0025869
    -0.53652     0.79531    -0.29317   0.0058881
    -0.82945      0.6017    -0.44266   0.0022096
    -0.70255     0.64171    -0.40926   0.0022788
    -0.70255     0.64171    -0.40926   0.0022788
    -0.70255     0.64171    -0.40926   0.0022788
    -0.93404     0.86062   -0.035308    0.016616
    -0.93404     0.86062   -0.035308    0.016616
     -1.1075     0.82534     0.48036    0.029365
     -1.1075     0.82534     0.48036    0.029365
     -1.0911     0.87068     0.58378    0.026259
     -1.0911     0.87068     0.58378    0.026259
    -0.90968     0.67716    -0.36379    0.007168
    -0.75349     0.85002    -0.25142    0.011527
    -0.75349     0.85002    -0.25142    0.011527
    -0.77992     0.93129   -0.063274    0.017059
    -0.77992     0.93129   -0.063274    0.017059
    -0.77992     0.93129   -0.063274    0.017059
    -0.88563      0.7447    -0.28551   0.0095314
    -0.76812     0.56507    -0.42138   0.0029553
    -0.91902      0.4249     0.13798    0.010575
    -0.91902      0.4249     0.13798    0.010575
     -1.1782     0.64758     0.26702    0.014248
     -1.1782     0.64758     0.26702    0.014248
     -1.1782     0.64758     0.26702    0.014248
     -1.0902     0.53438   -0.064501   0.0052706
     -1.0902     0.53438   -0.064501   0.0052706
     -1.1351     0.79756     0.49864    0.024653
     -1.1351     0.79756     0.49864    0.024653
     -1.0165      1.0522      1.0301    0.047726
    -0.81306      1.1902     0.90278    0.058031
    -0.81306      1.1902     0.90278    0.058031
    -0.81306      1.1902     0.90278    0.058031
    -0.56264      1.0981   -0.040619    0.018782
    -0.27227       1.126    -0.18835    0.011464
    -0.51886     0.91912    -0.26963   0.0078979
     -0.7013     0.75899    -0.35255   0.0058549
    -0.77941     0.54691     -0.3975   0.0037684
    -0.77941     0.54691     -0.3975   0.0037684
     -0.6871     0.59053    -0.39954   0.0028027
     -0.6871     0.59053    -0.39954   0.0028027
    -0.52506     0.54524    -0.17835   0.0049928
    -0.52506     0.54524    -0.17835   0.0049928
    -0.35262     0.38906     0.47957   0.0090991
     -0.4331     0.52176    0.027325   0.0057275
     -0.4331     0.52176    0.027325   0.0057275
    -0.20986      0.7264   -0.033956   0.0064279
    -0.20292      0.5548     0.36123   0.0092922
    -0.24234     0.70657   -0.021871   0.0052078
    -0.23305     0.58418     0.24184   0.0081399
    -0.35493     0.67462     -0.0685   0.0059019
    -0.55363      0.7654    -0.30399   0.0041149
    -0.36877      1.0596    -0.18458    0.011023
   -0.078111      1.2864     0.14007    0.025428
     0.11035     0.99042    -0.24996   0.0071279
   -0.028318      1.2413    0.060094    0.027467
     -0.2891      1.1405   -0.098917     0.01706
    -0.52933      1.0453    -0.12744    0.016638
    -0.48237     0.75182    -0.24732   0.0048618
    -0.48638     0.52107   -0.086615   0.0055968
    -0.41213     0.60673     -0.0441   0.0049276
    -0.41213     0.60673     -0.0441   0.0049276
    -0.30818      0.6342     0.04131   0.0071738
    -0.30818      0.6342     0.04131   0.0071738
    -0.30818      0.6342     0.04131   0.0071738
    -0.11923     0.77122   -0.076661   0.0067208
   -0.097621     0.90834    -0.22379   0.0051287
     0.06808      1.1369    -0.12956    0.018673
    0.098017     0.86489    -0.18412   0.0054718
   -0.053701       0.972    -0.24024   0.0062952
    -0.26321      1.0047    -0.23518   0.0083135
     -0.1426      1.1399    -0.14196    0.017693
     -0.1426      1.1399    -0.14196    0.017693
    -0.10915     0.84649    -0.16541   0.0062888
    -0.20232     0.66216    0.087232   0.0076002
    -0.49798     0.93754    -0.23454    0.011325
    -0.39569      1.0565    -0.16509    0.017723
    -0.48169     0.79164    -0.25769   0.0056202
    -0.59276     0.56317    -0.28519   0.0038983
    -0.75992     0.60827    -0.43689   0.0023808
    -0.51616     0.65432    -0.22675   0.0043325
    -0.58416     0.73723    -0.31723   0.0043078
    -0.58416     0.73723    -0.31723   0.0043078
    -0.71778     0.71704    -0.39061   0.0038962
    -0.41968      1.0108    -0.21756     0.01228
    -0.16816     0.99264    -0.25477   0.0069388
    -0.43267     0.87011    -0.26708   0.0051163
    -0.72208     0.85928    -0.24487    0.012052
    -0.57331     0.60032    -0.27562   0.0038792
    -0.32347     0.65291   0.0076182   0.0061078
    -0.62246     0.73827    -0.33878   0.0043753
    -0.67473     0.86949    -0.24508    0.011705
    -0.67473     0.86949    -0.24508    0.011705
      -0.961     0.61538    -0.33554   0.0048096
      -0.961     0.61538    -0.33554   0.0048096
     -1.1585      0.5248     0.11384   0.0062925
     -1.1585      0.5248     0.11384   0.0062925
     -1.1585      0.5248     0.11384   0.0062925
     -1.1246     0.33124      1.0332    0.024557
     -1.1663     0.35705     0.79545    0.019092
     -1.1663     0.35705     0.79545    0.019092
     -1.3454     0.46999     0.82987    0.010116
     -1.1417      0.3247      1.0771    0.022424
     -1.1417      0.3247      1.0771    0.022424
     -1.1417      0.3247      1.0771    0.022424
     -1.1417      0.3247      1.0771    0.022424
      -1.408     0.41088       1.283    0.012899
     -1.2467     0.36675     0.84852    0.017041
     -1.2579     0.38168      0.8007    0.015551
     -1.1621     0.31163      1.2974    0.027599
     -0.9488      0.5075    -0.22905   0.0053629
    -0.92412     0.77839    -0.17342    0.014765
    -0.80755     0.93209   -0.075232    0.018245
    -0.63422     0.82403    -0.30305   0.0071103
    -0.69662     0.57378    -0.39011   0.0027192
      -0.494     0.61627    -0.16893   0.0048165
    -0.45183     0.48701    0.027996   0.0069059
    -0.33531     0.28241      1.1119    0.021453
    -0.33531     0.28241      1.1119    0.021453
    -0.35278     0.32394     0.73894    0.013633
    -0.35278     0.32394     0.73894    0.013633
    -0.13377     0.51257     0.62041    0.011571
    -0.13377     0.51257     0.62041    0.011571
     0.13655     0.62692     0.21591   0.0082656
   -0.010151     0.73308   0.0064446   0.0058011
   -0.099023     0.59204     0.34072   0.0090336
    -0.31252     0.50469     0.31853   0.0079589
    -0.16844     0.64423     0.15639   0.0078763
    -0.29771     0.93445    -0.25303   0.0056649
     -0.5852     0.64735    -0.30504   0.0031362
    -0.54714     0.67678    -0.27751   0.0040758
    -0.75187     0.66017    -0.42881   0.0029785
    -0.86304     0.67003    -0.40376   0.0056738
    -0.71309     0.57725     -0.4075   0.0028861
    -0.76683     0.75285    -0.36147   0.0062522
    -0.76683     0.75285    -0.36147   0.0062522
    -0.76683     0.75285    -0.36147   0.0062522
    -0.48498     0.95728    -0.22876    0.011307
    -0.29117     0.90755    -0.24922   0.0051053
    -0.04603     0.61093     0.31304   0.0085944
    -0.12783     0.83344    -0.15575    0.004412
    -0.24785      1.0153    -0.25379   0.0074114
    -0.29041      0.7637    -0.13495   0.0050701
   -0.050319        1.06    -0.23102   0.0095642
    -0.33824      1.2991     0.36745    0.039105
    -0.11944      1.1703     -0.1177    0.019204
   -0.028636       1.274     0.10293    0.029246
     0.13423      1.0949    -0.20352    0.012096
    0.018929      1.0645    -0.24032   0.0095977
    0.018929      1.0645    -0.24032   0.0095977
     0.04308     0.90414    -0.21659   0.0044654
   -0.022117     0.91256    -0.21787   0.0050319
     -0.2815      0.9458    -0.24759   0.0071358
    -0.46221      0.8492    -0.27772   0.0048972
    -0.65774      1.0353   -0.044042    0.020491
    -0.49387     0.87324    -0.27174   0.0059471
    -0.49387     0.87324    -0.27174   0.0059471
    -0.59986      1.1334     0.12541    0.029402
      -0.384     0.97309    -0.23968   0.0090667
      -0.384     0.97309    -0.23968   0.0090667
    -0.60991     0.75334    -0.32144   0.0044458
    -0.60991     0.75334    -0.32144   0.0044458
    -0.37695     0.97486    -0.23461   0.0095648
    -0.64511     0.88064    -0.25764     0.01004
    -0.88913     0.96952     0.26152    0.030984
    -0.88913     0.96952     0.26152    0.030984
    -0.65605      1.0362    0.017349     0.02317
    -0.56995     0.93475    -0.23683    0.013941
    -0.50463      1.2212     0.24448    0.030271
    -0.60403       1.249     0.50746    0.044593
    -0.31991      1.0147    -0.24868    0.009032
    -0.17938     0.76473    -0.08425   0.0062408
   -0.051417     0.98574    -0.25206   0.0070323
    -0.13456      1.0486    -0.24774    0.010028
    -0.34979      1.1182    -0.12196    0.019673
    -0.34979      1.1182    -0.12196    0.019673
    -0.23608        1.22    0.017525    0.025506
   -0.045794        1.11    -0.20121    0.012501
    0.061593     0.94791    -0.22741   0.0057383
     0.34136      1.1555   -0.045826    0.020345
     0.37806      1.0698    -0.17907    0.013548
     0.18884      1.1234    -0.19186    0.012446
     0.18884      1.1234    -0.19186    0.012446
     0.23583      1.3855     0.54573    0.039412
     0.28597      1.3125     0.35683    0.034414
     0.28597      1.3125     0.35683    0.034414
     0.06236      1.4475     0.88552    0.057408
    -0.16129      1.1567    -0.12195    0.018062
    -0.13261      1.0192    -0.24828   0.0074567
    0.071032     0.83804    -0.15935   0.0054739
   -0.048539     0.92375    -0.21576    0.006807
    -0.18462     0.90785    -0.23662   0.0061669
    -0.18462     0.90785    -0.23662   0.0061669
    0.042161      1.1574    -0.14337    0.016923
    0.036532     0.87946    -0.19404   0.0048023
    -0.18718     0.87382    -0.21033   0.0049084
   -0.084586      1.0181    -0.26007   0.0055807
    -0.28161      1.0926    -0.16702    0.015252
     -0.2357      1.1825   -0.033115    0.026331
    -0.06238      1.0432    -0.24053   0.0086534
    -0.11745     0.74959   -0.021198   0.0067238
     0.16693     0.69921    0.037378   0.0061236
     0.11619     0.79387    -0.10709   0.0057822
     0.20851     0.67203    0.075163   0.0054167
     0.20851     0.67203    0.075163   0.0054167
    0.067839      0.8973    -0.20763   0.0050098
    0.067839      0.8973    -0.20763   0.0050098
    0.067839      0.8973    -0.20763   0.0050098
     0.24074     0.74161   -0.071402   0.0058086
     0.28897     0.86721    -0.22994   0.0053761
     0.47572     0.74526    -0.24118   0.0037638
     0.47572     0.74526    -0.24118   0.0037638
     0.77471     0.71445    -0.38892   0.0058954
     0.64853     0.71992    -0.35594   0.0043992
     0.64853     0.71992    -0.35594   0.0043992
     0.41263      1.0093    -0.21445    0.010285
     0.41263      1.0093    -0.21445    0.010285
     0.41263      1.0093    -0.21445    0.010285
     0.51174      1.0631      -0.137     0.01481
      0.3122      1.1746   -0.067532    0.018412
      0.3122      1.1746   -0.067532    0.018412
     0.56887     0.88536    -0.27236   0.0080473
     0.54294      1.1177   -0.002847    0.019321
     0.64219      1.0703    0.026733    0.026319
       0.665      1.1927     0.40941    0.033884
     0.48578      1.0373    -0.14923    0.017583
     0.43017      1.1351    -0.03687    0.024828
     0.52016      1.2785     0.38235    0.036176
     0.52016      1.2785     0.38235    0.036176
      0.5282     0.98882    -0.19624    0.011022
      0.6015     0.77251    -0.31784   0.0047714
      0.6015     0.77251    -0.31784   0.0047714
     0.68874     0.58538    -0.39118   0.0028238
      0.9458     0.81819   -0.027601    0.017739
     0.96043     0.58183    -0.33942   0.0036334
      1.2323     0.59299     0.37766    0.012167
      1.1465     0.48372      0.1416   0.0052257
     0.88023     0.43506    0.055945    0.012634
      0.9958     0.42507     0.16774   0.0093397
      0.9958     0.42507     0.16774   0.0093397
      0.9958     0.42507     0.16774   0.0093397
      0.9958     0.42507     0.16774   0.0093397
      1.0598      0.4926   -0.039798   0.0050852
      1.0598      0.4926   -0.039798   0.0050852
      1.0855     0.50672   -0.038522   0.0043608
      1.0855     0.50672   -0.038522   0.0043608
      1.0855     0.50672   -0.038522   0.0043608
     0.98969     0.32004      1.1303    0.026095
     0.98969     0.32004      1.1303    0.026095
     0.98969     0.32004      1.1303    0.026095
      1.1762     0.42125     0.40242   0.0083166
      1.1762     0.42125     0.40242   0.0083166
      1.1762     0.42125     0.40242   0.0083166
      1.1762     0.42125     0.40242   0.0083166
     0.88486     0.34035     0.87599    0.021128
      0.8164     0.33258       1.029    0.024481
      0.8164     0.33258       1.029    0.024481
      0.8164     0.33258       1.029    0.024481
      0.8164     0.33258       1.029    0.024481
      1.0433     0.47327   -0.011599   0.0059707
      1.0433     0.47327   -0.011599   0.0059707
     0.78005     0.56695    -0.41685   0.0027615
     0.78005     0.56695    -0.41685   0.0027615
      1.0678     0.47379    0.022136   0.0059933
      1.0678     0.47379    0.022136   0.0059933
      1.0678     0.47379    0.022136   0.0059933
      1.0678     0.47379    0.022136   0.0059933
      1.2005     0.53262     0.22876   0.0075385
      1.2005     0.53262     0.22876   0.0075385
     0.91272      0.5284    -0.31557   0.0043306
     0.92854      0.6098    -0.37748    0.004365
     0.66075     0.88441    -0.24126    0.010876
     0.47174     0.70094    -0.21246   0.0048071
     0.42901     0.69926    -0.16798   0.0046605
     0.42901     0.69926    -0.16798   0.0046605
     0.56831     0.67976    -0.29508   0.0032618
     0.57339     0.41366    0.085942    0.010069
     0.57339     0.41366    0.085942    0.010069
     0.57339     0.41366    0.085942    0.010069
     0.70339     0.70959    -0.38672   0.0037181
     0.92786     0.69839    -0.32901   0.0066371
     0.79301     0.67866    -0.40873   0.0047773
     0.63098     0.80315    -0.31026   0.0065944
     0.63098     0.80315    -0.31026   0.0065944
     0.37516     0.84749    -0.23596   0.0042005
     0.59215      1.0929   -0.030324    0.018785
     0.68577      1.1506     0.30686     0.03368
     0.42184     0.89524    -0.25769   0.0083892
     0.42184     0.89524    -0.25769   0.0083892
     0.69911     0.77751    -0.34243   0.0068109
     0.90162     0.88884    0.045244    0.018679
     0.71372      1.0614     0.10227    0.026827
     0.60531     0.95906    -0.19602    0.013669
     0.77956     0.84598      -0.244    0.013817
     0.96249     0.67529    -0.30036   0.0076048
      1.0712     0.63829    -0.12152   0.0091664
     0.90316     0.54712    -0.35032   0.0032754
     0.76704     0.47789    -0.22191   0.0079287
     0.52265     0.55091    -0.16482   0.0043048
     0.77713     0.76868    -0.34031   0.0077391
     0.77713     0.76868    -0.34031   0.0077391
     0.86357     0.68877    -0.38973   0.0054769
     0.76534     0.69282    -0.40923   0.0043278
     0.50704     0.76419    -0.26787   0.0050563
     0.38942     0.77901    -0.21128   0.0050673
     0.10326     0.69784    0.060022   0.0066461
  -0.0038972     0.73883  -0.0065433   0.0066426
    0.075151     0.68102     0.11681   0.0073886
    0.075151     0.68102     0.11681   0.0073886
   -0.017754      0.8793    -0.19287    0.005095
     0.17991      1.0737    -0.22013    0.011501
    0.064503      1.2929     0.15914     0.02966
   -0.080057      1.0302    -0.24494   0.0087266
    -0.35212     0.81054    -0.21688   0.0053774
    -0.53163     0.83491    -0.27415   0.0056394
    -0.46383     0.60624    -0.12267   0.0055473
     -0.3421     0.84544     -0.2264   0.0049425
    -0.18112     0.86652    -0.19369   0.0056312
    -0.26115     0.98947    -0.25231   0.0080721
    -0.26115     0.98947    -0.25231   0.0080721
    -0.29817     0.76814    -0.13899   0.0047655
    -0.56188     0.77504    -0.30747   0.0044216
    -0.43797     0.54899   -0.020067   0.0056603
     -0.3788     0.38309     0.41911   0.0084883
    -0.14294     0.51204     0.59711    0.011728
    -0.18453     0.42464     0.91222    0.013585
    -0.38245     0.71945    -0.14573   0.0048315
    -0.38245     0.71945    -0.14573   0.0048315
    -0.15647     0.91174    -0.23576   0.0046447
    -0.41542     0.77306    -0.21604   0.0044663
    -0.11919     0.72605   0.0093813   0.0062637
    -0.04202      0.6521     0.20534   0.0071818
    -0.04202      0.6521     0.20534   0.0071818
     0.20125     0.77142    -0.10522   0.0057685
     0.23489     0.81707    -0.16449   0.0051171
     0.23489     0.81707    -0.16449   0.0051171
     0.46186      1.1047   -0.089073    0.019757
     0.32002      0.8085    -0.19882   0.0052589
     0.32002      0.8085    -0.19882   0.0052589
     0.32002      0.8085    -0.19882   0.0052589
    0.070165     0.70355    0.053989   0.0065724
    0.070165     0.70355    0.053989   0.0065724
     0.12142     0.77068   -0.066564    0.006078
     0.12142     0.77068   -0.066564    0.006078
     0.31712      0.7196   -0.095849   0.0061931
    0.083519     0.52003     0.61065    0.010987
     0.36385     0.39036     0.45183   0.0083614
     0.36385     0.39036     0.45183   0.0083614
     0.36385     0.39036     0.45183   0.0083614
     0.48651     0.58925    -0.15311   0.0045832
     0.63582     0.50918    -0.26426   0.0052177
     0.91597     0.72776    -0.28166   0.0084698
     0.91597     0.72776    -0.28166   0.0084698
     0.88535     0.44797  -0.0072987    0.009819
     0.88535     0.44797  -0.0072987    0.009819
     0.88535     0.44797  -0.0072987    0.009819
     0.82763     0.43479     0.04993    0.010507
      1.0402       0.603    -0.20441   0.0052538
     0.91274      0.7207    -0.29539   0.0098259
     0.86094     0.54694    -0.38074    0.003829
     0.65842     0.70089    -0.36409   0.0033922
     0.39432     0.95492    -0.25497   0.0064025
     0.33484      1.0885    -0.14882    0.019494
     0.33484      1.0885    -0.14882    0.019494
    0.072924       1.314     0.20717     0.03394
    0.072924       1.314     0.20717     0.03394
   -0.026225      1.2133   -0.031776    0.020606
  -0.0076931     0.95555    -0.24704   0.0060673
     0.17004        1.03    -0.23865   0.0087368
   -0.023614     0.73243   0.0031749   0.0066373
    -0.02332     0.79689   -0.099483   0.0055296
     -0.2011     0.75547   -0.070519   0.0047255
    -0.37094     0.78545    -0.20309   0.0044848
    -0.38553      0.6034   0.0029679   0.0057725
    -0.11414     0.80788    -0.13004   0.0058337
    -0.11414     0.80788    -0.13004   0.0058337
    -0.20372     0.55873     0.33383   0.0079487
    -0.20372     0.55873     0.33383   0.0079487
    -0.21931     0.32667      1.3343    0.016912
    -0.44373     0.40305     0.21634    0.008229
    -0.44373     0.40305     0.21634    0.008229
    -0.44373     0.40305     0.21634    0.008229
    -0.44373     0.40305     0.21634    0.008229
    -0.27621     0.44504     0.57677    0.010031
    -0.37345     0.68453    -0.10041   0.0052501
    -0.46816     0.95905    -0.22531    0.012424
     -0.2883     0.79891    -0.17057    0.004943
    -0.57311     0.66109    -0.29763    0.003768
    -0.55657     0.94437    -0.23671   0.0091698
    -0.55657     0.94437    -0.23671   0.0091698
    -0.82524     0.99467      0.1472    0.023445
     -1.1078     0.78338     0.33772    0.021911
     -1.1078     0.78338     0.33772    0.021911
    -0.91209     0.55321     -0.3581   0.0035375
     -1.0637     0.62519    -0.14465   0.0088572
    -0.95403     0.88803      0.1671    0.023112
    -0.95403     0.88803      0.1671    0.023112
    -0.76292     0.78338    -0.32752   0.0071515
    -0.61997     0.80403    -0.32141   0.0053502
    -0.52724     0.87144    -0.27739   0.0063821
    -0.59966     0.76201    -0.32583   0.0045276
    -0.31553     0.97701    -0.24334   0.0084155
    -0.31553     0.97701    -0.24334   0.0084155
    -0.49741      1.2213     0.23403    0.038446
    -0.52407      1.2251     0.29527    0.035352
    -0.71553      1.0556     0.11863    0.024816
    -0.79563      1.2889      1.1981    0.055313
    -0.79563      1.2889      1.1981    0.055313
    -0.85445      1.1635     0.85044    0.041527
     -1.1132      1.2253       2.666    0.091626
     -1.1132      1.2253       2.666    0.091626
     -1.1132      1.2253       2.666    0.091626
     -1.1132      1.2253       2.666    0.091626
    -0.84482       1.371      1.9389    0.087723
    -0.56308      1.4939       1.929     0.10456
    -0.85406      1.4148      2.5331     0.12297
    -0.57661      1.2706     0.51842    0.038909
    -0.57845      1.0108    -0.14218    0.020267
    -0.47076      1.1602    0.044016    0.026146
    -0.37159      1.3774     0.59721    0.048493
    -0.37159      1.3774     0.59721    0.048493
    -0.26167      1.0937    -0.17519    0.013523
    -0.26167      1.0937    -0.17519    0.013523
    -0.30247      1.1844   -0.027586    0.024046
    -0.30247      1.1844   -0.027586    0.024046
     -0.4381      1.1477    -0.04545    0.020094
     -0.4381      1.1477    -0.04545    0.020094
    -0.28974      1.2825     0.18776    0.038295
   -0.093395      1.3006     0.20858     0.03696
   -0.093395      1.3006     0.20858     0.03696
    -0.11828      1.2627    0.096909     0.02773
     0.11837      1.0663    -0.24482   0.0088839
     -0.1393      1.1839   -0.066747    0.020627
     -0.1393      1.1839   -0.066747    0.020627
   -0.013458      1.0464    -0.23614   0.0095129
   -0.013458      1.0464    -0.23614   0.0095129
     0.23776     0.80227    -0.15082   0.0048547
     0.32633       1.026    -0.21457    0.015728
      0.5599      0.9684    -0.23072   0.0097585
     0.70693     0.89958    -0.21695     0.01116
     0.70693     0.89958    -0.21695     0.01116
