     ACCEPTANCE:
      0.76238
      0.76471
      0.76699
      0.76923
      0.77143
      0.77358
       0.7757
      0.77778
      0.77064
      0.77273
      0.77477
      0.77679
      0.77876
       0.7807
      0.78261
      0.77586
      0.77778
      0.77119
      0.77311
        0.775
       0.7686
      0.77049
      0.77236
      0.77419
        0.776
      0.76984
      0.76378
      0.76562
      0.76744
      0.76923
      0.77099
      0.77273
      0.77444
      0.77612
      0.77778
      0.77206
      0.77372
      0.77536
      0.77698
      0.77857
      0.77305
      0.76761
      0.76923
      0.77083
      0.77241
      0.76712
      0.76871
      0.77027
      0.77181
      0.77333
      0.77483
      0.77632
      0.77778
      0.77922
      0.78065
      0.78205
      0.78344
      0.77848
      0.77358
        0.775
       0.7764
      0.77778
      0.77914
      0.78049
      0.78182
      0.77711
      0.77844
      0.77976
      0.78107
      0.78235
      0.77778
      0.77907
      0.78035
      0.78161
      0.78286
      0.77841
      0.77966
       0.7809
      0.78212
      0.78333
      0.78453
      0.78022
      0.78142
      0.78261
      0.78378
      0.78495
       0.7861
      0.78723
      0.78307
      0.78421
       0.7801
      0.77604
      0.77202
      0.76804
       0.7641
       0.7602
      0.76142
      0.76263
      0.76382
        0.765
      0.76617
      0.76733
      0.76847
      0.76961
      0.77073
      0.77184
      0.77295
      0.77404
      0.77512
      0.77619
      0.77251
      0.77358
      0.77465
      0.77103
      0.76744
      0.76852
      0.76498
      0.76606
      0.76712
      0.76818
      0.76923
      0.77027
       0.7713
      0.77232
      0.76889
      0.76991
      0.77093
      0.77193
      0.77293
      0.77391
      0.77056
      0.77155
      0.77253
       0.7735
      0.77447
      0.77542
      0.77637
      0.77731
      0.77824
        0.775
      0.77593
      0.77686
      0.77778
      0.77869
      0.77551
      0.77642
      0.77733
      0.77823
       0.7751
        0.776
      0.77689
      0.77778
       0.7747
      0.77559
      0.77647
      0.77734
      0.77821
      0.77907
      0.77992
      0.77692
      0.77778
      0.77863
      0.77947
      0.77652
      0.77358
      0.77444
      0.77528
      0.77612
      0.77695
      0.77407
      0.77491
      0.77574
      0.77656
      0.77737
      0.77818
      0.77536
      0.77256
      0.77338
      0.77061
      0.76786
      0.76868
       0.7695
      0.76678
      0.76761
      0.76842
      0.76573
      0.76655
      0.76736
      0.76817
      0.76897
      0.76976
      0.77055
      0.76792
      0.76531
       0.7661
      0.76689
      0.76768
      0.76846
      0.76923
      0.76667
      0.76744
      0.76821
      0.76898
      0.76974
      0.77049
      0.77124
      0.77199
      0.76948
      0.76699
      0.76452
      0.76206
      0.75962
      0.76038
      0.75796
      0.75873
      0.75949
       0.7571
      0.75786
      0.75862
      0.75938
      0.76012
      0.75776
      0.75542
      0.75309
      0.75385
       0.7546
      0.75229
      0.75305
       0.7538
      0.75152
      0.75227
      0.75301
      0.75375
       0.7515
      0.75224
      0.75298
      0.75074
      0.74852
      0.74926
         0.75
      0.75073
      0.74854
      0.74636
      0.74419
      0.74203
      0.74277
      0.74352
      0.74138
      0.74212
      0.74286
      0.74359
      0.74432
      0.74221
      0.74011
      0.74085
      0.74157
       0.7423
      0.74302
      0.74373
      0.74444
      0.74515
      0.74586
      0.74656
      0.74725
      0.74521
      0.74317
      0.74387
      0.74457
      0.74526
      0.74595
      0.74663
      0.74462
      0.74263
      0.74064
      0.73867
      0.73936
      0.74005
      0.74074
      0.74142
      0.73947
      0.74016
      0.74084
       0.7389
      0.73698
      0.73766
      0.73834
      0.73902
      0.73969
      0.74036
      0.74103
      0.74169
      0.74235
      0.74046
      0.73858
      0.73671
      0.73737
      0.73552
      0.73367
      0.73183
       0.7325
      0.73317
      0.73134
      0.73201
      0.73267
      0.73333
      0.73399
      0.73464
      0.73529
      0.73594
      0.73659
      0.73723
      0.73786
       0.7385
      0.73913
      0.73735
      0.73798
      0.73861
      0.73923
      0.73747
       0.7381
      0.73872
      0.73697
      0.73759
      0.73821
      0.73882
      0.73709
       0.7377
      0.73598
       0.7366
      0.73721
      0.73782
      0.73843
      0.73903
      0.73963
      0.74023
      0.74083
      0.73913
      0.73973
      0.74032
      0.74091
      0.73923
      0.73756
      0.73815
      0.73874
      0.73933
      0.73991
      0.74049
      0.74107
      0.74165
         0.74
      0.74058
      0.74115
      0.74172
      0.74009
      0.73846
      0.73904
      0.73961
      0.73799
      0.73638
      0.73478
      0.73536
      0.73377
      0.73434
      0.73276
      0.73333
      0.73391
      0.73233
      0.73291
      0.73348
      0.73404
      0.73461
      0.73517
      0.73573
      0.73629
      0.73684
      0.73739
      0.73585
       0.7364
      0.73695
       0.7375
      0.73805
      0.73859
      0.73913
      0.73967
      0.74021
      0.74074
      0.74127
       0.7418
      0.74029
      0.74082
      0.74134
      0.74187
      0.74037
      0.74089
      0.74141
      0.74194
      0.74245
      0.74297
      0.74349
        0.744
      0.74451
      0.74502
      0.74354
      0.74405
      0.74257
      0.74111
      0.74162
      0.74213
      0.74263
      0.74314
      0.74168
      0.74023
      0.73879
       0.7393
      0.73786
      0.73837
      0.73888
      0.73938
      0.73796
      0.73654
      0.73512
      0.73372
      0.73423
      0.73282
      0.73143
      0.73194
      0.73245
      0.73106
      0.72968
      0.73019
       0.7307
      0.72932
      0.72795
      0.72846
      0.72897
      0.72948
      0.72812
      0.72862
      0.72913
      0.72963
      0.72828
      0.72878
      0.72928
      0.72978
      0.73028
      0.72894
      0.72943
      0.72993
      0.73042
      0.73091
       0.7314
      0.73188
      0.73237
      0.73105
      0.72973
      0.73022
       0.7307
      0.72939
      0.72987
      0.72857
      0.72906
      0.72776
      0.72824
      0.72872
       0.7292
      0.72968
       0.7284
      0.72887
      0.72759
      0.72807
       0.7268
      0.72727
      0.72775
      0.72822
       0.7287
      0.72917
      0.72964
       0.7301
      0.72884
      0.72931
      0.72806
       0.7268
      0.72727
      0.72774
      0.72821
      0.72867
      0.72913
      0.72959
      0.72835
      0.72881
      0.72927
      0.72973
       0.7285
      0.72896
      0.72941
      0.72987
      0.72864
      0.72742
      0.72788
      0.72667
      0.72712
      0.72757
      0.72637
      0.72682
      0.72562
      0.72442
      0.72323
      0.72368
       0.7225
      0.72131
      0.72177
      0.72222
      0.72268
      0.72313
      0.72195
      0.72078
      0.72123
      0.72006
       0.7189
      0.71935
      0.71981
      0.72026
      0.72071
      0.72115
         0.72
      0.71885
       0.7193
      0.71975
      0.72019
      0.72063
      0.72108
      0.71994
       0.7188
      0.71767
      0.71811
      0.71855
      0.71743
       0.7163
      0.71518
      0.71562
      0.71451
       0.7134
      0.71384
      0.71273
      0.71318
      0.71362
      0.71252
      0.71142
      0.71032
      0.70923
      0.70968
      0.71012
      0.71057
      0.71101
      0.71145
      0.71189
      0.71081
      0.70973
      0.71017
      0.71061
      0.71104
      0.71148
      0.71192
      0.71084
      0.70977
      0.71021
      0.70915
      0.70958
      0.70852
      0.70896
       0.7079
      0.70833
      0.70877
      0.70772
      0.70815
       0.7071
      0.70606
      0.70649
      0.70692
      0.70735
      0.70631
      0.70674
      0.70571
      0.70468
      0.70511
      0.70408
      0.70451
      0.70349
      0.70392
      0.70435
      0.70333
      0.70231
      0.70274
      0.70317
       0.7036
      0.70402
      0.70445
      0.70344
      0.70386
      0.70286
      0.70328
      0.70228
       0.7027
      0.70312
      0.70213
      0.70255
      0.70297
      0.70339
      0.70381
      0.70423
      0.70464
      0.70506
      0.70547
      0.70588
      0.70629
       0.7067
      0.70711
      0.70752
      0.70793
      0.70833
      0.70735
      0.70776
      0.70678
       0.7058
      0.70621
      0.70661
      0.70702
      0.70742
      0.70782
      0.70822
      0.70862
      0.70765
      0.70805
      0.70845
      0.70884
      0.70924
      0.70963
      0.71003
      0.71042
      0.71081
       0.7112
      0.71024
      0.71063
      0.71102
      0.71141
       0.7118
      0.71218
      0.71257
      0.71295
      0.71333
      0.71372
      0.71277
      0.71315
       0.7122
      0.71258
      0.71164
       0.7107
      0.71108
      0.71146
      0.71053
      0.71091
      0.71129
      0.71035
      0.70942
       0.7085
      0.70888
      0.70926
      0.70964
      0.71001
      0.71039
      0.71077
      0.71114
      0.71151
      0.71189
      0.71226
      0.71263
        0.713
      0.71208
      0.71245
      0.71154
      0.71191
        0.711
      0.71137
      0.71173
       0.7121
      0.71247
      0.71283
       0.7132
      0.71356
      0.71392
      0.71429
      0.71465
      0.71501
      0.71537
      0.71447
      0.71357
      0.71393
      0.71429
      0.71464
        0.715
      0.71536
      0.71571
      0.71606
      0.71642
      0.71677
      0.71712
      0.71747
      0.71782
      0.71693
      0.71728
      0.71763
      0.71798
      0.71833
      0.71867
      0.71902
      0.71814
      0.71848
      0.71883
      0.71795
      0.71829
      0.71742
      0.71776
       0.7181
      0.71845
      0.71758
      0.71792
      0.71826
       0.7186
      0.71894
      0.71928
      0.71961
      0.71995
      0.72029
      0.72062
      0.71976
       0.7201
      0.72043
      0.72076
       0.7211
      0.72143
      0.72176
       0.7209
      0.72123
      0.72156
      0.72071
      0.72104
      0.72137
       0.7217
      0.72203
      0.72235
      0.72268
      0.72183
      0.72216
      0.72248
      0.72281
      0.72313
      0.72345
      0.72378
       0.7241
      0.72442
      0.72474
      0.72506
      0.72538
      0.72454
      0.72486
      0.72402
      0.72318
       0.7235
      0.72382
      0.72414
      0.72331
      0.72362
      0.72394
      0.72311
      0.72343
       0.7226
      0.72178
       0.7221
      0.72241
      0.72159
      0.72191
      0.72222
      0.72254
      0.72285
      0.72316
      0.72348
      0.72379
      0.72297
      0.72328
       0.7236
      0.72278
      0.72309
       0.7234
      0.72371
      0.72402
      0.72433
      0.72464
      0.72494
      0.72414
      0.72333
      0.72253
      0.72284
      0.72204
      0.72235
      0.72155
      0.72075
      0.72106
      0.72026
      0.71947
      0.71978
      0.71899
       0.7182
      0.71742
      0.71772
      0.71803
      0.71725
      0.71647
      0.71569
        0.716
      0.71522
      0.71553
      0.71475
      0.71506
      0.71429
      0.71351
      0.71274
      0.71305
      0.71228
      0.71259
       0.7129
      0.71321
      0.71352
      0.71383
      0.71306
      0.71337
      0.71368
      0.71291
      0.71215
      0.71246
      0.71277
      0.71307
      0.71338
      0.71262
      0.71292
      0.71323
      0.71353
      0.71383
      0.71308
      0.71338
      0.71368
      0.71399
      0.71429
      0.71459
      0.71488
      0.71518
      0.71548
      0.71578
      0.71608
      0.71637
      0.71562
      0.71592
      0.71622
      0.71651
       0.7168
       0.7171
      0.71739
      0.71768
      0.71694
      0.71723
      0.71753
      0.71782
      0.71811
       0.7184
      0.71869
      0.71897
      0.71926
      0.71955
      0.71984
       0.7191
      0.71939
      0.71967
      0.71996
      0.72024
      0.72053
      0.72081
       0.7211
      0.72036
      0.72065
      0.72093
      0.72121
      0.72149
      0.72077
      0.72105
      0.72133
       0.7206
      0.72088
      0.72116
      0.72044
      0.71972
         0.72
      0.71928
      0.71956
      0.71884
      0.71912
       0.7194
      0.71968
      0.71897
      0.71825
      0.71853
      0.71881
      0.71909
      0.71838
      0.71866
      0.71795
      0.71724
      0.71752
       0.7178
      0.71807
      0.71835
      0.71863
       0.7189
      0.71918
      0.71848
      0.71875
      0.71805
      0.71832
       0.7186
      0.71887
      0.71914
      0.71942
      0.71969
      0.71996
      0.72023
       0.7205
      0.71981
      0.72008
      0.71938
      0.71965
      0.71992
      0.71923
      0.71854
      0.71785
      0.71812
      0.71839
      0.71866
      0.71893
       0.7192
      0.71947
      0.71878
      0.71905
      0.71931
      0.71863
       0.7189
      0.71917
      0.71943
      0.71875
      0.71902
      0.71928
      0.71955
      0.71981
      0.72008
       0.7194
      0.71966
      0.71992
      0.72019
      0.72045
      0.71978
      0.72004
       0.7203
      0.71963
      0.71895
      0.71828
      0.71855
      0.71881
      0.71907
      0.71933
      0.71959
      0.71985
      0.72011
      0.71944
       0.7197
      0.71904
       0.7193
      0.71863
      0.71889
      0.71823
      0.71849
      0.71875
      0.71809
      0.71835
      0.71861
      0.71886
      0.71821
      0.71846
      0.71781
      0.71807
      0.71832
      0.71858
      0.71884
      0.71818
