     ACCEPTANCE:
      0.76238
      0.76471
      0.76699
      0.76923
      0.77143
      0.77358
       0.7757
      0.77778
      0.77064
      0.77273
      0.77477
      0.77679
      0.77876
       0.7807
      0.78261
      0.77586
      0.77778
      0.77966
      0.78151
        0.775
       0.7686
      0.77049
      0.77236
      0.76613
        0.768
       0.7619
      0.75591
      0.75781
      0.75194
      0.75385
      0.75573
      0.75758
       0.7594
      0.76119
      0.76296
      0.76471
      0.76642
      0.76812
      0.76978
      0.77143
      0.76596
      0.76056
      0.76224
      0.76389
      0.76552
      0.76027
       0.7619
      0.76351
       0.7651
      0.76667
      0.76821
      0.76974
      0.77124
      0.77273
      0.77419
      0.77564
      0.77707
      0.77215
       0.7673
      0.76875
      0.77019
       0.7716
      0.77301
      0.77439
      0.77576
      0.77108
      0.77246
      0.76786
      0.76923
      0.77059
      0.77193
      0.77326
      0.77457
      0.77586
      0.77714
      0.77273
      0.77401
      0.77528
      0.77654
      0.77778
      0.77901
      0.77473
      0.77596
      0.77717
      0.77838
      0.77957
      0.78075
      0.78191
      0.77778
      0.77895
      0.77487
      0.77083
      0.76684
      0.76289
      0.75897
       0.7551
      0.75635
      0.75758
      0.75879
         0.76
      0.76119
      0.76238
      0.76355
      0.76471
      0.76585
      0.76699
      0.76812
      0.76923
      0.76555
       0.7619
      0.75829
      0.75943
      0.76056
      0.75701
      0.75349
      0.75463
      0.75115
      0.75229
      0.75342
         0.75
      0.75113
      0.75225
      0.75336
         0.75
      0.74667
      0.74336
      0.74449
      0.74123
      0.74236
      0.74348
      0.74026
      0.74138
       0.7382
      0.73932
      0.74043
      0.74153
      0.74262
       0.7437
      0.74477
      0.74167
      0.73859
      0.73967
      0.74074
       0.7377
      0.73878
      0.73984
      0.74089
      0.74194
      0.74297
        0.744
      0.74502
      0.74603
      0.74704
      0.74803
      0.74902
      0.74609
      0.74708
      0.74806
      0.74903
         0.75
      0.75096
      0.75191
      0.74905
      0.74621
       0.7434
      0.74436
      0.74157
      0.73881
      0.73978
      0.73704
      0.73801
      0.73529
       0.7326
      0.73358
      0.73455
      0.73188
      0.73285
      0.73381
      0.73118
      0.73214
       0.7331
      0.73404
      0.73145
      0.73239
      0.73333
      0.73427
      0.73519
      0.73264
      0.73356
      0.73448
       0.7354
      0.73288
      0.73038
      0.72789
      0.72881
      0.72973
      0.73064
      0.73154
      0.73244
         0.73
       0.7309
      0.73179
      0.73267
      0.73026
      0.73115
      0.73203
       0.7329
      0.73052
      0.72816
      0.72581
      0.72347
      0.72115
      0.72204
      0.71975
      0.72063
      0.72152
      0.71924
      0.71698
      0.71787
      0.71875
      0.71651
      0.71429
      0.71207
      0.71296
      0.71385
      0.71472
       0.7156
      0.71341
      0.71429
      0.71515
      0.71601
      0.71386
      0.71471
      0.71257
      0.71343
      0.71429
      0.71217
      0.71302
      0.71386
      0.71471
      0.71261
      0.71053
      0.71137
       0.7093
      0.71014
      0.70809
      0.70605
      0.70402
      0.70201
          0.7
      0.69801
      0.69602
      0.69405
      0.69209
      0.69014
       0.6882
      0.68908
      0.68994
      0.69081
      0.68889
      0.68975
      0.68785
      0.68595
      0.68407
      0.68219
      0.68033
      0.67847
      0.67663
      0.67751
      0.67568
      0.67655
      0.67473
       0.6756
       0.6738
        0.672
      0.67287
      0.67109
      0.67196
      0.67018
      0.66842
      0.66929
      0.67016
      0.66841
      0.66667
      0.66753
       0.6658
      0.66667
      0.66753
      0.66838
      0.66667
      0.66752
      0.66837
      0.66667
      0.66497
      0.66329
      0.66414
      0.66247
       0.6608
      0.66165
       0.6625
      0.66334
      0.66169
      0.66253
      0.66337
       0.6642
      0.66502
      0.66585
      0.66667
      0.66748
      0.66829
       0.6691
       0.6699
      0.66828
      0.66908
      0.66747
      0.66827
      0.66906
      0.66986
      0.66826
      0.66905
      0.66983
      0.66825
      0.66903
      0.66745
      0.66824
      0.66667
      0.66745
      0.66589
      0.66667
      0.66744
      0.66589
      0.66667
      0.66744
       0.6682
      0.66897
      0.66972
      0.66819
      0.66895
      0.66743
      0.66818
      0.66667
      0.66516
      0.66591
      0.66667
      0.66517
      0.66592
      0.66667
      0.66741
      0.66815
      0.66889
      0.66741
      0.66814
      0.66887
       0.6674
      0.66593
      0.66447
      0.66302
      0.66157
      0.66013
       0.6587
      0.65944
      0.65801
      0.65659
      0.65517
      0.65591
      0.65665
      0.65525
      0.65598
      0.65672
      0.65745
      0.65817
       0.6589
      0.65962
      0.66034
      0.66105
      0.65966
      0.65828
        0.659
      0.65971
      0.65833
      0.65904
      0.65975
      0.66046
      0.66116
      0.66186
      0.66255
      0.66324
      0.66393
      0.66258
      0.66327
      0.66395
      0.66463
      0.66329
      0.66397
      0.66465
      0.66532
        0.666
      0.66667
      0.66733
        0.668
      0.66667
      0.66733
        0.666
      0.66667
      0.66535
      0.66403
      0.66469
      0.66535
      0.66601
      0.66667
      0.66536
      0.66406
      0.66472
      0.66342
      0.66214
      0.66085
      0.66151
      0.66216
      0.66089
      0.65962
      0.65835
      0.65709
      0.65774
      0.65649
      0.65524
      0.65589
      0.65655
       0.6553
      0.65406
      0.65472
      0.65537
      0.65414
      0.65291
      0.65356
      0.65421
      0.65485
      0.65363
      0.65428
      0.65306
       0.6537
      0.65434
      0.65314
      0.65378
      0.65441
      0.65505
      0.65385
      0.65448
      0.65328
      0.65392
      0.65455
      0.65517
       0.6558
      0.65642
      0.65523
      0.65405
      0.65468
       0.6535
      0.65412
      0.65474
      0.65357
      0.65419
      0.65302
      0.65364
      0.65426
      0.65487
      0.65548
      0.65432
      0.65493
      0.65378
      0.65439
      0.65324
      0.65385
      0.65445
      0.65505
      0.65391
      0.65451
      0.65511
      0.65571
       0.6563
       0.6569
      0.65749
      0.65636
      0.65695
      0.65753
      0.65812
        0.657
      0.65758
      0.65646
      0.65535
      0.65424
      0.65482
      0.65541
       0.6543
      0.65488
      0.65546
      0.65604
      0.65494
      0.65552
      0.65442
      0.65333
      0.65225
      0.65282
      0.65174
      0.65232
      0.65124
      0.65017
      0.64909
      0.64967
       0.6486
      0.64754
      0.64812
      0.64706
      0.64763
      0.64821
      0.64878
      0.64935
      0.64992
      0.64887
      0.64782
      0.64839
      0.64895
      0.64952
      0.64848
      0.64904
        0.648
      0.64696
      0.64753
      0.64809
      0.64706
      0.64762
      0.64818
      0.64715
      0.64613
      0.64669
      0.64724
       0.6478
      0.64678
      0.64734
      0.64789
      0.64844
      0.64899
      0.64798
      0.64852
      0.64752
      0.64806
      0.64861
      0.64915
      0.64815
      0.64715
      0.64615
       0.6467
      0.64724
      0.64778
      0.64832
      0.64885
      0.64939
       0.6484
      0.64742
      0.64795
      0.64848
      0.64902
      0.64955
      0.65008
       0.6491
      0.64812
      0.64865
      0.64918
       0.6497
      0.64873
      0.64925
      0.64829
      0.64881
      0.64933
      0.64837
      0.64889
      0.64793
      0.64697
      0.64749
      0.64654
      0.64706
      0.64611
      0.64516
      0.64422
      0.64474
      0.64526
      0.64431
      0.64483
       0.6439
      0.64441
      0.64493
      0.64399
      0.64306
      0.64358
      0.64409
       0.6446
      0.64511
      0.64562
       0.6447
      0.64521
      0.64429
      0.64479
      0.64387
      0.64438
      0.64489
      0.64397
      0.64448
      0.64356
      0.64407
      0.64457
      0.64507
      0.64557
      0.64466
      0.64516
      0.64566
      0.64615
      0.64665
      0.64714
      0.64763
      0.64673
      0.64722
      0.64771
       0.6482
       0.6473
      0.64641
       0.6469
      0.64738
      0.64787
      0.64698
      0.64609
      0.64658
      0.64706
      0.64617
      0.64666
      0.64714
      0.64762
       0.6481
      0.64858
      0.64905
      0.64953
         0.65
      0.65047
      0.65094
      0.65141
      0.65188
      0.65235
      0.65282
      0.65328
      0.65374
      0.65421
      0.65467
      0.65513
      0.65426
      0.65471
      0.65517
      0.65563
      0.65476
      0.65522
      0.65567
      0.65613
      0.65526
       0.6544
      0.65486
        0.654
      0.65314
      0.65229
      0.65274
      0.65319
      0.65365
       0.6541
      0.65455
      0.65499
      0.65544
      0.65589
      0.65633
      0.65677
      0.65593
      0.65637
      0.65553
      0.65597
      0.65513
      0.65557
      0.65473
      0.65517
      0.65561
      0.65605
      0.65649
      0.65693
      0.65736
      0.65779
      0.65823
      0.65866
      0.65909
      0.65952
      0.65995
      0.65912
      0.65829
      0.65872
      0.65915
      0.65957
         0.66
      0.66042
      0.66085
      0.66002
       0.6592
      0.65963
      0.66005
      0.65923
      0.65965
      0.66007
      0.66049
      0.66091
      0.66133
      0.66175
      0.66216
      0.66258
      0.66299
       0.6634
      0.66381
        0.663
      0.66341
      0.66382
      0.66423
      0.66464
      0.66383
      0.66303
      0.66344
      0.66385
      0.66304
      0.66345
      0.66386
      0.66306
      0.66346
      0.66267
      0.66307
      0.66228
      0.66268
      0.66308
      0.66348
      0.66269
       0.6631
       0.6635
       0.6639
      0.66429
      0.66469
      0.66391
       0.6643
       0.6647
      0.66509
      0.66549
      0.66588
      0.66627
      0.66549
      0.66589
      0.66628
      0.66667
      0.66706
      0.66744
      0.66783
      0.66822
      0.66744
      0.66783
      0.66705
      0.66744
      0.66782
      0.66821
      0.66744
      0.66782
       0.6682
      0.66858
      0.66782
      0.66705
      0.66628
      0.66667
       0.6659
      0.66629
      0.66667
      0.66591
      0.66629
      0.66667
      0.66591
      0.66629
      0.66667
      0.66704
      0.66742
       0.6678
      0.66817
      0.66855
      0.66779
      0.66817
      0.66854
      0.66779
      0.66704
      0.66629
      0.66555
      0.66592
      0.66629
      0.66667
      0.66704
       0.6663
      0.66556
      0.66482
      0.66519
      0.66445
      0.66482
      0.66519
      0.66556
      0.66483
       0.6641
      0.66337
      0.66264
      0.66191
      0.66118
      0.66046
      0.66083
       0.6612
      0.66048
      0.65976
      0.65904
      0.65941
       0.6587
      0.65798
      0.65727
      0.65655
      0.65584
      0.65514
      0.65443
       0.6548
      0.65409
      0.65447
      0.65484
      0.65521
      0.65558
      0.65595
      0.65632
      0.65668
      0.65598
      0.65528
      0.65458
      0.65495
      0.65532
      0.65569
      0.65605
      0.65536
      0.65572
      0.65503
      0.65539
      0.65576
      0.65506
      0.65543
      0.65579
       0.6551
      0.65546
      0.65477
      0.65514
       0.6555
      0.65481
      0.65517
      0.65553
      0.65589
      0.65521
      0.65557
      0.65593
      0.65628
      0.65664
      0.65699
      0.65735
       0.6577
      0.65702
      0.65635
       0.6567
      0.65602
      0.65638
      0.65673
      0.65708
      0.65641
      0.65574
      0.65609
      0.65644
      0.65577
      0.65612
      0.65545
      0.65479
      0.65412
      0.65447
      0.65482
      0.65517
      0.65552
      0.65587
      0.65622
      0.65657
      0.65691
      0.65625
       0.6566
      0.65694
      0.65628
      0.65663
      0.65697
      0.65631
      0.65566
        0.656
      0.65534
      0.65569
      0.65503
      0.65538
      0.65572
      0.65507
      0.65442
      0.65377
      0.65411
      0.65347
      0.65381
      0.65316
       0.6535
      0.65385
       0.6532
      0.65354
      0.65388
      0.65422
      0.65456
       0.6549
      0.65524
      0.65558
      0.65494
       0.6543
      0.65463
      0.65497
      0.65531
      0.65564
      0.65598
      0.65631
      0.65664
      0.65698
      0.65634
      0.65667
      0.65604
      0.65637
      0.65574
      0.65607
       0.6564
      0.65577
      0.65514
      0.65547
      0.65484
      0.65517
       0.6555
      0.65583
      0.65616
      0.65649
      0.65586
      0.65619
      0.65652
      0.65589
      0.65622
      0.65655
      0.65687
      0.65625
      0.65658
       0.6569
      0.65722
      0.65755
      0.65787
      0.65725
      0.65663
      0.65695
      0.65728
       0.6576
      0.65698
       0.6573
      0.65762
      0.65701
       0.6564
      0.65578
       0.6561
      0.65642
      0.65674
      0.65706
      0.65738
       0.6577
      0.65802
      0.65833
      0.65865
      0.65804
      0.65743
      0.65683
      0.65714
      0.65654
      0.65685
      0.65717
      0.65657
      0.65688
      0.65628
      0.65659
      0.65599
      0.65631
      0.65571
      0.65602
      0.65634
      0.65665
      0.65696
      0.65727
