     MU:      SIGMA:     E_MEASURED:    ERROR:
    -0.94749     0.71297    -0.27053    0.010211
    -0.84638      1.0115     0.26542    0.032487
    -0.67631      1.0518    0.051591    0.020703
    -0.74333     0.85356    -0.23512     0.01181
     -0.5183     0.73934    -0.26982   0.0039306
    -0.39024     0.96896    -0.24582   0.0072788
    -0.28573     0.94266    -0.24889   0.0063552
   -0.034947      1.0237    -0.25957   0.0073321
   -0.034947      1.0237    -0.25957   0.0073321
    0.064721     0.80741    -0.12115   0.0054601
    -0.20963      1.0869    -0.21088    0.013215
    -0.12427      1.2732    0.097956     0.02836
    -0.26471      1.1241    -0.15523    0.019603
    -0.20846     0.88483    -0.22863   0.0057042
    -0.41704     0.77111    -0.21844   0.0050287
    -0.41704     0.77111    -0.21844   0.0050287
    -0.36626      1.0115     -0.2295    0.010433
   -0.096732     0.96986    -0.24504   0.0062452
   -0.096732     0.96986    -0.24504   0.0062452
     0.19437      1.1403    -0.12976    0.016674
     0.19437      1.1403    -0.12976    0.016674
     0.46442      1.1465   -0.033587    0.020557
     0.36433      1.2614     0.21266    0.033094
     0.36433      1.2614     0.21266    0.033094
     0.36433      1.2614     0.21266    0.033094
     0.13385      1.3365      0.3269    0.031658
     0.13385      1.3365      0.3269    0.031658
     0.40451       1.152   -0.025664    0.019044
     0.40451       1.152   -0.025664    0.019044
     0.16269      1.2838     0.14591     0.03087
     0.16875      1.2135    0.032552    0.023905
     0.41925      1.0549     -0.1539    0.018255
     0.32588     0.97993    -0.24175   0.0078415
     0.61743     0.82416    -0.29601   0.0081019
     0.86162     0.63423    -0.42357    0.003433
     0.86162     0.63423    -0.42357    0.003433
      1.0649     0.67261   -0.089647    0.010284
     0.97653     0.78442   -0.058942    0.015828
      1.0803     0.69338  -0.0038213    0.012364
     0.82454     0.98267     0.10314    0.022596
     0.82454     0.98267     0.10314    0.022596
     0.82454     0.98267     0.10314    0.022596
     0.68614     0.75172    -0.35205   0.0054947
     0.68614     0.75172    -0.35205   0.0054947
     0.72084     0.53412    -0.36655   0.0042084
     0.72084     0.53412    -0.36655   0.0042084
     0.63857     0.68816    -0.36066   0.0030239
     0.63857     0.68816    -0.36066   0.0030239
     0.72138     0.53555    -0.36564   0.0045094
     0.88623      0.5317    -0.33409   0.0045883
     0.69131     0.73367    -0.36578   0.0039901
     0.50693     0.60318    -0.18154   0.0045619
     0.58827     0.53812    -0.25868   0.0042929
     0.47218     0.82412    -0.26826   0.0059665
     0.48048     0.88284    -0.26371   0.0073476
     0.48048     0.88284    -0.26371   0.0073476
     0.48048     0.88284    -0.26371   0.0073476
     0.48048     0.88284    -0.26371   0.0073476
     0.59355      0.6628    -0.31638   0.0037165
     0.45396     0.73946    -0.22199   0.0043922
      0.5321      0.7421    -0.28381   0.0039814
      0.7311     0.90542    -0.16887    0.015188
     0.74817       1.044    0.098736     0.02306
     0.78157     0.80511    -0.29081   0.0090491
     0.57997      0.8917    -0.26694   0.0084315
     0.57997      0.8917    -0.26694   0.0084315
      0.4219     0.72588    -0.18618   0.0050238
     0.34695     0.89832    -0.25054    0.005423
     0.34695     0.89832    -0.25054    0.005423
     0.37378     0.84574    -0.23398   0.0054541
     0.30908      1.0382    -0.20828    0.012417
     0.30908      1.0382    -0.20828    0.012417
     0.47875     0.94161    -0.25832    0.010555
     0.32225      1.0396    -0.23197    0.011438
      0.3853      1.0164     -0.2237    0.012633
     0.55892     0.76204    -0.29891   0.0040852
      0.6068     0.84893    -0.28214   0.0090125
     0.48047     0.63474    -0.17369   0.0049639
     0.48047     0.63474    -0.17369   0.0049639
     0.72539     0.54386    -0.37804   0.0034441
     0.72539     0.54386    -0.37804   0.0034441
     0.72539     0.54386    -0.37804   0.0034441
     0.72539     0.54386    -0.37804   0.0034441
     0.89788     0.58616    -0.39858   0.0033613
     0.89788     0.58616    -0.39858   0.0033613
     0.89788     0.58616    -0.39858   0.0033613
     0.73844     0.67207    -0.42392   0.0027391
     0.77322     0.58746    -0.43301   0.0023565
     0.77322     0.58746    -0.43301   0.0023565
     0.73543     0.60871    -0.43318    0.002164
     0.73543     0.60871    -0.43318    0.002164
     0.73543     0.60871    -0.43318    0.002164
     0.73543     0.60871    -0.43318    0.002164
     0.43884     0.67553    -0.14595   0.0054306
     0.43884     0.67553    -0.14595   0.0054306
     0.21418      0.8529    -0.19534   0.0059093
     0.25833      0.8672    -0.22138   0.0053327
     0.38901     0.87396    -0.24554   0.0052703
     0.54244      1.0522    -0.11119    0.020357
     0.67211     0.97906   -0.095022    0.015797
     0.67211     0.97906   -0.095022    0.015797
     0.77425     0.78503    -0.31586   0.0090873
     0.87969     0.64866    -0.41278   0.0039218
     0.87138     0.60617    -0.42161   0.0033247
      1.1236     0.75081     0.29029     0.02076
      1.0293     0.69367    -0.11978    0.010482
      1.0957     0.72121     0.13566    0.017392
     0.96591      0.6047    -0.32922   0.0050349
     0.96591      0.6047    -0.32922   0.0050349
     0.96591      0.6047    -0.32922   0.0050349
      1.0102     0.52801    -0.19709   0.0038896
     0.71159      0.4868    -0.25762   0.0069946
     0.71984     0.48197    -0.24881   0.0073523
     0.71984     0.48197    -0.24881   0.0073523
     0.71984     0.48197    -0.24881   0.0073523
     0.66526     0.51424    -0.29685   0.0052578
     0.66526     0.51424    -0.29685   0.0052578
     0.79747     0.55676    -0.41707   0.0035806
     0.84559     0.77243    -0.30909   0.0080089
     0.84559     0.77243    -0.30909   0.0080089
     0.93499     0.96393     0.33763    0.030429
     0.97574     0.85134     0.11526    0.024274
     0.97574     0.85134     0.11526    0.024274
     0.97574     0.85134     0.11526    0.024274
     0.97574     0.85134     0.11526    0.024274
      0.6848     0.97541    -0.10615    0.018303
     0.48487     0.84177    -0.26272   0.0065667
     0.31475      1.0104    -0.23585   0.0087036
     0.48634      1.1602     0.11472    0.032924
     0.22894      1.0383    -0.24331   0.0083721
     0.22894      1.0383    -0.24331   0.0083721
    0.023013     0.81203    -0.11857   0.0061912
    0.023013     0.81203    -0.11857   0.0061912
    0.055926      0.8802    -0.18866   0.0050937
     0.24334     0.64574    0.089395   0.0081416
     0.44454     0.89505    -0.25863   0.0074538
     0.33652      0.6594   -0.035511   0.0067115
     0.31688     0.87698    -0.24179   0.0049697
     0.31688     0.87698    -0.24179   0.0049697
     0.31688     0.87698    -0.24179   0.0049697
      0.1885     0.64341     0.14178    0.007373
    0.012782     0.64844     0.21272   0.0075093
      0.2024     0.75849   -0.079461   0.0056602
     0.33012     0.87869    -0.23922   0.0053465
     0.44587      0.6331    -0.13181   0.0044061
     0.70883     0.64767    -0.41421   0.0030493
     0.70883     0.64767    -0.41421   0.0030493
     0.81265     0.54115    -0.38694   0.0036349
     0.81265     0.54115    -0.38694   0.0036349
     0.71032     0.50458    -0.29892   0.0052561
     0.90232     0.72981     -0.2886   0.0096098
      1.0534     0.87035     0.43784    0.029716
      1.0534     0.87035     0.43784    0.029716
      1.0534     0.87035     0.43784    0.029716
      1.2043     0.70074     0.50869    0.020136
     0.94306     0.42392     0.15918    0.011502
     0.88492     0.29953      1.5306    0.031941
     0.87269     0.31565      1.2531     0.02958
     0.87269     0.31565      1.2531     0.02958
     0.87269     0.31565      1.2531     0.02958
     0.61983     0.54537    -0.30253   0.0040972
     0.61983     0.54537    -0.30253   0.0040972
     0.61983     0.54537    -0.30253   0.0040972
     0.61983     0.54537    -0.30253   0.0040972
     0.61983     0.54537    -0.30253   0.0040972
     0.84988     0.66493    -0.42053   0.0046304
     0.84988     0.66493    -0.42053   0.0046304
     0.84988     0.66493    -0.42053   0.0046304
      0.7066     0.77825    -0.33583   0.0074321
      0.7066     0.77825    -0.33583   0.0074321
     0.78445     0.67357    -0.42671   0.0031536
     0.78445     0.67357    -0.42671   0.0031536
     0.78445     0.67357    -0.42671   0.0031536
     0.63622      0.5592    -0.33337   0.0038287
     0.74375     0.71768    -0.38792   0.0050356
     0.74375     0.71768    -0.38792   0.0050356
     0.71157     0.83779    -0.28105   0.0086691
     0.82454     0.82175    -0.21311    0.013354
     0.82454     0.82175    -0.21311    0.013354
     0.63069      1.0383     -0.0229    0.023073
     0.52846      1.0292    -0.14241    0.016253
     0.26889      1.0736    -0.20963    0.011248
     0.26889      1.0736    -0.20963    0.011248
       0.392     0.92693    -0.25663   0.0075413
     0.56582     0.73397    -0.30595   0.0040678
      0.5967      1.0022    -0.12632    0.020094
      0.3151     0.99649    -0.24071    0.010631
      0.3151     0.99649    -0.24071    0.010631
     0.39739     0.95512    -0.24945   0.0093254
     0.25136      1.0981    -0.19816    0.012667
    0.056889      1.0969    -0.21282    0.012089
    0.056889      1.0969    -0.21282    0.012089
    0.056889      1.0969    -0.21282    0.012089
    0.056889      1.0969    -0.21282    0.012089
     0.26542       1.151   -0.069032    0.020916
     0.33335      1.0543    -0.21987    0.011555
    0.073175      1.0952    -0.17397    0.014763
  -0.0035383     0.96594    -0.25009   0.0057505
    -0.26683     0.96905    -0.24513    0.007376
    -0.26683     0.96905    -0.24513    0.007376
    -0.26544      1.2012   0.0066537    0.022418
   -0.086587      1.0437    -0.24434   0.0094805
    -0.27109     0.94614    -0.25347   0.0058876
    -0.27109     0.94614    -0.25347   0.0058876
    -0.25471      1.0137    -0.24556   0.0096744
   -0.084329     0.92723    -0.22141   0.0054752
    -0.32022      1.1115    -0.11753    0.022597
    -0.32022      1.1115    -0.11753    0.022597
    -0.32022      1.1115    -0.11753    0.022597
    -0.32022      1.1115    -0.11753    0.022597
    -0.32022      1.1115    -0.11753    0.022597
    -0.32022      1.1115    -0.11753    0.022597
    -0.28758       1.331     0.34603    0.032826
    -0.28758       1.331     0.34603    0.032826
    -0.24237      1.2532     0.12647    0.032458
    -0.22766      1.0585    -0.21286    0.012387
    -0.22766      1.0585    -0.21286    0.012387
    -0.22766      1.0585    -0.21286    0.012387
   -0.064038      1.0197    -0.24649    0.007543
    -0.29569     0.95901    -0.24704   0.0070025
   -0.044057     0.71456    0.052845   0.0076576
   -0.044057     0.71456    0.052845   0.0076576
   -0.044057     0.71456    0.052845   0.0076576
   -0.044057     0.71456    0.052845   0.0076576
     0.12922     0.80426    -0.12496   0.0060131
     0.14913     0.86274    -0.18609   0.0046948
    0.085376     0.59913     0.33772   0.0092631
     0.21165     0.51743     0.48448   0.0090179
     0.14423     0.45745     0.84248    0.012552
     0.26343     0.36137     0.91806    0.011295
     0.40604     0.65965   -0.098411   0.0053287
     0.40604     0.65965   -0.098411   0.0053287
     0.56256     0.80962    -0.30111   0.0052608
     0.56256     0.80962    -0.30111   0.0052608
     0.55314     0.90548    -0.26643    0.008462
     0.27285     0.62252     0.11428   0.0065474
     0.27285     0.62252     0.11428   0.0065474
     0.27285     0.62252     0.11428   0.0065474
   -0.010238      0.8182    -0.12694   0.0053661
    -0.12409     0.90805    -0.22203     0.00605
    -0.28868     0.90642    -0.25217   0.0051253
    -0.51322     0.75624    -0.27563   0.0040438
    -0.69502     0.57524    -0.39648   0.0025865
    -0.69502     0.57524    -0.39648   0.0025865
    -0.69502     0.57524    -0.39648   0.0025865
    -0.69502     0.57524    -0.39648   0.0025865
    -0.69502     0.57524    -0.39648   0.0025865
    -0.69502     0.57524    -0.39648   0.0025865
    -0.69502     0.57524    -0.39648   0.0025865
    -0.69502     0.57524    -0.39648   0.0025865
    -0.92451     0.59482    -0.38393   0.0039714
    -0.87139     0.58446    -0.41058   0.0030743
    -0.87139     0.58446    -0.41058   0.0030743
    -0.87139     0.58446    -0.41058   0.0030743
    -0.87139     0.58446    -0.41058   0.0030743
    -0.87139     0.58446    -0.41058   0.0030743
     -1.1712     0.70378     0.34585    0.019122
     -1.1989     0.52518     0.24103   0.0073845
    -0.99625     0.63832    -0.26088   0.0073109
    -0.99625     0.63832    -0.26088   0.0073109
    -0.92874     0.57494    -0.36054   0.0039785
    -0.92874     0.57494    -0.36054   0.0039785
    -0.92874     0.57494    -0.36054   0.0039785
    -0.92874     0.57494    -0.36054   0.0039785
    -0.92874     0.57494    -0.36054   0.0039785
    -0.92874     0.57494    -0.36054   0.0039785
    -0.92874     0.57494    -0.36054   0.0039785
    -0.92874     0.57494    -0.36054   0.0039785
    -0.67309     0.50275    -0.27948   0.0055929
    -0.67309     0.50275    -0.27948   0.0055929
    -0.51734     0.47701   -0.074424   0.0059006
    -0.51734     0.47701   -0.074424   0.0059006
    -0.81404     0.42483      0.1073    0.011731
    -0.81404     0.42483      0.1073    0.011731
    -0.97811     0.37086     0.55081    0.018705
     -1.0275     0.62018    -0.22387   0.0068792
     -0.7936     0.87832    -0.17223    0.012973
    -0.72373       1.025    0.041919    0.019554
    -0.72373       1.025    0.041919    0.019554
    -0.72373       1.025    0.041919    0.019554
    -0.72373       1.025    0.041919    0.019554
    -0.62915      1.0935    0.055849    0.031199
    -0.62915      1.0935    0.055849    0.031199
    -0.62915      1.0935    0.055849    0.031199
    -0.36505      1.0537    -0.19829     0.01625
    -0.36505      1.0537    -0.19829     0.01625
     -0.6337      1.0066    -0.11541    0.017787
    -0.56871      1.1356     0.10604    0.025249
     -0.4598     0.85615    -0.26856    0.006596
     -0.4598     0.85615    -0.26856    0.006596
    -0.23006     0.62675     0.15463   0.0074525
    0.065248      0.8938    -0.21677   0.0050749
     0.20898      1.1709   -0.073435    0.016235
     0.20898      1.1709   -0.073435    0.016235
     0.20898      1.1709   -0.073435    0.016235
     0.20898      1.1709   -0.073435    0.016235
     0.20898      1.1709   -0.073435    0.016235
     0.20898      1.1709   -0.073435    0.016235
     0.39627       1.119    -0.10176     0.02011
     0.47898      1.2928     0.51311      0.0449
     0.31088      1.2289     0.11555    0.028561
     0.31088      1.2289     0.11555    0.028561
     0.56839      1.3152     0.67685    0.043765
     0.68005      1.1043     0.22298    0.034444
     0.75806     0.82694    -0.24053    0.013639
     0.69712     0.94234    -0.15578    0.017469
       0.641      1.0829    0.097012    0.024166
      0.7179      1.0348    0.051606    0.022675
     0.75171     0.85116    -0.24603    0.012225
     0.94485     0.57843    -0.34642   0.0034318
     0.99544     0.86341       0.218    0.024385
       0.844      1.0702     0.46334    0.036256
       0.844      1.0702     0.46334    0.036256
      0.7748     0.90065    -0.16344    0.012048
      0.7748     0.90065    -0.16344    0.012048
     0.87107       1.134     0.85705    0.050204
     0.89092     0.93194     0.12412    0.024096
     0.82585      1.0388     0.25949    0.030382
     0.82585      1.0388     0.25949    0.030382
     0.89093       1.087     0.64944    0.037806
      1.0431     0.87708     0.39573    0.026744
      1.0431     0.87708     0.39573    0.026744
     0.79164     0.95836   -0.017344     0.01992
     0.79164     0.95836   -0.017344     0.01992
     0.50103      1.0012     -0.1975    0.013515
     0.50103      1.0012     -0.1975    0.013515
     0.35609      1.0176    -0.20215    0.010428
     0.35609      1.0176    -0.20215    0.010428
     0.18386     0.98782    -0.23173   0.0072964
     0.26969     0.70922   -0.041283   0.0058556
     0.26969     0.70922   -0.041283   0.0058556
    0.056774      0.6119     0.31289   0.0086999
     0.32209     0.90917    -0.25151    0.005453
     0.45809     0.69567    -0.19426   0.0048528
     0.71315     0.51871    -0.33664   0.0050924
     0.85114     0.50546    -0.28687   0.0058053
     0.85114     0.50546    -0.28687   0.0058053
     0.73326     0.68339    -0.41276   0.0030919
     0.73326     0.68339    -0.41276   0.0030919
     0.83133     0.69309    -0.40219   0.0055603
     0.83133     0.69309    -0.40219   0.0055603
     0.83133     0.69309    -0.40219   0.0055603
     0.83133     0.69309    -0.40219   0.0055603
     0.75146     0.65772    -0.43063   0.0026181
     0.99606     0.50068    -0.15325    0.005655
      1.0282     0.62645    -0.21825   0.0079774
      0.9819     0.49372    -0.15151   0.0056013
     0.93496     0.49954    -0.21415   0.0056542
      1.0609     0.53573    -0.12476   0.0048835
      1.0609     0.53573    -0.12476   0.0048835
      1.0995     0.68973    0.075388    0.015351
      1.0706     0.78111     0.15892    0.019887
      1.1352     0.48434     0.11925   0.0053805
      1.1352     0.48434     0.11925   0.0053805
      1.1352     0.48434     0.11925   0.0053805
      1.1352     0.48434     0.11925   0.0053805
      1.1352     0.48434     0.11925   0.0053805
      1.1352     0.48434     0.11925   0.0053805
      1.1352     0.48434     0.11925   0.0053805
      1.1352     0.48434     0.11925   0.0053805
      1.1645     0.64704     0.18932    0.013597
      1.1645     0.64704     0.18932    0.013597
      1.1645     0.64704     0.18932    0.013597
      1.1645     0.64704     0.18932    0.013597
      1.0193     0.55091    -0.22509   0.0039734
      1.0224     0.42803     0.16046     0.01005
      1.0224     0.42803     0.16046     0.01005
      1.0155     0.50178    -0.12759   0.0045928
       1.092     0.72519     0.11539    0.015916
     0.93297     0.50744    -0.23989   0.0056531
     0.88089     0.50591    -0.27442   0.0059116
     0.62203     0.67066    -0.34365   0.0035784
     0.40422     0.92025    -0.25487   0.0080111
     0.52333     0.62984    -0.23231   0.0040485
     0.49635     0.45572  -0.0072423   0.0073845
     0.49635     0.45572  -0.0072423   0.0073845
     0.49635     0.45572  -0.0072423   0.0073845
     0.33915     0.74814    -0.15357   0.0053007
     0.51884      1.0237    -0.14531    0.015368
     0.51884      1.0237    -0.14531    0.015368
     0.54587     0.73053    -0.28963   0.0032148
     0.58359     0.92922    -0.24185    0.010155
     0.63037      1.0619  -0.0042249    0.019409
     0.53334      1.2301     0.29834     0.03171
     0.37925      1.1438   -0.055503    0.020151
     0.53721     0.95258     -0.2262    0.011404
     0.69273     0.88683    -0.24378     0.01079
     0.84202     0.84303    -0.18214     0.01339
     0.84202     0.84303    -0.18214     0.01339
     0.68121     0.61467    -0.39701   0.0026753
     0.68467     0.69258    -0.38747   0.0034338
     0.53213     0.68236    -0.26612   0.0041091
     0.53213     0.68236    -0.26612   0.0041091
     0.31309     0.90207    -0.23812   0.0077411
     0.43583     0.80687    -0.24498    0.004643
     0.61892     0.65594    -0.34513   0.0030537
     0.75703     0.94701   -0.094714    0.016408
     0.68001     0.99507   -0.073328     0.01781
     0.44086      1.1085    0.005196    0.025691
     0.66446     0.97536    -0.15204    0.014557
     0.66446     0.97536    -0.15204    0.014557
     0.77833     0.83353    -0.24386     0.01088
     0.77833     0.83353    -0.24386     0.01088
      1.0056     0.70454    -0.16814    0.011618
      1.0056     0.70454    -0.16814    0.011618
      1.0056     0.70454    -0.16814    0.011618
     0.77085     0.43354    0.015516    0.011966
     0.96277     0.45588   -0.029414   0.0083801
     0.97978       0.471   -0.062732    0.006844
      1.0334     0.48444   -0.058765   0.0050099
      1.0334     0.48444   -0.058765   0.0050099
      1.0334     0.48444   -0.058765   0.0050099
      1.0284     0.63954     -0.2061   0.0075532
     0.75074     0.93803    -0.11458    0.016319
     0.75074     0.93803    -0.11458    0.016319
     0.72527     0.68876    -0.40172   0.0032286
     0.79626     0.70817    -0.39857    0.005251
     0.97151      0.5047    -0.18199   0.0047204
     0.97151      0.5047    -0.18199   0.0047204
     0.97151      0.5047    -0.18199   0.0047204
     0.97151      0.5047    -0.18199   0.0047204
     0.97151      0.5047    -0.18199   0.0047204
     0.97151      0.5047    -0.18199   0.0047204
     0.97151      0.5047    -0.18199   0.0047204
     0.97151      0.5047    -0.18199   0.0047204
     0.86724     0.62681    -0.42129   0.0051704
     0.91433     0.62278    -0.40131   0.0039638
     0.91433     0.62278    -0.40131   0.0039638
     0.91433     0.62278    -0.40131   0.0039638
     0.71068     0.91592    -0.18484    0.013216
     0.54253      0.6724    -0.26644   0.0041101
     0.54253      0.6724    -0.26644   0.0041101
     0.54253      0.6724    -0.26644   0.0041101
     0.31007     0.78193    -0.16271   0.0055127
     0.15849     0.76904   -0.078792   0.0061975
   -0.028756     0.80176    -0.10508    0.005952
   -0.028756     0.80176    -0.10508    0.005952
   -0.049063     0.83353     -0.1579   0.0057519
    -0.22782     0.79783    -0.15387   0.0057248
   -0.073876      1.0057    -0.24737   0.0068575
   -0.073876      1.0057    -0.24737   0.0068575
    -0.36596     0.81567    -0.22372   0.0049064
    -0.37693     0.72209    -0.14606   0.0059404
    -0.48644     0.56287    -0.12072   0.0050849
    -0.20358     0.73876   -0.048597    0.006238
    -0.20358     0.73876   -0.048597    0.006238
   -0.081653     0.75846   -0.051352    0.006381
     0.20786      1.0086    -0.25428   0.0077532
    0.034414      1.1048    -0.20747      0.0146
     0.04418      1.1365    -0.15952    0.014073
     0.19133       1.121    -0.16364     0.01738
      0.3114      1.0298    -0.22483   0.0094618
     0.11052     0.89633    -0.21297   0.0058514
    -0.11132     0.84988    -0.17366   0.0051561
    -0.11132     0.84988    -0.17366   0.0051561
    -0.10123     0.83779    -0.16714   0.0049116
     0.13112       1.104    -0.18788     0.01316
     0.13112       1.104    -0.18788     0.01316
   -0.017522       1.289     0.16229    0.025932
     0.25954      1.2501     0.15614    0.034288
     0.25954      1.2501     0.15614    0.034288
     0.25954      1.2501     0.15614    0.034288
     0.31995      1.0424    -0.21878    0.012667
     0.29223      1.1741   -0.040942    0.027296
      0.4293      1.0973    -0.12636    0.018104
     0.13902      0.9995    -0.24252   0.0089287
     0.13902      0.9995    -0.24252   0.0089287
    0.085979     0.95643    -0.24609   0.0077249
    0.085979     0.95643    -0.24609   0.0077249
   -0.059426      1.0659    -0.22219    0.016308
   -0.059426      1.0659    -0.22219    0.016308
     0.11714      1.1349    -0.16903    0.014524
   -0.087559       1.113    -0.19519    0.011208
    -0.24975     0.89859    -0.22904   0.0059769
    -0.33786     0.80795    -0.21085   0.0055574
    -0.20532     0.56081     0.33501   0.0096582
    -0.32574     0.60246    0.085518   0.0077407
    -0.42012     0.37829     0.35347   0.0094032
    -0.42012     0.37829     0.35347   0.0094032
    -0.34073     0.36024      0.6066    0.010431
    -0.34073     0.36024      0.6066    0.010431
    -0.34073     0.36024      0.6066    0.010431
    -0.29799     0.62486    0.078232   0.0059434
    -0.54358      0.8416    -0.29043   0.0069385
    -0.51851     0.79958    -0.28339   0.0053252
    -0.81516     0.67794    -0.42104   0.0040978
    -0.81516     0.67794    -0.42104   0.0040978
    -0.81516     0.67794    -0.42104   0.0040978
    -0.81516     0.67794    -0.42104   0.0040978
    -0.85243     0.37952     0.47158    0.016792
     -1.1218     0.63911    0.049519    0.011932
    -0.86926     0.51724    -0.30964   0.0052697
    -0.86926     0.51724    -0.30964   0.0052697
    -0.76932     0.43754  -0.0069895   0.0097321
    -0.78414     0.42368    0.081456     0.01186
    -0.60754     0.48101    -0.19092   0.0061888
    -0.60754     0.48101    -0.19092   0.0061888
    -0.60754     0.48101    -0.19092   0.0061888
    -0.86818     0.75443    -0.30543   0.0085344
     -1.0204     0.47453   -0.033662   0.0065662
    -0.81147     0.51974    -0.34016   0.0054308
    -0.81147     0.51974    -0.34016   0.0054308
    -0.81147     0.51974    -0.34016   0.0054308
     -0.7689     0.71483    -0.38807   0.0049998
     -0.7689     0.71483    -0.38807   0.0049998
     -0.7689     0.71483    -0.38807   0.0049998
     -0.7689     0.71483    -0.38807   0.0049998
    -0.90811     0.51286     -0.2825   0.0050804
    -0.64114     0.53584    -0.31949   0.0049031
    -0.64114     0.53584    -0.31949   0.0049031
     -0.7492     0.71581    -0.39068   0.0047962
     -0.7492     0.71581    -0.39068   0.0047962
    -0.80881     0.84247    -0.20604    0.012269
    -0.85262      1.0608     0.44494    0.036451
    -0.85262      1.0608     0.44494    0.036451
    -0.85262      1.0608     0.44494    0.036451
    -0.97446     0.78394   -0.069222    0.019034
    -0.88693     0.49938    -0.24727   0.0059292
    -0.88693     0.49938    -0.24727   0.0059292
     -0.9525     0.51181    -0.23287   0.0056004
     -0.7858     0.65383    -0.43124    0.003323
    -0.59636     0.91889     -0.2387    0.010828
    -0.59636     0.91889     -0.2387    0.010828
    -0.75179     0.71444    -0.38423   0.0057361
    -0.75179     0.71444    -0.38423   0.0057361
    -0.75179     0.71444    -0.38423   0.0057361
    -0.74226     0.70992    -0.39974   0.0041801
    -0.70333     0.66631    -0.40661   0.0023954
    -0.70333     0.66631    -0.40661   0.0023954
    -0.51682      0.6894    -0.26204   0.0038646
    -0.63912     0.71671    -0.35325     0.00415
    -0.74512     0.86536    -0.22855    0.013039
    -0.74512     0.86536    -0.22855    0.013039
    -0.67606     0.59454    -0.38924   0.0024531
     -0.9414     0.75953    -0.18919    0.012998
     -1.1781     0.87978      1.0103    0.037764
     -1.1781     0.87978      1.0103    0.037764
     -1.1781     0.87978      1.0103    0.037764
     -1.1781     0.87978      1.0103    0.037764
    -0.92075     0.86228    0.023337    0.018239
    -0.92075     0.86228    0.023337    0.018239
    -0.92075     0.86228    0.023337    0.018239
    -0.93288      0.8204   -0.081586    0.014772
    -0.93288      0.8204   -0.081586    0.014772
    -0.90077     0.58364    -0.39708   0.0032297
     -1.0516     0.50584   -0.080955   0.0044146
     -1.0516     0.50584   -0.080955   0.0044146
     -1.0516     0.50584   -0.080955   0.0044146
     -1.0595     0.59239    -0.16701   0.0064432
     -1.0595     0.59239    -0.16701   0.0064432
    -0.76216     0.56814    -0.42596   0.0029062
    -0.57323     0.57683    -0.25739   0.0035383
    -0.64534     0.49184    -0.24154   0.0064293
    -0.63526     0.51519    -0.28712   0.0043547
    -0.74857      0.5378     -0.3742   0.0043874
    -0.98776      0.7608    -0.10929    0.013455
    -0.98776      0.7608    -0.10929    0.013455
    -0.98776      0.7608    -0.10929    0.013455
    -0.71877     0.57929    -0.40653   0.0031178
      -0.689     0.52337    -0.33889   0.0043841
     -0.4315     0.73569    -0.20831   0.0051591
    -0.72443     0.54208    -0.37789   0.0036507
    -0.59753     0.58209    -0.29835    0.003358
    -0.59753     0.58209    -0.29835    0.003358
    -0.59753     0.58209    -0.29835    0.003358
    -0.82901       0.801    -0.26789   0.0092941
    -0.82901       0.801    -0.26789   0.0092941
     -1.0024     0.76572   -0.048256    0.016963
     -1.0024     0.76572   -0.048256    0.016963
    -0.98606     0.81106    0.048335    0.019109
    -0.98606     0.81106    0.048335    0.019109
    -0.80465     0.61754    -0.44581   0.0023192
    -0.64847      0.7904    -0.32949    0.006362
    -0.64847      0.7904    -0.32949    0.006362
    -0.67489     0.87167    -0.25439   0.0094313
    -0.67489     0.87167    -0.25439   0.0094313
    -0.67489     0.87167    -0.25439   0.0094313
     -0.7806     0.68508    -0.41797   0.0035436
     -0.7806     0.68508    -0.41797   0.0035436
     -0.9315     0.54491    -0.32215   0.0034553
     -0.9315     0.54491    -0.32215   0.0034553
     -0.9315     0.54491    -0.32215   0.0034553
     -0.9315     0.54491    -0.32215   0.0034553
     -0.9315     0.54491    -0.32215   0.0034553
    -0.84351     0.43172    0.048236     0.01161
    -0.84351     0.43172    0.048236     0.01161
    -0.88834      0.6949    -0.35036   0.0058119
     -1.0355     0.89772      0.4152    0.028994
    -0.91695      1.1523      1.0162    0.061079
    -0.71355      1.2904      1.0583    0.070498
    -0.71355      1.2904      1.0583    0.070498
    -0.71355      1.2904      1.0583    0.070498
    -0.46313      1.1983    0.076027    0.022719
    -0.17276      1.2261   -0.014025    0.033577
    -0.41935      1.0193    -0.21109    0.011861
    -0.60178     0.85915    -0.28327   0.0077692
     -0.6799     0.64707    -0.39275   0.0023495
     -0.6799     0.64707    -0.39275   0.0023495
     -0.6799     0.64707    -0.39275   0.0023495
     -0.6799     0.64707    -0.39275   0.0023495
    -0.51786     0.60178    -0.20517   0.0044261
    -0.51786     0.60178    -0.20517   0.0044261
    -0.34541      0.4456     0.37493   0.0085374
     -0.4259      0.5783   -0.037013   0.0056918
     -0.4259      0.5783   -0.037013   0.0056918
    -0.20266     0.78294    -0.10915   0.0055828
    -0.20266     0.78294    -0.10915   0.0055828
    -0.24208     0.93471    -0.25001   0.0055321
    -0.23279     0.81232    -0.16217   0.0051873
    -0.35467     0.90276    -0.25325   0.0058656
    -0.55337     0.99354    -0.18259    0.016163
    -0.55337     0.99354    -0.18259    0.016163
    -0.26272      1.2204    0.026316    0.018822
   -0.074259     0.92436    -0.23452   0.0053653
    -0.21293      1.1752   -0.040821    0.022269
    -0.47371      1.0744    -0.10963    0.016432
    -0.71394     0.97928   -0.081411     0.01868
    -0.66698     0.68576    -0.38047   0.0030828
    -0.67098     0.45502    -0.13649    0.008222
    -0.59673     0.54067    -0.26987   0.0041686
    -0.59673     0.54067    -0.26987   0.0041686
    -0.49279     0.56814    -0.14211   0.0048948
    -0.49279     0.56814    -0.14211   0.0048948
    -0.49279     0.56814    -0.14211   0.0048948
    -0.30384     0.70516   -0.067613    0.006096
    -0.28223     0.84228    -0.20527    0.004443
    -0.11653      1.0709    -0.21293    0.010932
    -0.11653      1.0709    -0.21293    0.010932
    -0.11653      1.0709    -0.21293    0.010932
    -0.32604      1.1036    -0.15255    0.012863
    -0.20543      1.2388    0.057489    0.024515
    -0.20543      1.2388    0.057489    0.024515
    -0.17198     0.94537    -0.24774   0.0058464
    -0.26515     0.76104    -0.12215   0.0063036
    -0.56081      1.0364    -0.10712    0.015283
    -0.45851      1.1554    0.044379     0.02672
    -0.54452     0.89053    -0.27567   0.0075942
    -0.65558     0.66206    -0.37493   0.0033253
    -0.82275     0.70715    -0.37436   0.0064006
    -0.57899      0.7532    -0.31695   0.0042533
    -0.64699     0.83612    -0.30082   0.0066141
    -0.54688     0.82404    -0.29722   0.0059827
     -0.6805     0.80385    -0.31381    0.008477
     -0.3824      1.0976    -0.13004    0.015025
    -0.13088      1.0794    -0.23121    0.010258
    -0.39539     0.95692     -0.2562    0.011877
     -0.6848     0.94609    -0.13741    0.014983
    -0.53603     0.68713    -0.26896   0.0039162
    -0.28619     0.73972    -0.10363   0.0058272
    -0.58517     0.82508    -0.30448   0.0061144
    -0.63745      0.9563    -0.15408    0.016607
    -0.63745      0.9563    -0.15408    0.016607
    -0.92372     0.70219    -0.30891   0.0073088
    -0.88202     0.54502    -0.36334   0.0033863
     -1.0795     0.45444     0.11183    0.006191
     -1.0795     0.45444     0.11183    0.006191
     -1.0795     0.45444     0.11183    0.006191
     -1.0795     0.45444     0.11183    0.006191
     -1.1211     0.48025     0.10184   0.0053972
     -1.1211     0.48025     0.10184   0.0053972
     -1.1211     0.48025     0.10184   0.0053972
     -1.1211     0.48025     0.10184   0.0053972
     -1.1211     0.48025     0.10184   0.0053972
     -1.1211     0.48025     0.10184   0.0053972
     -1.1211     0.48025     0.10184   0.0053972
     -1.1211     0.48025     0.10184   0.0053972
    -0.95981     0.43612    0.075816    0.010869
    -0.97097     0.45104     0.01212   0.0078434
    -0.97097     0.45104     0.01212   0.0078434
    -0.75766     0.64691    -0.43184   0.0026824
    -0.73298      0.9178     -0.1701    0.014115
    -0.61642      1.0715   -0.017532    0.021186
    -0.44308     0.96344     -0.2483   0.0099879
    -0.50548      0.7132    -0.25085   0.0039287
    -0.30286     0.75569    -0.11998   0.0057475
    -0.30286     0.75569    -0.11998   0.0057475
    -0.18634     0.55109     0.40658   0.0096667
    -0.18634     0.55109     0.40658   0.0096667
    -0.20381     0.59262     0.25684   0.0085631
    -0.20381     0.59262     0.25684   0.0085631
    0.015201     0.78125    -0.05687   0.0059708
    0.015201     0.78125    -0.05687   0.0059708
     0.28552     0.89561    -0.23661   0.0063701
     0.13882      1.0018    -0.24732   0.0082184
    0.049948     0.86072    -0.17728   0.0062646
    -0.16355     0.77337   -0.086215   0.0063991
   -0.019465     0.91292    -0.22714   0.0053383
    -0.14874      1.2031   -0.065853    0.025985
    -0.43623     0.91603    -0.26519    0.005893
    -0.39817     0.94546    -0.24497    0.011747
     -0.6029     0.92885    -0.24875   0.0097733
    -0.71407     0.93871    -0.16184    0.013472
    -0.56412     0.84593    -0.28716    0.005859
    -0.61786      1.0215    -0.08107    0.019025
    -0.61786      1.0215    -0.08107    0.019025
    -0.61786      1.0215    -0.08107    0.019025
    -0.33601       1.226     0.11371     0.03646
     -0.1422      1.1762    -0.11089     0.01781
     0.10294     0.87961    -0.19879   0.0044846
    0.021137      1.1021    -0.19512    0.013547
   -0.098878      1.2839     0.15688    0.028363
    -0.14144      1.0324    -0.25026   0.0074574
    -0.14144      1.0324    -0.25026   0.0074574
    -0.14144      1.0324    -0.25026   0.0074574
    0.077368     0.90363    -0.21012   0.0043449
     0.16817      1.0074    -0.25407    0.007467
     0.16817      1.0074    -0.25407    0.007467
    0.052872       0.977     -0.2557   0.0050897
   -0.046711      1.2104   -0.035129    0.021027
    -0.02256        1.05     -0.2398   0.0096136
   -0.087757      1.0584     -0.2214    0.011839
    -0.34714      1.0917    -0.17723    0.014102
    -0.52785     0.99507    -0.18912    0.013776
    -0.72338      1.1811     0.45812     0.04225
    -0.55951      1.0191    -0.15643    0.013895
    -0.36277     0.98253    -0.25497   0.0081783
    -0.46877      1.2426     0.32973    0.047278
     -0.2529      1.0824    -0.20405    0.014725
    -0.13166     0.93961    -0.23516   0.0056379
    -0.35757     0.71986    -0.11368   0.0049087
     -0.2107     0.90034    -0.22703   0.0060426
    0.022263      1.1219    -0.18412    0.013613
     -0.2459      1.0276    -0.24191   0.0083754
    -0.48991      1.1165  -0.0046706    0.022094
    -0.48991      1.1165  -0.0046706    0.022094
    -0.25684      1.1832   -0.018345     0.02461
    -0.17074      1.0817    -0.21267    0.016674
    -0.17074      1.0817    -0.21267    0.016674
    -0.27014      1.1095    -0.14632    0.014853
    0.013976     0.87525    -0.19751   0.0058432
    0.013976     0.87525    -0.19751   0.0058432
     0.14194      1.0963    -0.21339    0.012302
     0.14194      1.0963    -0.21339    0.012302
   -0.073293      1.1658    -0.11808    0.019774
   -0.073293      1.1658    -0.11808    0.019774
    0.040419      1.2677    0.076905    0.031349
     0.23071      1.1577    -0.11711    0.017008
     0.33809     0.99557     -0.2367    0.011561
     0.33809     0.99557     -0.2367    0.011561
      0.3748     0.90991    -0.25433   0.0065458
     0.18558     0.96344    -0.24205   0.0069168
     0.30577      1.0838    -0.19509    0.014876
     0.35275      1.3459     0.53437    0.042862
     0.40289      1.2729     0.33651    0.036527
     0.40289      1.2729     0.33651    0.036527
     0.17928      1.4079     0.72305     0.05077
   -0.044363      1.1172     -0.1966    0.011546
   -0.015685     0.97962    -0.25158   0.0052598
     0.18795     0.79847    -0.12996   0.0051847
    0.068383     0.88418    -0.19803   0.0058527
   -0.067698     0.86828    -0.20025   0.0055844
   -0.067698     0.86828    -0.20025   0.0055844
     0.15908      1.1178    -0.18118     0.01451
     0.15345     0.83989    -0.17222   0.0056945
    -0.07026     0.83426    -0.15461   0.0062547
    0.032336     0.97852    -0.25259   0.0052093
    -0.16469      1.0531    -0.22993   0.0093906
    -0.11878      1.1429    -0.12762    0.018798
    0.054541      1.0036    -0.25375   0.0073214
 -0.00052552     0.71002    0.061318   0.0074858
     0.28385     0.65964    0.031784   0.0066561
     0.23311      0.7543   -0.089303   0.0059515
     0.32543     0.63246    0.042881   0.0054696
     0.32543     0.63246    0.042881   0.0054696
     0.18476     0.85773    -0.18947   0.0053226
     0.18476     0.85773    -0.18947   0.0053226
     0.18476     0.85773    -0.18947   0.0053226
     0.35766     0.70204    -0.10196    0.005656
     0.40589     0.82764    -0.24939   0.0050635
     0.59264     0.70569    -0.32202   0.0037561
     0.59264     0.70569    -0.32202   0.0037561
     0.89163     0.67488    -0.38168   0.0066431
     0.76545     0.68035    -0.42598   0.0035132
     0.76545     0.68035    -0.42598   0.0035132
     0.76545     0.68035    -0.42598   0.0035132
     0.76545     0.68035    -0.42598   0.0035132
     0.76545     0.68035    -0.42598   0.0035132
     0.76545     0.68035    -0.42598   0.0035132
     0.56591     0.79186    -0.30644   0.0045331
     0.56591     0.79186    -0.30644   0.0045331
     0.82258     0.50257    -0.29017   0.0060838
     0.79665     0.73489    -0.38146   0.0060881
      0.8959     0.68754    -0.37367   0.0065093
     0.91871     0.80986    -0.10093    0.017526
     0.73949     0.65456    -0.42538   0.0027589
     0.68388     0.75232    -0.35494   0.0052958
     0.77387     0.89575    -0.19374    0.012638
     0.56006      1.0883   -0.021434    0.020438
     0.56809     0.79859    -0.31158   0.0046461
      0.6414     0.58228    -0.35205   0.0031019
      0.6414     0.58228    -0.35205   0.0031019
      0.6414     0.58228    -0.35205   0.0031019
     0.89846     0.81509     -0.1438    0.014331
     0.91309     0.57874    -0.38397   0.0032929
       1.185     0.58989     0.20055     0.01014
      1.0991     0.48062    0.051766   0.0044991
     0.83289     0.43197    0.048143    0.013573
     0.94846     0.42198      0.1431    0.010089
     0.94846     0.42198      0.1431    0.010089
     0.94846     0.42198      0.1431    0.010089
     0.94846     0.42198      0.1431    0.010089
      1.0125     0.48951    -0.10527   0.0054684
      1.0125     0.48951    -0.10527   0.0054684
      1.0382     0.50362    -0.10647   0.0048452
      1.0382     0.50362    -0.10647   0.0048452
      1.0382     0.50362    -0.10647   0.0048452
      1.0382     0.50362    -0.10647   0.0048452
      1.0382     0.50362    -0.10647   0.0048452
      1.0382     0.50362    -0.10647   0.0048452
      1.2247     0.60483     0.37331    0.014807
      1.2247     0.60483     0.37331    0.014807
      1.2247     0.60483     0.37331    0.014807
      1.1163     0.54327   -0.017043   0.0059273
     0.82494     0.46237    -0.11991   0.0087894
     0.75648      0.4546    -0.12422   0.0094554
     0.75648      0.4546    -0.12422   0.0094554
     0.75648      0.4546    -0.12422   0.0094554
     0.75648      0.4546    -0.12422   0.0094554
      0.9834      0.5953    -0.30447   0.0041692
      0.9834      0.5953    -0.30447   0.0041692
     0.72013     0.68897    -0.40962   0.0030841
     0.72013     0.68897    -0.40962   0.0030841
      1.0079     0.59581    -0.26629   0.0055631
      1.0079     0.59581    -0.26629   0.0055631
      1.0079     0.59581    -0.26629   0.0055631
      1.0079     0.59581    -0.26629   0.0055631
      1.0079     0.59581    -0.26629   0.0055631
      1.0079     0.59581    -0.26629   0.0055631
     0.72011     0.59158    -0.41347   0.0026434
     0.73593     0.67298    -0.42281   0.0025957
     0.46814      0.9476    -0.25734   0.0075389
     0.46814      0.9476    -0.25734   0.0075389
     0.42541     0.94591    -0.25357   0.0080364
     0.19904     0.99369    -0.26642   0.0056107
     0.33834     0.97419    -0.25851   0.0058063
     0.34343      0.7081   -0.098884   0.0063271
     0.34343      0.7081   -0.098884   0.0063271
     0.49671     0.44564    0.023457   0.0075559
      0.6267     0.74156    -0.34215   0.0039894
     0.85117     0.73037    -0.35879   0.0081576
     0.71633     0.71064    -0.38793   0.0048577
     0.55429     0.83513      -0.295   0.0052288
     0.55429     0.83513      -0.295   0.0052288
     0.29848     0.87946    -0.23188   0.0048747
     0.51546      1.1249   -0.031562    0.022543
     0.51546      1.1249   -0.031562    0.022543
     0.25153     0.86948    -0.21828   0.0054918
     0.25153     0.86948    -0.21828   0.0054918
      0.5288     0.75175    -0.27558   0.0045704
     0.73131     0.86308    -0.23366    0.012154
     0.54342      1.0356    -0.12444    0.017245
       0.435      0.9333     -0.2622   0.0071755
     0.60925     0.82022    -0.31549   0.0065985
     0.79218     0.64953    -0.43908   0.0031805
     0.90093     0.61254    -0.41335   0.0029665
     0.73286     0.52136     -0.3627   0.0047892
     0.59673     0.45213   -0.092387   0.0072762
     0.59673     0.45213   -0.092387   0.0072762
     0.85121     0.66991    -0.41305   0.0047016
     0.85121     0.66991    -0.41305   0.0047016
     0.85121     0.66991    -0.41305   0.0047016
     0.75298     0.67396    -0.42179   0.0030067
     0.49468     0.74533    -0.25515   0.0043564
     0.37707     0.76015    -0.18522   0.0052395
    0.090903     0.67898      0.1132    0.006909
   -0.016255     0.71997    0.031817   0.0070119
    0.062793     0.66216     0.15713   0.0080053
    0.062793     0.66216     0.15713   0.0080053
   -0.030111     0.86044    -0.17506   0.0053752
     0.16755      1.0548    -0.23202     0.01048
     0.16755      1.0548    -0.23202     0.01048
    0.022987     0.79219   -0.091771   0.0057888
    -0.24907     0.57249     0.25415   0.0077113
    -0.42858     0.59686   -0.060421    0.005796
    -0.36079     0.36818     0.51846    0.010349
    -0.23905     0.60739      0.1804   0.0063795
   -0.078078     0.62847     0.24309   0.0078823
     -0.1581     0.75142   -0.061122   0.0058711
     -0.1581     0.75142   -0.061122   0.0058711
     -0.1581     0.75142   -0.061122   0.0058711
    -0.42182     0.75832    -0.20751   0.0045704
    -0.42182     0.75832    -0.20751   0.0045704
    -0.36264     0.59242    0.047452   0.0065422
    -0.12679     0.72137   0.0083313   0.0067227
    -0.16838     0.63397     0.17796   0.0079641
    -0.36629     0.92878    -0.25263     0.00889
    -0.21879     0.84701    -0.19005   0.0046915
   0.0071833      1.0393    -0.25181   0.0088404
    -0.25177     0.90061    -0.23677   0.0050696
    0.044463     0.85361    -0.16961    0.005358
     0.12164     0.77965   -0.083317   0.0055715
     0.12164     0.77965   -0.083317   0.0055715
     0.36491     0.89898    -0.25967   0.0054797
     0.39854     0.94463    -0.24427   0.0090343
     0.57378     0.75936    -0.31397    0.004498
     0.57378     0.75936    -0.31397    0.004498
     0.57378     0.75936    -0.31397    0.004498
     0.63837     0.49347    -0.25002   0.0053984
     0.63837     0.49347    -0.25002   0.0053984
     0.63837     0.49347    -0.25002   0.0053984
     0.63837     0.49347    -0.25002   0.0053984
     0.68962      0.5606    -0.38057   0.0030805
     0.68962      0.5606    -0.38057   0.0030805
     0.88532     0.50952    -0.28759   0.0052688
     0.88532     0.50952    -0.28759   0.0052688
     0.88532     0.50952    -0.28759   0.0052688
     0.88532     0.50952    -0.28759   0.0052688
     0.88532     0.50952    -0.28759   0.0052688
       1.008     0.70841    -0.13419    0.013748
       1.008     0.70841    -0.13419    0.013748
       1.008     0.70841    -0.13419    0.013748
       1.008     0.70841    -0.13419    0.013748
     0.97737     0.42863     0.14245   0.0093109
     0.97737     0.42863     0.14245   0.0093109
     0.97737     0.42863     0.14245   0.0093109
     0.91964     0.41545     0.22338    0.013018
      1.1322     0.58365    0.031161   0.0088271
      1.0048     0.70135    -0.17231   0.0097292
     0.95296      0.5276    -0.26399    0.004672
     0.75044     0.68154    -0.40726   0.0036636
     0.48634     0.93558    -0.26216   0.0073629
     0.42686      1.0692    -0.12748    0.020491
     0.42686      1.0692    -0.12748    0.020491
     0.16494      1.2947     0.15644    0.030671
     0.16494      1.2947     0.15644    0.030671
    0.065792      1.1939   -0.060611    0.021541
    0.084324      0.9362    -0.23422   0.0062203
     0.26205      1.0107    -0.23474   0.0089534
    0.068403     0.71308    0.048026   0.0068511
    0.068697     0.77754   -0.068305   0.0062195
    -0.10908     0.73612  -0.0068855   0.0060735
    -0.27893      0.7661    -0.12949   0.0054168
    -0.27893      0.7661    -0.12949   0.0054168
  -0.0075353     0.97058    -0.24155   0.0061182
  -0.0075353     0.97058    -0.24155   0.0061182
   -0.097115     0.72144    0.013149   0.0066975
   -0.097115     0.72144    0.013149   0.0066975
    -0.11271     0.48937     0.72084    0.012004
    -0.33712     0.56575     0.13083   0.0071751
    -0.33712     0.56575     0.13083   0.0071751
    -0.33712     0.56575     0.13083   0.0071751
    -0.42987      0.3941     0.27216   0.0091045
    -0.26235     0.43609     0.62992    0.011281
     -0.3596     0.67558   -0.074409   0.0060607
     -0.4543     0.95011    -0.24627    0.010186
    -0.27445     0.78996    -0.15399   0.0054372
    -0.55926     0.65214    -0.28323   0.0036777
    -0.54271     0.93542    -0.24453    0.010111
    -0.54271     0.93542    -0.24453    0.010111
    -0.81138     0.98572     0.11906    0.024014
     -1.0939     0.77443     0.26823    0.020525
     -1.0939     0.77443     0.26823    0.020525
    -0.89823     0.54426    -0.35266   0.0041493
     -1.0499     0.61624    -0.17557    0.008444
     -1.0499     0.61624    -0.17557    0.008444
     -1.0499     0.61624    -0.17557    0.008444
    -0.85878     0.51159    -0.30276   0.0052524
    -0.71584     0.53224    -0.36404   0.0042834
     -0.6231     0.59966    -0.33854   0.0033973
     -0.6231     0.59966    -0.33854   0.0033973
    -0.33897     0.81465    -0.21164   0.0046916
    -0.37669     0.92153    -0.25621   0.0068412
    -0.37669     0.92153    -0.25621   0.0068412
    -0.40335     0.92531    -0.25514   0.0071349
    -0.59481     0.75583    -0.31756   0.0053137
    -0.67492     0.98906    -0.10291    0.014343
    -0.67492     0.98906    -0.10291    0.014343
    -0.73374     0.86371    -0.23768    0.011899
    -0.99246     0.92549     0.39946    0.037699
    -0.99246     0.92549     0.39946    0.037699
    -0.99246     0.92549     0.39946    0.037699
    -0.99246     0.92549     0.39946    0.037699
    -0.72411      1.0712     0.13935    0.024219
    -0.44237      1.1941     0.12885    0.030071
    -0.73335       1.115     0.35109     0.03383
     -0.4559     0.97079    -0.24604   0.0099029
    -0.45773     0.71095    -0.20968   0.0047132
    -0.35005     0.86036     -0.2336   0.0056295
    -0.25088      1.0776    -0.23035    0.010392
    -0.52637      1.2633     0.41119    0.036974
    -0.41645     0.97959    -0.24854    0.010142
    -0.41645     0.97959    -0.24854    0.010142
    -0.41645     0.97959    -0.24854    0.010142
    -0.41645     0.97959    -0.24854    0.010142
    -0.55208     0.94293    -0.25082   0.0095699
    -0.55208     0.94293    -0.25082   0.0095699
    -0.40372      1.0777    -0.16327    0.018313
    -0.20738      1.0957    -0.19484    0.015391
    -0.20738      1.0957    -0.19484    0.015391
    -0.23226      1.0579    -0.22785   0.0098064
    -0.23226      1.0579    -0.22785   0.0098064
    -0.48993      1.1754     0.15088    0.032314
    -0.48993      1.1754     0.15088    0.032314
    -0.36409      1.0379    -0.20832     0.01136
    -0.36409      1.0379    -0.20832     0.01136
    -0.11287     0.79382     -0.1072    0.005485
   -0.024299      1.0175     -0.2358    0.014418
     0.20927     0.95994     -0.2634   0.0052311
      0.3563     0.89113    -0.25132   0.0042654
     0.32954      1.1412   -0.077814    0.021098
