     ACCEPTANCE:
      0.73267
      0.73529
      0.73786
      0.74038
      0.74286
      0.74528
      0.74766
         0.75
      0.74312
      0.74545
      0.74775
         0.75
      0.75221
      0.75439
      0.75652
         0.75
      0.75214
      0.75424
       0.7479
         0.75
       0.7438
       0.7459
      0.74797
      0.74194
        0.736
       0.7381
      0.73228
      0.73438
      0.72868
      0.73077
      0.73282
      0.73485
      0.73684
      0.73881
      0.74074
      0.73529
      0.73723
      0.73913
      0.74101
      0.74286
      0.73759
      0.73239
      0.73427
      0.72917
      0.73103
      0.72603
      0.72789
      0.72297
      0.72483
      0.72667
      0.72848
      0.73026
      0.73203
      0.73377
      0.73548
      0.73077
      0.72611
      0.72152
      0.72327
        0.725
      0.72671
       0.7284
      0.73006
      0.73171
      0.73333
      0.72892
      0.73054
      0.73214
      0.72781
      0.72941
      0.73099
      0.72674
      0.72832
      0.72989
      0.73143
      0.73295
      0.73446
      0.73596
      0.73184
      0.73333
      0.72928
      0.72527
      0.72131
      0.72283
      0.71892
      0.71505
      0.71658
      0.71809
      0.71429
      0.71579
      0.71204
      0.70833
      0.70466
      0.70619
      0.70256
      0.70408
      0.70558
      0.70707
      0.70854
         0.71
      0.70647
      0.70792
      0.70936
      0.71078
       0.7122
      0.71359
      0.71498
      0.71635
      0.71292
      0.70952
       0.7109
      0.71226
      0.71362
      0.71028
      0.70698
      0.70833
      0.70507
      0.70642
      0.70776
      0.70455
      0.70588
      0.70721
      0.70404
      0.70089
      0.69778
      0.69912
      0.70044
      0.70175
      0.70306
      0.70435
       0.7013
      0.70259
      0.69957
      0.70085
      0.70213
      0.70339
      0.70464
      0.70588
      0.70293
          0.7
      0.70124
      0.70248
       0.7037
      0.70492
      0.70612
      0.70732
      0.70445
      0.70565
      0.70281
        0.704
      0.70518
      0.70635
      0.70356
      0.70079
      0.70196
      0.70312
      0.70428
      0.70543
       0.7027
          0.7
      0.70115
      0.69847
      0.69582
      0.69318
      0.69057
      0.69173
      0.68914
      0.68657
      0.68773
      0.68519
      0.68635
      0.68382
      0.68132
      0.68248
      0.68364
      0.68116
      0.68231
      0.68345
        0.681
      0.68214
      0.68327
       0.6844
      0.68198
       0.6831
      0.68421
      0.68531
      0.68641
      0.68403
      0.68512
      0.68621
      0.68729
      0.68493
      0.68259
      0.68027
      0.68136
      0.68243
       0.6835
      0.68456
      0.68562
      0.68333
      0.68439
      0.68543
      0.68647
      0.68421
      0.68525
      0.68627
       0.6873
      0.68506
      0.68285
      0.68065
      0.67846
      0.67628
      0.67732
      0.67516
      0.67619
      0.67722
      0.67508
      0.67296
      0.67398
        0.675
      0.67601
      0.67391
      0.67183
      0.66975
      0.67077
      0.67178
      0.67278
      0.67378
      0.67477
      0.67576
      0.67674
       0.6747
      0.67568
      0.67365
      0.67463
       0.6756
      0.67359
       0.6716
      0.67257
      0.67353
      0.67449
      0.67544
      0.67638
      0.67442
      0.67246
      0.67052
      0.66859
      0.66667
      0.66476
      0.66286
      0.66382
      0.66477
      0.66289
      0.66102
      0.65915
       0.6573
      0.65826
      0.65922
      0.66017
      0.65833
      0.65928
      0.65746
      0.65565
      0.65385
      0.65205
      0.65027
       0.6485
      0.64674
       0.6477
      0.64595
       0.6469
      0.64516
      0.64611
      0.64439
      0.64533
      0.64628
      0.64721
      0.64815
      0.64644
      0.64474
      0.64304
      0.64398
       0.6423
      0.64062
      0.64156
       0.6399
      0.64083
      0.64175
      0.64267
      0.64103
      0.64194
      0.64286
      0.64377
      0.64213
      0.64051
      0.63889
      0.63728
      0.63568
      0.63659
       0.6375
       0.6384
      0.63682
      0.63772
      0.63861
      0.63951
      0.64039
      0.64128
      0.64216
      0.64303
       0.6439
      0.64477
      0.64563
      0.64407
      0.64493
      0.64337
      0.64423
      0.64508
      0.64593
      0.64439
      0.64524
      0.64608
      0.64455
      0.64539
      0.64387
      0.64471
      0.64319
      0.64403
      0.64252
      0.64336
      0.64419
      0.64269
      0.64352
      0.64434
      0.64516
      0.64598
      0.64679
      0.64531
      0.64612
      0.64465
      0.64545
      0.64399
      0.64253
      0.64108
      0.64189
       0.6427
       0.6435
       0.6443
      0.64509
      0.64588
      0.64444
      0.64523
      0.64602
       0.6468
      0.64537
      0.64396
      0.64254
      0.64114
      0.63974
      0.63834
      0.63696
      0.63774
      0.63636
      0.63499
      0.63362
      0.63441
      0.63519
      0.63383
      0.63462
      0.63539
      0.63617
      0.63694
      0.63771
      0.63848
      0.63924
         0.64
      0.63866
      0.63732
      0.63808
      0.63883
       0.6375
      0.63825
        0.639
      0.63975
       0.6405
      0.64124
      0.64198
      0.64271
      0.64344
      0.64213
      0.64286
      0.64358
      0.64431
        0.643
      0.64372
      0.64444
      0.64516
      0.64588
      0.64659
      0.64729
        0.648
      0.64671
      0.64741
      0.64612
      0.64683
      0.64554
      0.64427
      0.64497
      0.64567
      0.64637
      0.64706
      0.64579
      0.64453
      0.64522
      0.64591
      0.64466
      0.64535
      0.64603
      0.64672
      0.64547
      0.64423
      0.64299
      0.64176
      0.64054
      0.63931
       0.6381
      0.63878
      0.63947
      0.63826
      0.63705
      0.63774
      0.63842
      0.63722
      0.63602
       0.6367
      0.63738
      0.63806
      0.63687
      0.63755
      0.63822
      0.63889
      0.63771
      0.63838
      0.63904
      0.63971
      0.64037
      0.63919
      0.63985
      0.64051
      0.64117
      0.64182
      0.64247
      0.64312
      0.64376
       0.6444
      0.64324
      0.64388
      0.64452
      0.64337
      0.64401
      0.64464
      0.64349
      0.64235
      0.64298
      0.64362
      0.64425
      0.64488
      0.64374
      0.64437
      0.64323
      0.64386
      0.64273
      0.64336
      0.64398
       0.6446
      0.64522
      0.64583
      0.64645
      0.64706
      0.64594
      0.64655
      0.64544
      0.64433
      0.64494
      0.64555
      0.64615
      0.64676
      0.64566
      0.64456
      0.64346
      0.64407
      0.64467
      0.64527
      0.64418
      0.64478
      0.64538
      0.64597
      0.64489
      0.64381
      0.64441
        0.645
      0.64559
      0.64452
      0.64345
      0.64404
      0.64298
      0.64191
      0.64086
      0.64145
      0.64204
      0.64098
      0.64157
      0.64052
      0.64111
      0.64169
      0.64065
      0.63961
      0.64019
      0.64078
      0.63974
      0.64032
       0.6409
      0.64148
      0.64045
      0.64103
         0.64
      0.63898
      0.63955
      0.64013
      0.63911
      0.63968
      0.64025
      0.64082
      0.63981
      0.64038
      0.64094
      0.64151
       0.6405
       0.6395
       0.6385
      0.63906
      0.63807
      0.63707
      0.63764
      0.63665
      0.63721
      0.63777
      0.63679
       0.6358
      0.63636
      0.63538
      0.63594
       0.6365
      0.63706
      0.63761
      0.63817
      0.63872
      0.63775
      0.63678
      0.63733
      0.63788
      0.63843
      0.63897
      0.63952
      0.63855
      0.63759
      0.63814
      0.63718
      0.63772
      0.63677
      0.63731
      0.63636
       0.6369
      0.63744
       0.6365
      0.63704
      0.63609
      0.63516
      0.63569
      0.63476
      0.63529
      0.63436
      0.63343
       0.6325
      0.63158
      0.63212
       0.6312
      0.63173
      0.63227
       0.6328
      0.63333
      0.63242
       0.6315
      0.63203
      0.63256
      0.63309
      0.63362
      0.63415
      0.63324
      0.63233
      0.63143
      0.63195
      0.63105
      0.63158
       0.6321
      0.63121
      0.63173
      0.63083
      0.63136
      0.63188
      0.63239
      0.63291
      0.63202
      0.63254
      0.63305
      0.63357
      0.63408
      0.63459
       0.6351
      0.63561
      0.63611
      0.63523
      0.63573
      0.63485
      0.63398
      0.63448
      0.63499
      0.63549
      0.63462
      0.63374
      0.63425
      0.63475
      0.63388
      0.63438
      0.63488
      0.63537
      0.63587
      0.63636
      0.63686
      0.63735
      0.63784
      0.63833
      0.63881
       0.6393
      0.63978
      0.64027
      0.64075
      0.64123
      0.64171
      0.64219
      0.64267
      0.64314
      0.64229
      0.64276
      0.64324
      0.64371
      0.64286
      0.64201
      0.64116
      0.64163
      0.64079
      0.63995
      0.63911
      0.63827
      0.63743
       0.6366
      0.63577
      0.63625
      0.63672
      0.63589
      0.63636
      0.63684
      0.63731
      0.63777
      0.63824
      0.63871
      0.63789
      0.63835
      0.63753
        0.638
      0.63718
      0.63764
      0.63683
      0.63729
      0.63776
      0.63822
      0.63868
      0.63914
      0.63959
      0.64005
      0.64051
      0.64096
      0.64141
      0.64187
      0.64232
      0.64151
       0.6407
      0.64115
       0.6416
      0.64205
       0.6425
      0.64295
      0.64339
      0.64259
      0.64179
      0.64224
      0.64268
      0.64188
      0.64233
      0.64277
      0.64321
      0.64365
      0.64409
      0.64453
      0.64496
       0.6454
      0.64583
      0.64627
       0.6467
      0.64713
      0.64756
      0.64799
      0.64842
      0.64885
      0.64927
      0.64848
      0.64891
      0.64933
      0.64855
      0.64897
       0.6494
      0.64862
      0.64904
      0.64826
      0.64868
       0.6479
      0.64833
      0.64875
      0.64916
      0.64839
      0.64881
      0.64923
      0.64964
      0.65006
      0.65047
       0.6497
      0.65012
      0.65053
      0.65094
      0.65135
      0.65176
      0.65217
      0.65141
      0.65182
      0.65222
      0.65263
      0.65304
      0.65344
      0.65385
      0.65425
      0.65465
      0.65505
      0.65545
      0.65585
      0.65509
      0.65549
      0.65473
      0.65398
      0.65438
      0.65478
      0.65517
      0.65442
      0.65482
      0.65521
      0.65446
      0.65371
      0.65297
      0.65222
      0.65148
      0.65188
      0.65114
      0.65153
      0.65193
      0.65232
      0.65271
      0.65311
       0.6535
      0.65389
      0.65428
      0.65467
      0.65506
      0.65432
      0.65359
      0.65398
      0.65436
      0.65475
      0.65513
      0.65552
       0.6559
      0.65517
      0.65444
      0.65372
       0.6541
      0.65338
      0.65376
      0.65304
      0.65232
       0.6516
      0.65088
      0.65017
      0.65055
      0.64984
      0.64912
      0.64951
      0.64989
      0.65027
      0.64956
      0.64885
      0.64815
      0.64853
      0.64783
      0.64821
      0.64751
      0.64789
      0.64719
      0.64649
      0.64579
      0.64509
       0.6444
      0.64478
      0.64516
      0.64554
      0.64485
      0.64523
      0.64561
      0.64599
      0.64637
      0.64568
      0.64606
      0.64643
      0.64681
      0.64718
      0.64756
      0.64687
      0.64725
      0.64762
      0.64693
      0.64731
      0.64662
        0.647
      0.64737
      0.64774
      0.64811
      0.64848
      0.64885
      0.64921
      0.64958
      0.64995
      0.64927
      0.64964
      0.64896
      0.64828
      0.64865
      0.64901
      0.64938
      0.64974
       0.6501
      0.65047
      0.64979
      0.65015
      0.65052
      0.64985
      0.65021
      0.65057
      0.65092
      0.65128
      0.65164
        0.652
      0.65235
      0.65169
      0.65102
      0.65138
      0.65071
      0.65107
      0.65142
      0.65178
      0.65213
      0.65248
      0.65283
      0.65319
      0.65354
      0.65388
      0.65323
      0.65358
      0.65392
      0.65427
      0.65361
      0.65296
      0.65331
      0.65265
        0.652
      0.65135
       0.6517
      0.65105
      0.65139
      0.65075
       0.6501
      0.64945
      0.64881
      0.64916
      0.64851
      0.64787
      0.64723
      0.64758
      0.64694
      0.64631
      0.64665
        0.647
      0.64735
      0.64769
      0.64804
      0.64838
      0.64873
      0.64809
      0.64844
       0.6478
      0.64815
      0.64849
      0.64883
      0.64917
      0.64951
      0.64985
      0.65019
      0.64956
       0.6499
      0.64928
      0.64961
      0.64899
      0.64933
      0.64966
      0.64904
      0.64841
      0.64875
      0.64909
      0.64943
      0.64976
       0.6501
      0.65043
      0.65076
      0.65014
      0.65048
      0.65081
      0.65019
      0.65052
      0.65085
      0.65024
      0.64962
      0.64995
      0.65028
      0.65061
         0.65
      0.65033
      0.65066
      0.65005
      0.65038
       0.6507
      0.65103
      0.65042
      0.65075
      0.65108
      0.65047
      0.64986
      0.64925
      0.64958
      0.64991
      0.65023
      0.65056
      0.65088
      0.65121
      0.65153
      0.65185
      0.65217
      0.65157
      0.65097
      0.65037
      0.65069
      0.65009
      0.65041
      0.65074
      0.65014
      0.65046
      0.64986
      0.65018
      0.64959
      0.64991
      0.64932
      0.64964
      0.64995
      0.65027
      0.65059
      0.65091
