#     BLOCK:   ACTUAL_KE:    KE_AVE:      ERROR:
           1 1.655337806471056217e+00 1.655337806471056217e+00 0.000000000000000000e+00
           2 1.649113606851640323e+00 1.652225706661348159e+00 2.200586879250467174e-03
           3 1.628311375105265579e+00 1.644254262809320410e+00 6.671946517333250670e-03
           4 1.659553308542530470e+00 1.648079024242623092e+00 6.000934475301221427e-03
           5 1.644422011558481556e+00 1.647347621705794740e+00 4.845114762931402273e-03
           6 1.662382311516590105e+00 1.649853403340927116e+00 4.640541978467385871e-03
           7 1.637797110994116068e+00 1.648131075862811157e+00 4.285323735302628417e-03
           8 1.666085122190292589e+00 1.650375331653746391e+00 4.297328900373181826e-03
           9 1.660067678393492008e+00 1.651452259069273731e+00 3.952486191770545471e-03
          10 1.653516061245275282e+00 1.651658639286873953e+00 3.562621599700289618e-03
          11 1.605930062887291454e+00 1.647501495977820918e+00 5.118617549986860527e-03
          12 1.663603787987750104e+00 1.648843353645315091e+00 4.864773136453404319e-03
          13 1.629753555736144888e+00 1.647374907652301879e+00 4.706972413114642560e-03
          14 1.664406319240073984e+00 1.648591437051428299e+00 4.525237821635457250e-03
          15 1.658766681764023865e+00 1.649269786698934759e+00 4.274096442728391940e-03
          16 1.654077720060829648e+00 1.649570282534053245e+00 4.017514900432527826e-03
          17 1.634988209469626641e+00 1.648712513530263379e+00 3.871677771840633525e-03
          18 1.638171065614920652e+00 1.648126877534966450e+00 3.700611614051552145e-03
          19 1.664706360443944044e+00 1.648999481898596908e+00 3.607255865520334840e-03
          20 1.660678399560119312e+00 1.649583427781672995e+00 3.473836392699687550e-03
          21 1.660357471807289320e+00 1.650096477497178471e+00 3.346087205485968712e-03
          22 1.667765167527056169e+00 1.650899599771263881e+00 3.288962447425775992e-03
          23 1.647593436351410867e+00 1.650755853535618156e+00 3.149103774626831314e-03
          24 1.644715419181802307e+00 1.650504168770875912e+00 3.027932072019090450e-03
          25 1.620333561743995787e+00 1.649297344489800698e+00 3.138110907843434921e-03
          26 1.639678016379999548e+00 1.648927370331731534e+00 3.039145520425078073e-03
          27 1.628517880522061700e+00 1.648171463301743689e+00 3.019127344105666626e-03
          28 1.654693796163942077e+00 1.648404403761107861e+00 2.920273789931036520e-03
          29 1.640417635695007315e+00 1.648128997965725206e+00 2.832531437637851850e-03
          30 1.646928561150700299e+00 1.648088983405224361e+00 2.738396346997481676e-03
          31 1.640146591160889455e+00 1.647832777203794397e+00 2.662019411821951384e-03
          32 1.642581121541411671e+00 1.647668662964344888e+00 2.583885197318305967e-03
          33 1.624211520770961759e+00 1.646957840473636248e+00 2.601522029903843066e-03
          34 1.640269570296674306e+00 1.646761126644902262e+00 2.532433003516647210e-03
          35 1.646791614739078868e+00 1.646761997733307226e+00 2.460077924661200222e-03
          36 1.650834687026046854e+00 1.646875127991438870e+00 2.394342243412187366e-03
          37 1.648468486988243331e+00 1.646918191748109273e+00 2.330017523129529044e-03
          38 1.663433578006948688e+00 1.647352807175973544e+00 2.308879648139129399e-03
          39 1.644910252553999364e+00 1.647290177570281955e+00 2.250526876491749494e-03
          40 1.652421071526749774e+00 1.647418449919193506e+00 2.197916207651177782e-03
          41 1.654413620250708039e+00 1.647589063829718148e+00 2.150920280052826591e-03
          42 1.637089650960015463e+00 1.647339077809011121e+00 2.114185023892782480e-03
          43 1.652382820412676701e+00 1.647456374148631442e+00 2.068269208850927188e-03
          44 1.617962835424754386e+00 1.646786066450361297e+00 2.127111949470837128e-03
          45 1.628068199347330491e+00 1.646370113848071748e+00 2.120122120730925583e-03
          46 1.623852032505328724e+00 1.645880590340620619e+00 2.129796867230216665e-03
          47 1.655890546469486413e+00 1.646093568130596596e+00 2.095103772763329958e-03
          48 1.643540023012202811e+00 1.646040369273963577e+00 2.052131078794483098e-03
          49 1.648294074499128792e+00 1.646086363258150831e+00 2.010766213401336735e-03
          50 1.643773504802767293e+00 1.646040106089043054e+00 1.971082884570581149e-03
          51 1.641207385761287885e+00 1.645945346866930281e+00 1.934710620418488144e-03
          52 1.627350268783864795e+00 1.645587749211486761e+00 1.930269621820931850e-03
          53 1.675621631056901872e+00 1.646154426227437906e+00 1.975279631173479725e-03
          54 1.663817611885478609e+00 1.646481522258142371e+00 1.965596510469127048e-03
          55 1.626225344767742609e+00 1.646113228121953487e+00 1.964059009321238863e-03
          56 1.638508029474109673e+00 1.645977421003241847e+00 1.933676096291010163e-03
          57 1.643244183123591551e+00 1.645929469461493433e+00 1.900346415413454960e-03
          58 1.662696924065551141e+00 1.646218563506391286e+00 1.889443376819989907e-03
          59 1.659275973416142635e+00 1.646439875538759923e+00 1.870335232121958253e-03
          60 1.645457234293131510e+00 1.646423498184666157e+00 1.839234679969405572e-03
          61 1.638509364812699376e+00 1.646293758293322362e+00 1.813653454869228361e-03
          62 1.636840422320294142e+00 1.646141285132467047e+00 1.790798691274494590e-03
          63 1.642221318790364259e+00 1.646079063444497281e+00 1.763453936926497002e-03
          64 1.660385152486174354e+00 1.646302596085773340e+00 1.750009946475059638e-03
          65 1.665379381308220053e+00 1.646596085089195416e+00 1.747523522513852890e-03
          66 1.642529005179437451e+00 1.646534462666320309e+00 1.722132037602101904e-03
          67 1.655475272323456037e+00 1.646667907586576218e+00 1.701590923323395392e-03
          68 1.668309508786089301e+00 1.646986166427745646e+00 1.706070873183713338e-03
          69 1.662172994370521684e+00 1.647206265383438062e+00 1.695483169930232228e-03
          70 1.637611346570206905e+00 1.647069195114677642e+00 1.676793507457548195e-03
          71 1.651183790059339573e+00 1.647127147156151716e+00 1.654177841192842544e-03
          72 1.662136292925548764e+00 1.647335607514059941e+00 1.644285827435690815e-03
          73 1.616741266463076920e+00 1.646916506951717762e+00 1.674320490085317139e-03
          74 1.646858414509487112e+00 1.646915721918714492e+00 1.651694721558222235e-03
          75 1.657618855917213363e+00 1.647058430372027926e+00 1.635825600674345806e-03
          76 1.642829519769572588e+00 1.647002786811469166e+00 1.615247676432820557e-03
          77 1.653873022339850341e+00 1.647092010649500171e+00 1.596732827179984243e-03
          78 1.636796181139231310e+00 1.646960012835265941e+00 1.581708444261138539e-03
          79 1.628592787589455027e+00 1.646727516313167383e+00 1.578681765154102369e-03
          80 1.655532878803191554e+00 1.646837583344292755e+00 1.562780516124456266e-03
          81 1.639883103911720097e+00 1.646751725573520231e+00 1.545843605117470541e-03
          82 1.652873600701714629e+00 1.646826382587278870e+00 1.528793583121764279e-03
          83 1.659025500726911462e+00 1.646973359914262192e+00 1.517423093066226549e-03
          84 1.669391084135826819e+00 1.647240237583566635e+00 1.522646314177700895e-03
          85 1.661606547198761774e+00 1.647409252990804429e+00 1.514084217899382741e-03
          86 1.664611778951848420e+00 1.647609282362444416e+00 1.509633948791829850e-03
          87 1.662611362648388269e+00 1.647781720066880506e+00 1.502097885101663600e-03
          88 1.666514859105683088e+00 1.647994596646866983e+00 1.500037131116558654e-03
          89 1.642908487818256269e+00 1.647937449356657869e+00 1.484270959454296167e-03
          90 1.640662507882975074e+00 1.647856616673617047e+00 1.469978466576945305e-03
          91 1.644501350010147522e+00 1.647819745611381226e+00 1.454287196853517282e-03
          92 1.631294100933081914e+00 1.647640119038791040e+00 1.449530585154616040e-03
          93 1.630765695866210896e+00 1.647458673628333203e+00 1.445255859954211030e-03
          94 1.654899779882748501e+00 1.647537834333167472e+00 1.432047083217950203e-03
          95 1.641353838309428825e+00 1.647472739638180972e+00 1.418451594136440176e-03
          96 1.649372617011558129e+00 1.647492530027486746e+00 1.403814108732151077e-03
          97 1.633679362875873897e+00 1.647350126242418611e+00 1.396545885536797874e-03
          98 1.651445512609216237e+00 1.647391915899222958e+00 1.382920524101481988e-03
          99 1.613292294994809195e+00 1.647047475284026730e+00 1.411194361281754460e-03
         100 1.636433671512305121e+00 1.646941337246309534e+00 1.401068132525687361e-03
