#     BLOCK:   ACTUAL_TE:    TE_AVE:      ERROR:
           1 -3.378211692322063087e+00 -3.378211692322063087e+00 0.000000000000000000e+00
           2 -3.379567178613589906e+00 -3.378889435467826274e+00 4.792367758997359171e-04
           3 -3.378871118884063662e+00 -3.378883329939905256e+00 3.195300743831677552e-04
           4 -3.378584441294210539e+00 -3.378808607778481576e+00 2.482307431735366536e-04
           5 -3.376423207876478205e+00 -3.378331527798080991e+00 4.706592050000640783e-04
           6 -3.378234060638612757e+00 -3.378315283271502878e+00 3.924962396229148714e-04
           7 -3.376887249707340555e+00 -3.378111278476622736e+00 3.858167294851587285e-04
           8 -3.378045114802203930e+00 -3.378103008017320441e+00 3.376782701786281695e-04
           9 -3.379033465696414495e+00 -3.378206392203886743e+00 3.155880298603972508e-04
          10 -3.380355578236239555e+00 -3.378421310807122158e+00 3.496335322612969588e-04
          11 -3.378234542480378799e+00 -3.378404331868327226e+00 3.182606654508092080e-04
          12 -3.377598616949906152e+00 -3.378337188958458359e+00 2.987375116219209725e-04
          13 -3.377212984900456849e+00 -3.378250711723227884e+00 2.880023748294928410e-04
          14 -3.378707651914813148e+00 -3.378283350308341149e+00 2.692738501789032385e-04
          15 -3.376446176918165953e+00 -3.378160872082329735e+00 2.777836083401471708e-04
          16 -3.378685782231133583e+00 -3.378193678966629587e+00 2.623522647927898385e-04
          17 -3.379055711829926256e+00 -3.378244386782117914e+00 2.517725314749947522e-04
          18 -3.378329344830230507e+00 -3.378249106673679503e+00 2.378294059277537612e-04
          19 -3.378278465554908294e+00 -3.378250651877954258e+00 2.253170888611938187e-04
          20 -3.377794285790164608e+00 -3.378227833573564709e+00 2.152035598619196481e-04
          21 -3.377342046265787268e+00 -3.378185653225575180e+00 2.090486237366512583e-04
          22 -3.378868858006368825e+00 -3.378216707988338285e+00 2.018398701938080872e-04
          23 -3.378338525947876647e+00 -3.378222004421362001e+00 1.931337023246615988e-04
          24 -3.378546879501306943e+00 -3.378235540883026022e+00 1.855602340873957945e-04
          25 -3.378038932434652697e+00 -3.378227676545090929e+00 1.783043982734213557e-04
          26 -3.379022591004261500e+00 -3.378258250178135746e+00 1.740480112514946882e-04
          27 -3.377944924465806853e+00 -3.378246645522123615e+00 1.679882135793784583e-04
          28 -3.378727141924147137e+00 -3.378263806107910217e+00 1.628627827518475243e-04
          29 -3.378775427452282543e+00 -3.378281448223233507e+00 1.581994803542421761e-04
          30 -3.376781710863031361e+00 -3.378231456977893288e+00 1.606307325274016504e-04
          31 -3.378842681287545613e+00 -3.378251173891107850e+00 1.566545165805453973e-04
          32 -3.378018902159398706e+00 -3.378243915399492092e+00 1.519271286814346731e-04
          33 -3.378254100342503730e+00 -3.378244224034128607e+00 1.473235898593835719e-04
          34 -3.376964134488892988e+00 -3.378206574341621860e+00 1.477230637003262316e-04
          35 -3.378170502374433948e+00 -3.378205543713987513e+00 1.435060001865742037e-04
          36 -3.378833230145779964e+00 -3.378222979448204377e+00 1.405749377701192887e-04
          37 -3.377825756890568965e+00 -3.378212243703403228e+00 1.371849486592200199e-04
          38 -3.376130686148371751e+00 -3.378157465873007581e+00 1.440967708327699258e-04
          39 -3.377788527028816379e+00 -3.378148005902644080e+00 1.407121631770508685e-04
          40 -3.380001351310357727e+00 -3.378194339537837099e+00 1.446216709241217031e-04
          41 -3.378368690181659417e+00 -3.378198591992564115e+00 1.411568192467757804e-04
          42 -3.377156691308217606e+00 -3.378173784833412796e+00 1.399587962554539914e-04
          43 -3.378728114037850006e+00 -3.378186676210260142e+00 1.372963589332643986e-04
          44 -3.377262859158214336e+00 -3.378165680368168111e+00 1.357718753009541657e-04
          45 -3.378825760723376259e+00 -3.378180348820505774e+00 1.335447434871169317e-04
          46 -3.378794547504443635e+00 -3.378193700965808954e+00 1.313073909759558157e-04
          47 -3.378633849322062233e+00 -3.378203065824452178e+00 1.288471355296772652e-04
          48 -3.378698963057770843e+00 -3.378213397016812891e+00 1.265763293315430365e-04
          49 -3.378183539918722111e+00 -3.378212787688280372e+00 1.239946056595975265e-04
          50 -3.378779591979118369e+00 -3.378224123774097087e+00 1.220318086081440771e-04
          51 -3.378496203472681536e+00 -3.378229458670147789e+00 1.197555847755051944e-04
          52 -3.378092732476718929e+00 -3.378226829320273961e+00 1.174814541690417664e-04
          53 -3.379157935797421519e+00 -3.378244397367012652e+00 1.165709754339064888e-04
          54 -3.379556670261078200e+00 -3.378268698716902829e+00 1.169178479339128820e-04
          55 -3.378598714268299830e+00 -3.378274698999655268e+00 1.149459345961706413e-04
          56 -3.376907215504818094e+00 -3.378250279651533017e+00 1.154580440062901261e-04
          57 -3.378717471382817195e+00 -3.378258475997696131e+00 1.137230206960536849e-04
          58 -3.378453486608035128e+00 -3.378261838249598803e+00 1.118119707566192993e-04
          59 -3.378797291665103675e+00 -3.378270913731217462e+00 1.102845540106784955e-04
          60 -3.377801299461968831e+00 -3.378263086826729822e+00 1.087238614756698212e-04
          61 -3.378796158443964526e+00 -3.378271825705701392e+00 1.072921296547254752e-04
          62 -3.379600472296760749e+00 -3.378293255489428049e+00 1.076804646020221231e-04
          63 -3.377605818460593046e+00 -3.378282343790557363e+00 1.065226796089383741e-04
          64 -3.378611618079947032e+00 -3.378287488701329444e+00 1.049824353135727511e-04
          65 -3.377266679553503348e+00 -3.378271783945208995e+00 1.045353909245431989e-04
          66 -3.378159952495734419e+00 -3.378270089529308073e+00 1.029652529204821526e-04
          67 -3.378563592494591816e+00 -3.378274470170580912e+00 1.015216021548995842e-04
          68 -3.379260047829388380e+00 -3.378288963959680924e+00 1.010579484900947522e-04
          69 -3.379935467269496563e+00 -3.378312826326490104e+00 1.023718401647373007e-04
          70 -3.378617162349427883e+00 -3.378317173983960586e+00 1.010016641286889233e-04
          71 -3.378164392372515312e+00 -3.378315022130278233e+00 9.960202558471234024e-05
          72 -3.378867275180896801e+00 -3.378322692311536812e+00 9.851355526463377566e-05
          73 -3.378100602233349292e+00 -3.378319649981698980e+00 9.721102006538948276e-05
          74 -3.378117763898548009e+00 -3.378316921791386207e+00 9.593563286603828391e-05
          75 -3.378857725988289928e+00 -3.378324132514011868e+00 9.492709069126573009e-05
          76 -3.378577969750228061e+00 -3.378327472477645976e+00 9.373678924462367423e-05
          77 -3.377371973310633102e+00 -3.378315063397554940e+00 9.333718474849146620e-05
          78 -3.377310335792213181e+00 -3.378302182274409482e+00 9.302514629218910816e-05
          79 -3.378665741484105922e+00 -3.378306784289722309e+00 9.196137469881144363e-05
          80 -3.377742252464416950e+00 -3.378299727641906003e+00 9.108220061406661157e-05
          81 -3.379311465048923768e+00 -3.378312218227177866e+00 9.081014051868171208e-05
          82 -3.377645025895082753e+00 -3.378304081735323372e+00 9.006647256867195324e-05
          83 -3.378467295067045129e+00 -3.378306048161006547e+00 8.900279840611391294e-05
          84 -3.378327713083015382e+00 -3.378306306076745091e+00 8.794361469917747235e-05
          85 -3.379573845627670270e+00 -3.378321218306755469e+00 8.816422159958987924e-05
          86 -3.378968002490686295e+00 -3.378328739053080287e+00 8.745924230316660301e-05
          87 -3.379091336463449391e+00 -3.378337504540555702e+00 8.689210805428987502e-05
          88 -3.378274430109442061e+00 -3.378336787785656714e+00 8.590765388470600024e-05
          89 -3.378270216533024950e+00 -3.378336039794054724e+00 8.494565536592059722e-05
          90 -3.378123597065195494e+00 -3.378333679319289740e+00 8.403460487716768359e-05
          91 -3.378972209632963519e+00 -3.378340696135923693e+00 8.340358215144456422e-05
          92 -3.377322457041432635e+00 -3.378329628319679312e+00 8.322814196179862279e-05
          93 -3.376894973503511643e+00 -3.378314201923806603e+00 8.375066108799050519e-05
          94 -3.378757236337439185e+00 -3.378318915055866345e+00 8.299220826072788463e-05
          95 -3.377185827587234179e+00 -3.378306987819354568e+00 8.297124183076036170e-05
          96 -3.377957697253990865e+00 -3.378303349375965325e+00 8.218669568781917622e-05
          97 -3.377846692590997346e+00 -3.378298641574058347e+00 8.147413431197546795e-05
          98 -3.378587092288146021e+00 -3.378301584948692149e+00 8.069591486307613681e-05
          99 -3.378702338583083442e+00 -3.378305632965201255e+00 7.998227209296342958e-05
         100 -3.378601498920981161e+00 -3.378308591624759050e+00 7.923715307638155413e-05
