     ACCEPTANCE:
      0.20792
      0.20588
      0.20388
      0.20192
          0.2
      0.19811
      0.19626
      0.19444
      0.19266
      0.19091
      0.18919
       0.1875
      0.18584
      0.18421
      0.18261
      0.18103
      0.17949
      0.17797
      0.17647
        0.175
      0.17355
      0.17213
      0.17073
      0.16935
        0.168
      0.16667
      0.16535
      0.16406
      0.16279
      0.16154
      0.16794
      0.16667
      0.16541
      0.16418
      0.16296
      0.16176
      0.16788
      0.17391
      0.17266
      0.17143
      0.17021
      0.16901
      0.16783
      0.16667
      0.16552
      0.16438
      0.16327
      0.16892
       0.1745
      0.17333
      0.17219
      0.17105
      0.16993
      0.16883
      0.17419
      0.17308
      0.17834
      0.17722
       0.1761
        0.175
      0.18012
      0.17901
      0.17791
      0.17683
      0.17576
       0.1747
      0.17365
      0.17262
       0.1716
      0.17647
      0.17544
      0.17442
      0.17341
      0.17241
      0.17143
      0.17045
      0.17514
      0.17416
      0.17318
      0.17222
      0.17127
      0.17033
       0.1694
      0.16848
      0.16757
      0.16667
      0.16578
      0.17021
      0.16931
      0.17368
      0.17277
      0.17188
      0.17098
       0.1701
      0.16923
      0.16837
      0.17259
      0.17172
      0.17085
         0.17
      0.16915
      0.16832
      0.16749
      0.17157
      0.17073
       0.1699
      0.17391
      0.17308
      0.17225
      0.17143
      0.17062
      0.17453
       0.1784
      0.17757
      0.17674
      0.17593
      0.17512
       0.1789
      0.17808
      0.17727
      0.17647
      0.17568
      0.17489
      0.17411
      0.17333
      0.17257
      0.17181
      0.17105
      0.17031
      0.16957
      0.16883
       0.1681
      0.16738
      0.17094
      0.17021
      0.16949
      0.16878
      0.16807
      0.16736
      0.16667
      0.16598
      0.16942
      0.17284
      0.17213
      0.17551
       0.1748
      0.17409
      0.17339
      0.17269
        0.172
      0.17131
      0.17063
      0.16996
      0.16929
      0.16863
      0.16797
      0.16732
      0.17054
      0.16988
      0.16923
      0.17241
      0.17557
       0.1749
      0.17424
      0.17358
      0.17293
      0.17603
      0.17537
      0.17472
      0.17407
      0.17712
      0.17647
      0.17582
      0.17518
      0.17455
      0.17391
      0.17329
      0.17626
      0.17563
        0.175
      0.17794
       0.1773
      0.17668
      0.17606
      0.17544
      0.17483
      0.17422
      0.17361
      0.17647
      0.17931
      0.17869
      0.17808
      0.17747
      0.17687
      0.17627
      0.17905
      0.17845
      0.17785
      0.17726
      0.17667
      0.17608
       0.1755
      0.17492
      0.17434
      0.17705
      0.17974
      0.17915
      0.17857
      0.17799
      0.17742
      0.17685
      0.17628
      0.17572
      0.17516
       0.1746
      0.17405
       0.1735
      0.17296
      0.17241
        0.175
      0.17445
      0.17391
      0.17337
      0.17284
      0.17538
      0.17485
      0.17431
      0.17378
      0.17629
      0.17576
      0.17523
       0.1747
      0.17417
      0.17365
      0.17313
      0.17262
      0.17211
       0.1716
      0.17109
      0.17353
      0.17302
      0.17251
      0.17201
      0.17151
      0.17101
      0.17052
      0.17003
      0.16954
      0.16905
      0.16857
      0.16809
      0.17045
      0.16997
      0.16949
      0.16901
      0.16854
      0.16807
      0.17039
       0.1727
      0.17222
      0.17175
      0.17127
       0.1708
      0.17033
      0.16986
       0.1694
      0.16894
      0.16848
      0.16802
      0.16757
      0.16712
      0.16667
      0.16622
      0.16578
        0.168
      0.16755
      0.16711
      0.16931
      0.16887
      0.16842
      0.16798
      0.16754
       0.1671
      0.16667
      0.16623
       0.1658
      0.16537
      0.16495
      0.16452
       0.1641
      0.16368
      0.16327
      0.16285
      0.16244
      0.16203
      0.16162
      0.16121
       0.1608
       0.1604
         0.16
      0.16209
      0.16169
      0.16377
      0.16337
      0.16296
      0.16256
      0.16216
      0.16176
      0.16381
      0.16341
      0.16302
      0.16505
      0.16465
      0.16667
      0.16627
      0.16827
      0.17026
      0.16986
      0.16945
      0.17143
      0.17102
      0.17062
      0.17258
      0.17217
      0.17176
      0.17136
      0.17096
      0.17056
      0.17016
      0.17209
      0.17169
       0.1713
       0.1709
      0.17051
      0.17011
      0.17202
      0.17162
      0.17352
      0.17312
        0.175
       0.1746
      0.17421
      0.17381
      0.17568
      0.17528
      0.17489
       0.1745
      0.17411
      0.17595
      0.17556
      0.17517
      0.17478
      0.17439
      0.17401
      0.17363
      0.17325
      0.17287
      0.17249
      0.17211
      0.17174
      0.17137
        0.171
      0.17063
      0.17026
      0.17204
      0.17167
      0.17131
      0.17308
      0.17271
      0.17234
       0.1741
      0.17373
      0.17336
        0.173
      0.17263
      0.17227
      0.17191
      0.17155
      0.17119
      0.17292
      0.17256
       0.1722
      0.17184
      0.17149
       0.1732
      0.17284
      0.17454
      0.17418
      0.17382
      0.17347
      0.17515
      0.17683
      0.17647
      0.17611
      0.17778
      0.17742
      0.17706
      0.17871
      0.17836
        0.178
      0.17764
      0.17729
      0.17694
      0.17659
      0.17624
      0.17589
      0.17554
       0.1752
      0.17682
      0.17843
      0.17808
      0.17773
      0.17739
      0.17704
       0.1767
      0.17636
      0.17795
      0.17761
      0.17726
      0.17692
      0.17658
      0.17625
      0.17591
      0.17557
      0.17524
      0.17681
      0.17837
      0.17803
      0.17769
      0.17736
      0.17702
      0.17857
      0.17824
      0.17978
      0.17944
       0.1791
      0.17877
       0.1803
      0.17996
      0.17963
       0.1793
      0.17897
      0.18048
      0.18015
      0.18165
      0.18315
      0.18282
      0.18248
      0.18397
      0.18545
      0.18693
      0.18659
      0.18626
      0.18592
      0.18559
      0.18705
      0.18671
      0.18638
      0.18605
      0.18571
      0.18538
      0.18505
      0.18472
       0.1844
      0.18407
      0.18375
      0.18342
      0.18486
      0.18453
      0.18596
      0.18564
      0.18531
      0.18499
      0.18467
      0.18435
      0.18403
      0.18371
      0.18339
      0.18307
      0.18448
      0.18417
      0.18385
      0.18353
      0.18322
      0.18462
       0.1843
      0.18399
      0.18367
      0.18336
      0.18305
      0.18274
      0.18243
      0.18212
       0.1835
      0.18487
      0.18456
      0.18425
      0.18395
      0.18364
      0.18333
      0.18303
      0.18272
      0.18242
      0.18377
      0.18347
      0.18317
      0.18287
      0.18421
      0.18391
      0.18361
      0.18494
      0.18464
      0.18434
      0.18404
      0.18374
      0.18344
      0.18314
      0.18285
      0.18255
      0.18226
      0.18196
      0.18167
      0.18138
      0.18109
       0.1808
      0.18051
      0.18182
      0.18312
      0.18283
      0.18413
      0.18542
      0.18513
      0.18483
      0.18454
      0.18583
      0.18711
      0.18681
      0.18652
      0.18779
       0.1875
      0.18877
      0.18847
      0.18974
      0.18944
      0.18915
       0.1904
      0.19011
      0.18981
      0.18952
      0.18923
      0.19048
      0.19172
      0.19296
      0.19419
      0.19542
      0.19665
      0.19635
      0.19605
      0.19727
      0.19848
      0.19818
      0.19789
       0.1991
       0.1988
          0.2
       0.2012
       0.2009
       0.2021
      0.20329
      0.20448
      0.20566
      0.20685
      0.20802
      0.20772
      0.20889
      0.20858
      0.20827
      0.20944
      0.20913
      0.21029
      0.20999
      0.21114
       0.2123
      0.21199
      0.21314
      0.21283
      0.21252
      0.21221
       0.2119
      0.21159
      0.21129
      0.21098
      0.21068
      0.21037
      0.21151
      0.21121
       0.2109
       0.2106
      0.21173
      0.21143
      0.21113
      0.21083
      0.21053
      0.21023
      0.20993
      0.20963
      0.20934
      0.20904
      0.20874
      0.20845
      0.20816
      0.20787
      0.20757
      0.20728
      0.20699
       0.2067
      0.20642
      0.20613
      0.20584
      0.20694
      0.20666
      0.20637
      0.20609
       0.2058
       0.2069
      0.20799
       0.2077
      0.20742
      0.20713
      0.20685
      0.20657
      0.20628
        0.206
      0.20708
       0.2068
      0.20652
       0.2076
      0.20732
      0.20839
      0.20811
      0.20783
      0.20755
      0.20727
      0.20699
      0.20671
      0.20643
      0.20616
      0.20588
      0.20561
      0.20533
      0.20506
      0.20479
      0.20452
      0.20424
      0.20397
       0.2037
      0.20343
      0.20317
      0.20422
      0.20395
      0.20368
      0.20341
      0.20315
      0.20288
      0.20261
      0.20235
      0.20339
      0.20443
      0.20416
       0.2039
      0.20493
      0.20466
      0.20569
      0.20543
      0.20516
       0.2049
      0.20463
      0.20437
      0.20539
      0.20641
      0.20615
      0.20588
      0.20562
      0.20663
      0.20637
      0.20611
      0.20584
      0.20558
      0.20532
      0.20633
      0.20607
      0.20581
      0.20555
      0.20529
      0.20503
      0.20477
      0.20452
      0.20426
      0.20401
      0.20375
       0.2035
      0.20324
      0.20299
      0.20274
      0.20248
      0.20223
      0.20198
      0.20173
      0.20148
      0.20123
      0.20222
      0.20197
      0.20172
      0.20147
      0.20123
      0.20221
      0.20196
      0.20171
      0.20147
      0.20122
      0.20097
      0.20073
      0.20049
      0.20024
          0.2
      0.19976
      0.19952
      0.19928
      0.20024
          0.2
      0.19976
      0.19952
      0.19928
      0.19904
       0.1988
      0.19856
      0.19833
      0.19809
      0.19785
      0.19881
      0.19976
      0.19952
      0.19929
      0.20024
      0.20118
      0.20095
      0.20071
      0.20047
      0.20141
      0.20235
      0.20212
      0.20188
      0.20164
      0.20141
      0.20117
      0.20093
       0.2007
      0.20163
       0.2014
      0.20116
      0.20093
       0.2007
      0.20046
      0.20023
          0.2
      0.19977
      0.19954
      0.19931
      0.20023
          0.2
      0.20092
      0.20183
      0.20275
      0.20252
      0.20229
       0.2032
      0.20296
      0.20273
       0.2025
      0.20227
      0.20204
      0.20181
      0.20272
      0.20362
      0.20452
      0.20429
      0.20519
      0.20495
      0.20472
      0.20449
      0.20426
      0.20404
      0.20381
      0.20358
      0.20447
      0.20536
      0.20624
      0.20713
       0.2069
      0.20667
      0.20644
      0.20621
      0.20598
      0.20686
      0.20663
       0.2064
      0.20617
      0.20595
      0.20572
      0.20549
      0.20527
      0.20504
      0.20591
      0.20569
      0.20656
      0.20633
      0.20611
      0.20588
      0.20675
      0.20652
       0.2063
      0.20607
      0.20585
      0.20563
      0.20541
      0.20518
      0.20496
      0.20474
       0.2056
      0.20538
      0.20516
      0.20494
      0.20579
      0.20557
      0.20642
       0.2062
      0.20598
      0.20576
      0.20554
      0.20532
       0.2051
      0.20488
      0.20467
      0.20445
      0.20423
      0.20402
       0.2038
      0.20359
      0.20337
      0.20316
      0.20294
      0.20273
      0.20252
      0.20231
      0.20314
      0.20293
      0.20376
      0.20355
      0.20334
      0.20312
      0.20291
       0.2027
      0.20249
      0.20228
      0.20207
       0.2029
      0.20372
      0.20351
       0.2033
      0.20412
      0.20391
       0.2037
      0.20452
      0.20431
       0.2041
      0.20492
      0.20573
      0.20654
      0.20735
      0.20714
      0.20795
      0.20774
      0.20855
      0.20833
      0.20812
      0.20791
       0.2077
      0.20749
      0.20728
      0.20707
      0.20686
      0.20665
      0.20645
      0.20724
      0.20704
      0.20683
      0.20662
      0.20641
      0.20621
        0.206
      0.20579
      0.20659
      0.20638
      0.20618
      0.20597
      0.20577
      0.20556
      0.20536
      0.20515
      0.20495
      0.20475
      0.20455
      0.20434
      0.20414
      0.20394
      0.20472
      0.20452
      0.20432
      0.20412
      0.20392
      0.20372
      0.20352
      0.20332
      0.20312
      0.20293
      0.20273
      0.20253
      0.20233
      0.20214
      0.20291
      0.20369
      0.20349
      0.20329
      0.20309
       0.2029
       0.2027
      0.20251
      0.20231
      0.20212
      0.20192
      0.20269
       0.2025
       0.2023
      0.20211
      0.20191
      0.20172
      0.20153
      0.20134
      0.20114
       0.2019
      0.20171
      0.20152
      0.20133
      0.20114
      0.20095
      0.20076
      0.20151
      0.20227
      0.20208
      0.20189
       0.2017
      0.20245
      0.20226
      0.20301
      0.20282
      0.20263
      0.20244
      0.20225
      0.20206
      0.20187
      0.20168
      0.20149
       0.2013
      0.20112
      0.20093
      0.20074
      0.20056
      0.20037
      0.20019
          0.2
      0.19981
      0.19963
      0.19945
      0.19926
      0.19908
       0.1989
      0.19871
      0.19853
      0.19835
      0.19908
       0.1989
      0.19872
      0.19854
      0.19835
      0.19817
      0.19799
      0.19781
      0.19763
      0.19745
      0.19727
