     ACCEPTANCE:
      0.79208
      0.79412
      0.79612
      0.79808
          0.8
      0.80189
      0.80374
      0.80556
      0.79817
          0.8
       0.8018
      0.80357
      0.80531
      0.80702
       0.8087
      0.80172
      0.80342
      0.80508
      0.80672
      0.80833
      0.80992
      0.81148
      0.81301
      0.81452
        0.808
      0.80952
      0.80315
      0.80469
       0.8062
      0.80769
      0.80916
      0.81061
      0.81203
      0.81343
      0.81481
      0.81618
      0.81752
      0.81884
      0.82014
      0.82143
       0.8156
      0.80986
      0.81119
       0.8125
      0.81379
      0.81507
      0.81633
      0.81757
      0.81879
         0.82
      0.82119
      0.82237
      0.82353
      0.82468
      0.82581
      0.82692
      0.82803
      0.82911
      0.83019
      0.83125
       0.8323
      0.83333
      0.83436
      0.83537
      0.83636
      0.83735
      0.83832
      0.83929
      0.84024
      0.84118
      0.84211
      0.84302
      0.84393
      0.84483
      0.84571
      0.84659
      0.84746
      0.84831
      0.84916
         0.85
      0.85083
      0.84615
      0.84699
      0.84783
      0.84865
      0.84946
      0.85027
      0.85106
      0.84656
      0.84737
      0.84817
      0.84375
      0.83938
      0.84021
      0.84103
      0.84184
      0.84264
      0.84343
      0.84422
        0.845
      0.84577
      0.84653
      0.84729
      0.84804
      0.84878
      0.84951
      0.85024
      0.85096
      0.85167
      0.85238
      0.85308
      0.85377
      0.85446
      0.85047
      0.84651
      0.84722
      0.84332
      0.84404
      0.84475
      0.84091
      0.84163
      0.84234
      0.84305
      0.83929
         0.84
      0.84071
      0.84141
      0.83772
      0.83843
      0.83913
       0.8355
      0.83621
      0.83691
      0.83761
       0.8383
      0.83898
      0.83966
      0.84034
        0.841
       0.8375
      0.83817
      0.83884
      0.83951
      0.84016
      0.83673
       0.8374
      0.83806
      0.83871
      0.83936
         0.84
      0.84064
      0.84127
       0.8419
      0.84252
      0.84314
      0.83984
      0.84047
      0.84109
       0.8417
      0.84231
      0.84291
      0.84351
      0.84411
      0.84091
      0.84151
      0.84211
       0.8427
      0.84328
      0.84387
      0.84074
      0.84133
      0.84191
      0.84249
      0.84307
      0.84364
      0.84058
      0.84116
      0.84173
      0.83871
      0.83929
      0.83986
      0.84043
      0.83746
      0.83803
       0.8386
      0.83566
      0.83624
      0.83333
      0.83391
      0.83448
      0.83505
      0.83562
      0.83276
      0.82993
      0.83051
      0.83108
      0.83165
      0.83221
      0.83278
         0.83
      0.83056
      0.83113
      0.83168
      0.83224
      0.83279
      0.83333
      0.83388
      0.83117
      0.82848
      0.82581
      0.82315
      0.82051
      0.82109
      0.81847
      0.81905
      0.81962
      0.81703
      0.81761
      0.81818
      0.81875
      0.81931
      0.81988
      0.82043
       0.8179
      0.81846
      0.81902
      0.81957
      0.81707
      0.81763
      0.81515
      0.81571
      0.81325
      0.81381
      0.81138
      0.81194
       0.8125
      0.81009
      0.81065
      0.81121
      0.81176
      0.81232
      0.81287
      0.81341
      0.81105
       0.8087
      0.80636
      0.80692
      0.80747
      0.80802
      0.80857
      0.80912
      0.80966
      0.80737
      0.80791
      0.80845
      0.80899
      0.80952
      0.81006
      0.81058
      0.81111
      0.81163
      0.80939
      0.80992
      0.80769
      0.80548
      0.80328
      0.80109
      0.79891
      0.79946
       0.7973
      0.79784
       0.7957
      0.79625
      0.79412
      0.79467
      0.79521
      0.79576
       0.7963
       0.7942
      0.79211
      0.79265
      0.79319
      0.79373
      0.79427
      0.79481
      0.79275
      0.79328
      0.79381
      0.79434
      0.79487
       0.7954
      0.79592
      0.79644
      0.79442
      0.79241
      0.79293
      0.79345
      0.79146
      0.79198
       0.7925
      0.79302
      0.79104
      0.79156
      0.79208
      0.79259
       0.7931
      0.79361
      0.79412
      0.79462
      0.79512
      0.79562
      0.79612
      0.79661
       0.7971
      0.79518
      0.79567
      0.79616
      0.79665
      0.79475
      0.79524
      0.79572
      0.79384
      0.79433
      0.79245
      0.79294
      0.79108
      0.79157
      0.78972
      0.79021
       0.7907
      0.79118
      0.79167
      0.79215
      0.79263
       0.7931
      0.79358
      0.79405
      0.79452
      0.79499
      0.79545
      0.79365
      0.79186
      0.79233
      0.79279
      0.79326
      0.79372
      0.79418
      0.79464
       0.7951
      0.79556
      0.79601
      0.79646
      0.79691
      0.79736
       0.7978
      0.79825
      0.79869
      0.79694
      0.79521
      0.79348
      0.79393
      0.79221
      0.79266
      0.79095
       0.7914
      0.79185
      0.79015
       0.7906
      0.79104
      0.79149
      0.79193
      0.79237
      0.79281
      0.79325
      0.79368
      0.79202
      0.79036
      0.79079
      0.79123
      0.79167
       0.7921
      0.79253
      0.79296
      0.79339
      0.79381
      0.79424
      0.79466
      0.79508
      0.79346
      0.79388
       0.7943
      0.79472
       0.7931
      0.79352
      0.79394
      0.79435
      0.79477
      0.79518
      0.79559
        0.796
      0.79641
      0.79681
      0.79523
      0.79365
      0.79208
      0.79051
      0.79093
      0.79134
      0.79175
      0.79216
      0.79256
      0.79297
      0.79142
      0.79183
      0.79029
       0.7907
       0.7911
      0.79151
      0.78998
      0.78846
      0.78695
      0.78544
      0.78585
      0.78435
      0.78286
      0.78327
      0.78368
       0.7822
      0.78261
      0.78302
      0.78343
      0.78195
      0.78049
       0.7809
      0.78131
      0.78172
      0.78026
      0.78067
      0.77922
      0.77963
      0.78004
      0.78044
      0.78085
      0.77941
      0.77982
      0.77839
      0.77879
       0.7792
       0.7796
         0.78
       0.7804
       0.7808
      0.78119
      0.78159
      0.78018
      0.78058
      0.77917
      0.77957
      0.77996
      0.77857
      0.77897
      0.77936
      0.77975
      0.78014
      0.78053
      0.78092
      0.77954
      0.77993
      0.77856
      0.77895
      0.77933
      0.77797
      0.77836
      0.77875
      0.77913
      0.77951
       0.7799
      0.78028
      0.78066
      0.78103
      0.78141
      0.78007
      0.78045
      0.78082
       0.7812
      0.78157
      0.78194
      0.78061
      0.77929
      0.77966
      0.78003
      0.78041
      0.77909
      0.77946
      0.77983
       0.7802
      0.77889
      0.77759
      0.77796
      0.77667
      0.77704
      0.77741
      0.77612
      0.77649
      0.77686
      0.77723
      0.77595
      0.77632
      0.77668
      0.77705
      0.77741
      0.77614
      0.77651
      0.77687
      0.77561
      0.77597
      0.77634
       0.7767
      0.77544
      0.77581
      0.77617
      0.77653
      0.77689
      0.77724
        0.776
      0.77636
      0.77671
      0.77707
      0.77742
      0.77778
      0.77813
      0.77848
      0.77725
       0.7776
      0.77795
       0.7783
      0.77708
      0.77743
      0.77778
      0.77812
      0.77847
      0.77726
       0.7776
       0.7764
      0.77674
      0.77709
      0.77589
      0.77623
      0.77658
      0.77538
      0.77573
      0.77607
      0.77642
      0.77676
       0.7771
      0.77744
      0.77626
      0.77508
      0.77542
      0.77576
       0.7761
      0.77644
      0.77677
      0.77711
      0.77594
      0.77628
      0.77661
      0.77695
      0.77728
      0.77761
      0.77645
      0.77679
      0.77712
      0.77596
       0.7763
      0.77515
        0.774
      0.77434
       0.7732
      0.77353
      0.77239
      0.77126
      0.77013
      0.77047
       0.7708
      0.76968
      0.77001
       0.7689
      0.76923
      0.76957
      0.76845
      0.76734
      0.76768
      0.76801
      0.76835
      0.76868
      0.76901
      0.76791
      0.76824
      0.76714
      0.76748
      0.76638
      0.76671
      0.76705
      0.76596
      0.76629
      0.76662
      0.76695
      0.76728
      0.76761
      0.76793
      0.76826
      0.76858
      0.76891
      0.76923
      0.76955
      0.76987
      0.77019
      0.77051
      0.77083
      0.76976
      0.77008
      0.76902
      0.76934
      0.76966
      0.76997
      0.77029
      0.76923
      0.76955
      0.76986
      0.77018
      0.76913
      0.76944
      0.76975
      0.77007
      0.77038
      0.77069
        0.771
      0.77131
      0.77162
      0.77193
      0.77224
      0.77254
      0.77285
      0.77315
      0.77346
      0.77376
      0.77406
      0.77437
      0.77467
      0.77497
      0.77394
      0.77424
      0.77454
      0.77483
      0.77381
      0.77411
      0.77441
       0.7747
      0.77368
      0.77267
      0.77297
      0.77195
      0.77094
      0.76993
      0.77023
      0.77053
      0.77083
      0.77113
      0.77143
      0.77173
      0.77202
      0.77232
      0.77261
       0.7729
       0.7732
      0.77349
      0.77249
      0.77279
      0.77179
      0.77209
       0.7711
      0.77139
      0.77168
      0.77197
      0.77226
      0.77255
      0.77284
      0.77313
      0.77342
       0.7737
      0.77399
      0.77427
      0.77456
      0.77358
      0.77261
       0.7729
      0.77318
      0.77347
      0.77375
      0.77403
      0.77431
       0.7746
      0.77488
      0.77516
      0.77543
      0.77571
      0.77599
      0.77627
      0.77654
      0.77682
      0.77586
      0.77614
      0.77641
      0.77669
      0.77696
      0.77723
      0.77751
      0.77778
      0.77805
      0.77832
      0.77859
      0.77886
      0.77913
      0.77818
      0.77845
      0.77872
      0.77899
      0.77925
      0.77952
      0.77978
      0.78005
      0.77911
      0.77938
      0.77964
       0.7799
      0.78017
      0.78043
       0.7795
      0.77976
      0.78002
      0.78029
      0.78055
      0.78081
      0.78107
      0.78132
      0.78158
      0.78184
       0.7821
      0.78235
      0.78261
      0.78169
      0.78195
       0.7822
      0.78246
      0.78271
      0.78296
      0.78322
      0.78347
      0.78372
      0.78397
      0.78422
      0.78447
      0.78472
      0.78497
      0.78522
      0.78547
      0.78571
      0.78596
      0.78506
       0.7853
       0.7844
      0.78465
       0.7849
      0.78514
      0.78539
      0.78449
      0.78474
      0.78498
      0.78523
      0.78547
      0.78571
      0.78596
       0.7862
      0.78644
      0.78668
      0.78692
      0.78716
       0.7874
      0.78764
      0.78676
        0.787
      0.78723
      0.78747
      0.78771
      0.78795
      0.78818
      0.78842
      0.78754
      0.78778
      0.78801
      0.78825
      0.78738
      0.78761
      0.78785
      0.78808
      0.78831
      0.78744
      0.78658
      0.78681
      0.78595
      0.78618
      0.78642
      0.78665
      0.78689
      0.78603
      0.78517
      0.78431
      0.78455
      0.78478
      0.78502
      0.78416
       0.7844
      0.78355
       0.7827
      0.78186
      0.78209
      0.78233
      0.78256
       0.7828
      0.78303
      0.78326
      0.78349
      0.78373
      0.78396
      0.78419
      0.78335
      0.78252
      0.78275
      0.78298
      0.78321
      0.78344
      0.78367
       0.7839
      0.78413
      0.78436
      0.78458
      0.78376
      0.78398
      0.78421
      0.78444
      0.78466
      0.78489
      0.78512
      0.78534
      0.78556
      0.78579
      0.78601
      0.78624
      0.78646
      0.78564
      0.78586
      0.78609
      0.78631
      0.78653
      0.78675
      0.78697
      0.78719
      0.78741
      0.78763
      0.78785
      0.78807
      0.78828
       0.7885
      0.78872
      0.78893
      0.78915
      0.78937
      0.78958
       0.7898
      0.79001
      0.79022
      0.79044
      0.79065
      0.79086
      0.79108
      0.79129
       0.7915
      0.79171
      0.79192
      0.79213
      0.79133
      0.79154
      0.79175
      0.79095
      0.79016
      0.79037
      0.78958
      0.78879
        0.789
      0.78821
      0.78842
      0.78764
      0.78785
      0.78706
      0.78628
       0.7855
      0.78472
      0.78494
      0.78416
      0.78437
       0.7836
      0.78381
      0.78304
      0.78227
      0.78248
      0.78269
      0.78291
      0.78312
      0.78333
      0.78355
      0.78376
      0.78397
      0.78418
      0.78341
      0.78363
      0.78384
      0.78405
      0.78426
      0.78447
      0.78468
      0.78488
      0.78509
       0.7853
      0.78551
      0.78571
      0.78592
      0.78516
      0.78537
      0.78462
      0.78482
      0.78503
      0.78523
      0.78544
      0.78565
      0.78585
       0.7851
      0.78531
      0.78551
      0.78571
      0.78592
      0.78612
      0.78632
      0.78653
      0.78673
      0.78598
      0.78619
      0.78639
      0.78659
      0.78679
      0.78699
      0.78625
      0.78645
      0.78665
      0.78685
      0.78705
      0.78725
      0.78745
      0.78765
      0.78692
      0.78711
      0.78638
      0.78658
      0.78678
      0.78698
      0.78717
      0.78737
      0.78757
      0.78777
      0.78704
      0.78723
      0.78651
      0.78578
      0.78506
      0.78525
      0.78453
      0.78473
      0.78493
      0.78512
      0.78532
      0.78552
      0.78571
        0.785
      0.78519
      0.78447
      0.78467
      0.78487
      0.78506
      0.78526
      0.78545
