     MU:      SIGMA:     E_MEASURED:    ERROR:
    -0.66785     0.66115    -0.38351   0.0030056
    -0.56674      0.9597    -0.21493    0.013379
    -0.39667     0.99999    -0.24163   0.0090976
    -0.46369     0.80174    -0.25185   0.0050968
    -0.23866     0.68752    0.015988   0.0066158
     -0.1106     0.91714    -0.22295   0.0048529
  -0.0060867     0.89084    -0.20874   0.0051416
     0.24469     0.97192    -0.25683   0.0074071
     0.24469     0.97192    -0.25683   0.0074071
     0.34436     0.75559     -0.1573   0.0058082
    0.070016      1.0351    -0.23805    0.011055
     0.15537      1.2213   -0.057365    0.021427
    0.014936      1.0723    -0.23592     0.01133
    0.071185     0.83301    -0.15939   0.0055305
     -0.1374     0.71929    0.011148   0.0058253
     -0.1374     0.71929    0.011148   0.0058253
   -0.086615     0.95972    -0.24472   0.0074796
     0.18291     0.91804    -0.23856   0.0053615
   -0.025908       1.134    -0.17389    0.017146
   -0.025908       1.134    -0.17389    0.017146
   -0.025908       1.134    -0.17389    0.017146
     0.24414      1.1401    -0.14148    0.015401
     0.14405       1.255     0.07086    0.026697
     0.14405       1.255     0.07086    0.026697
     0.39864      1.2944     0.38826    0.040514
     0.16816      1.3696     0.48633    0.036677
     0.16816      1.3696     0.48633    0.036677
     0.43881      1.1851     0.05081    0.019551
     0.20099      1.3486     0.48303    0.053387
   -0.040832      1.4804     0.97229    0.060716
   -0.034768      1.4101     0.69622    0.054203
     0.21573      1.2515     0.10257    0.033223
     0.12236      1.1765    -0.10298    0.021406
     0.41391      1.0208    -0.20976    0.012571
      0.6581     0.83082    -0.29973   0.0073291
     0.41579      1.1089   -0.091561    0.018444
     0.61907      1.1472     0.20792    0.028932
      0.5307       1.259     0.43949    0.037472
     0.63445       1.168     0.31872    0.036394
     0.37871      1.4573      1.1005    0.073083
     0.37871      1.4573      1.1005    0.073083
     0.37871      1.4573      1.1005    0.073083
      0.2403      1.2263    0.035298     0.02066
   -0.010847      1.0092    -0.24171   0.0077617
    0.023861      0.7916   -0.091243   0.0058866
    0.023861      0.7916   -0.091243   0.0058866
   -0.058413     0.94564    -0.24376   0.0044794
    -0.19892      1.0453    -0.23804   0.0075372
    -0.11611     0.89266    -0.20931   0.0043659
    0.048742     0.88881     -0.2018   0.0050019
    -0.14618      1.0908    -0.21532   0.0099204
    -0.33056     0.96029     -0.2502    0.010147
    -0.24922     0.89523    -0.22164   0.0054869
    -0.36531      1.1812    0.038212     0.02368
    -0.35702        1.24    0.094384    0.027484
    -0.56199      1.0103    -0.14428     0.01845
    -0.56199      1.0103    -0.14428     0.01845
    -0.31196      1.0073    -0.23716   0.0080251
    -0.19888     0.78722    -0.11448   0.0063585
    -0.33847     0.86389    -0.23581   0.0061355
    -0.26033     0.86652    -0.21953   0.0049906
   -0.061337      1.0298    -0.23839   0.0084879
   -0.044266      1.1684    -0.14541    0.015172
   -0.010862     0.92953    -0.24257    0.005144
    -0.21247      1.0161    -0.24295   0.0083598
    -0.21247      1.0161    -0.24295   0.0083598
    -0.37054     0.85031    -0.23769    0.004753
    -0.44549      1.0227    -0.20987    0.011465
    -0.59955     0.81423    -0.31065   0.0052518
    -0.57271     0.76165    -0.30562   0.0038143
    -0.63742     0.95411     -0.1483    0.014833
    -0.40793      1.1416   -0.025306     0.02566
    -0.23826      1.0451    -0.23278    0.010999
    -0.39476       1.143   -0.057994    0.019672
     -0.3317      1.1198    -0.16711    0.015053
    -0.15808     0.86548     -0.1997   0.0049527
     -0.1102     0.95238     -0.2285   0.0069683
    -0.23653     0.73819   -0.065815   0.0063178
    -0.46647     0.76149    -0.24249    0.004346
    -0.22155     0.67061    0.064934    0.006521
    0.038344      0.5015     0.71124    0.014349
    0.038344      0.5015     0.71124    0.014349
    -0.24543     0.45236     0.61918    0.012092
   -0.072937     0.49466     0.72764    0.012809
    -0.33427     0.76378    -0.16424   0.0049318
    -0.60199     0.50323    -0.22999   0.0056765
    -0.76143     0.58913    -0.43436   0.0020843
    -0.72665     0.50452    -0.29965   0.0056686
    -0.72665     0.50452    -0.29965   0.0056686
    -0.76444     0.52578     -0.3664   0.0048396
    -0.76444     0.52578     -0.3664   0.0048396
    -0.76444     0.52578     -0.3664   0.0048396
    -0.76444     0.52578     -0.3664   0.0048396
      -1.061      0.5926    -0.15977   0.0066105
      -1.061      0.5926    -0.15977   0.0066105
      -1.061      0.5926    -0.15977   0.0066105
     -1.0169      0.6069    -0.23921   0.0075277
     -0.8862     0.61366    -0.41992   0.0033644
    -0.73276      0.7919    -0.32515   0.0084364
    -0.60309     0.71877    -0.32397   0.0039174
    -0.76656      1.0138       0.089    0.025004
    -0.66442     0.81979    -0.28884   0.0076448
    -0.55898     0.68342    -0.29825   0.0043313
    -0.56729     0.64093    -0.28252   0.0038475
    -0.31505     0.78557    -0.16626   0.0053857
    -0.40932     0.72843    -0.17301   0.0051766
    -0.34293     0.75597    -0.15692   0.0050141
    -0.47275     0.63946    -0.16556   0.0048199
    -0.37098     0.43129     0.32154   0.0070787
   -0.099963     0.59486     0.33709   0.0085163
   -0.099963     0.59486     0.33709   0.0085163
    -0.39854     0.55365    0.039353   0.0070737
     -0.3903     0.54882    0.063921   0.0066517
     -0.3903     0.54882    0.063921   0.0066517
     -0.3903     0.54882    0.063921   0.0066517
    -0.44487     0.58109   -0.062876    0.005225
    -0.44487     0.58109   -0.062876    0.005225
    -0.31266     0.62361    0.053517   0.0068313
    -0.26454     0.83929    -0.19427   0.0041362
    -0.12903      1.0832    -0.20215    0.013212
   -0.039625      1.2747    0.069396    0.025807
   0.0011238      1.1621    -0.14063     0.01584
    0.089285      1.2777     0.13061    0.032508
      0.3647      1.0208     -0.2379    0.010765
      0.3647      1.0208     -0.2379    0.010765
    0.073763      1.1449    -0.16928    0.013963
    -0.12616      1.0113    -0.22678   0.0098463
    -0.29629        1.18   -0.021449    0.024553
     -0.1247      1.3297     0.37134    0.046555
    -0.38209      1.2078    0.036479    0.025026
    -0.38209      1.2078    0.036479    0.025026
    -0.58802     0.98154    -0.18411    0.014526
    -0.63075     0.69404    -0.35776   0.0028031
    -0.59784     0.76221    -0.32546   0.0044588
    -0.41042     0.52775    0.054983   0.0063787
    -0.20923     0.77706    -0.11144   0.0063548
    -0.31724     0.54141     0.21291   0.0078413
    -0.33688     0.75899    -0.15585    0.005375
    -0.39912     0.60287   -0.030256   0.0067459
    -0.39912     0.60287   -0.030256   0.0067459
     -0.5275      0.3693     0.37804    0.013255
    -0.70322     0.37433     0.50917    0.016552
     -0.5136     0.48438   -0.073582   0.0055758
    -0.38589     0.60458  -0.0018254   0.0064538
    -0.38589     0.60458  -0.0018254   0.0064538
    -0.12292     0.61915     0.24209   0.0087909
     0.13978     0.80524    -0.12364   0.0058631
      0.2436     0.69872  -0.0076035    0.006574
      0.2436     0.69872  -0.0076035    0.006574
     0.14127     0.66215     0.11142   0.0067575
     0.33327     0.88738     -0.2427   0.0057544
     0.48434      1.0279    -0.17736    0.015314
     0.48434      1.0279    -0.17736    0.015314
     0.56997      1.0197    -0.13692    0.017663
     0.72092     0.85007    -0.25542    0.010639
     0.45964     0.57325   -0.090218   0.0050494
     0.40149     0.44886     0.19821   0.0066836
     0.38927     0.46498     0.23445   0.0065768
     0.56898     0.41345    0.066518    0.011022
     0.56898     0.41345    0.066518    0.011022
     0.31611     0.64317    0.021347   0.0062032
     0.50907     0.36877     0.36612    0.013454
     0.30626      0.3323     0.82963    0.011914
     0.30626      0.3323     0.82963    0.011914
     0.30626      0.3323     0.82963    0.011914
     0.53631     0.45186   -0.040833   0.0064612
     0.28408     0.72535   -0.083409   0.0050105
     0.26795     0.88524     -0.2301   0.0050775
     0.12467     0.99855     -0.2426    0.008913
     0.12467     0.99855     -0.2426    0.008913
     0.20252     0.89388    -0.21329   0.0051557
     0.43967     0.99976    -0.21125    0.010006
     0.66022       1.199      0.4808    0.040092
       0.512      1.0846   -0.059239    0.020429
     0.61953      1.2431     0.48905    0.040073
     0.61953      1.2431     0.48905    0.040073
     0.61953      1.2431     0.48905    0.040073
      0.7325       1.227     0.75363    0.055907
      0.7325       1.227     0.75363    0.055907
      0.7325       1.227     0.75363    0.055907
     0.63026      1.2179     0.42753    0.036708
      0.3707      1.2624     0.22697    0.029012
      0.3707      1.2624     0.22697    0.029012
     0.49381      1.1157   -0.010179    0.019908
     0.66762     0.92272    -0.19977    0.014434
     0.66762     0.92272    -0.19977    0.014434
     0.38601     0.91697    -0.25938   0.0069606
      0.4649     0.99191    -0.20702    0.010764
      0.5472     0.95054    -0.20592    0.013716
     0.40117      1.0936    -0.13561    0.014629
      0.2067      1.0923    -0.20476     0.01241
     0.28843      1.3293     0.33979    0.029689
     0.28843      1.3293     0.33979    0.029689
     0.28843      1.3293     0.33979    0.029689
     0.49696      1.3834     0.91647     0.05616
     0.56489      1.2867     0.51169    0.042279
     0.30471      1.3276     0.46967    0.044369
       0.228      1.1983  -0.0060348    0.021987
    -0.03529      1.2014   -0.055232     0.01821
    -0.03529      1.2014   -0.055232     0.01821
   -0.033901      1.4336     0.79474    0.063929
     0.14495       1.276     0.10696    0.034459
   -0.039546      1.1785   -0.094043    0.020241
     0.12618     0.97336    -0.24467   0.0074361
     0.14256      1.0409    -0.24061   0.0096969
     0.31294     0.95445    -0.23985   0.0068748
    0.077044      1.1388    -0.14065    0.021173
    0.077044      1.1388    -0.14065    0.021173
    0.077044      1.1388    -0.14065    0.021173
    0.077044      1.1388    -0.14065    0.021173
    0.077044      1.1388    -0.14065    0.021173
    0.077044      1.1388    -0.14065    0.021173
     0.10969      1.3583     0.34328    0.033678
     0.10969      1.3583     0.34328    0.033678
     0.15489      1.2804     0.16466    0.031741
     0.16961      1.0858    -0.20171    0.014032
     0.16961      1.0858    -0.20171    0.014032
     0.31263     0.80629    -0.19041   0.0049807
     0.47624      0.7674    -0.25471   0.0048489
     0.24459     0.70676   -0.015808   0.0054748
     0.49623     0.46231   -0.011198   0.0065174
     0.49623     0.46231   -0.011198   0.0065174
     0.49623     0.46231   -0.011198   0.0065174
     0.49623     0.46231   -0.011198   0.0065174
      0.6695     0.55201    -0.34936    0.003931
     0.68942     0.61048    -0.39843   0.0023946
     0.62566     0.34687     0.75343    0.021079
     0.62566     0.34687     0.75343    0.021079
     0.62566     0.34687     0.75343    0.021079
     0.62566     0.34687     0.75343    0.021079
     0.76826     0.64516    -0.43246   0.0030096
     0.76826     0.64516    -0.43246   0.0030096
     0.92479     0.79513    -0.14893    0.013907
     0.92479     0.79513    -0.14893    0.013907
     0.91536     0.89099    0.056082    0.025465
     0.63507     0.60803    -0.35446   0.0027627
     0.63507     0.60803    -0.35446   0.0027627
     0.63507     0.60803    -0.35446   0.0027627
     0.35199     0.80371    -0.21035   0.0049281
     0.23814     0.89355    -0.23656   0.0048435
    0.073545     0.89192    -0.22373   0.0041282
    0.073545     0.89192    -0.22373   0.0041282
    -0.10825     0.71093    0.030342   0.0063695
    -0.10825     0.71093    0.030342   0.0063695
    -0.10825     0.71093    0.030342   0.0063695
    -0.22529     0.61499     0.17986   0.0080902
    0.019958     0.85724    -0.17144    0.004977
    0.019958     0.85724    -0.17144    0.004977
     0.25441      0.6308    0.098856   0.0080007
   0.0035085     0.83624    -0.15195   0.0051105
    -0.22598     0.85582    -0.19927    0.004588
    -0.17286     0.84546    -0.18221   0.0054565
      0.1166      1.0063    -0.24643   0.0074774
      0.1166      1.0063    -0.24643   0.0074774
    -0.15339     0.78516    -0.10372   0.0051052
    0.038002      0.5836     0.40458   0.0099629
    -0.26178     0.70292   -0.025918   0.0057662
    -0.28947     0.52432      0.3184   0.0092943
   -0.086857     0.63746     0.20592   0.0087462
    -0.31914      0.8856    -0.23318   0.0051525
    -0.25162     0.82222    -0.17288   0.0057955
    -0.43775      1.0688    -0.15189     0.01703
    -0.52727     0.96749    -0.22512    0.017712
    -0.30538     0.68546   -0.031041   0.0064493
    -0.51197     0.48571   -0.079686   0.0061036
    -0.51197     0.48571   -0.079686   0.0061036
    -0.58625     0.71501    -0.31434   0.0037886
    -0.82766     0.53176    -0.36078   0.0045971
    -0.57202     0.45957   -0.098142    0.007214
    -0.57202     0.45957   -0.098142    0.007214
    -0.41626     0.43383     0.20598   0.0065299
    -0.41626     0.43383     0.20598   0.0065299
    -0.71297     0.38164     0.41563    0.014805
    -0.71297     0.38164     0.41563    0.014805
    -0.87703     0.32768      1.0992    0.024703
    -0.92639       0.577    -0.36578   0.0034673
    -0.69253     0.83514     -0.2972   0.0064886
    -0.62265      0.9818    -0.16484    0.012955
    -0.62265      0.9818    -0.16484    0.012955
    -0.62265      0.9818    -0.16484    0.012955
    -0.45445      1.2579     0.33428    0.038592
    -0.35987      1.3264     0.42024    0.044792
    -0.35987      1.3264     0.42024    0.044792
    -0.32897      1.5855      2.0596     0.12063
   -0.064873      1.5458      1.3714    0.077757
   -0.064873      1.5458      1.3714    0.077757
    -0.33352      1.4987      1.2852    0.065482
    -0.26853      1.6276      2.0921     0.10046
    -0.15962      1.3482     0.44986    0.039909
    -0.10664      1.0708    -0.23399   0.0098052
     0.12309     0.84135     -0.1617   0.0059766
      0.4184      1.1084    -0.11241    0.015135
      0.4184      1.1084    -0.11241    0.015135
      0.4184      1.1084    -0.11241    0.015135
      0.4184      1.1084    -0.11241    0.015135
     0.31104      1.3525     0.46565    0.038431
     0.31104      1.3525     0.46565    0.038431
     0.31104      1.3525     0.46565    0.038431
     0.31104      1.3525     0.46565    0.038431
     0.39375      1.5263      1.7182    0.086177
     0.22565      1.4624      1.0574    0.062521
     0.22565      1.4624      1.0574    0.062521
     0.48316      1.5487      1.8603     0.08899
     0.59482      1.3378     0.90737    0.054093
     0.67282      1.0604     0.08131    0.028037
     0.61188      1.1758     0.26403    0.042854
     0.55577      1.3164     0.72892    0.048483
     0.63267      1.2683     0.64198    0.049599
     0.66647      1.0846    0.078692    0.024487
     0.85961     0.81191    -0.22196    0.013306
      0.9102      1.0969     0.81588    0.047996
     0.75877      1.3037      1.2911    0.076965
      1.0128      1.2247      1.9399    0.080582
     0.94363      1.0551      0.6329    0.038567
     0.94363      1.0551      0.6329    0.038567
      1.0399      1.2885      2.7689     0.11868
      1.0598      1.0864      1.4084    0.064894
     0.99468      1.1932      1.6112    0.071171
     0.99468      1.1932      1.6112    0.071171
      1.0598      1.2415       2.408    0.086907
       1.212      1.0315      2.0821    0.070061
       1.212      1.0315      2.0821    0.070061
     0.96047      1.1128     0.98487    0.049102
     0.96047      1.1128     0.98487    0.049102
     0.66986      1.1557      0.3055    0.034611
     0.66986      1.1557      0.3055    0.034611
     0.52493      1.1721     0.20092    0.031647
     0.52493      1.1721     0.20092    0.031647
     0.35269      1.1423   -0.074063    0.020575
     0.43852     0.86368    -0.26088   0.0055735
     0.17388     0.77562   -0.091033   0.0060785
   -0.039036      0.6783     0.13263    0.007144
     0.22628     0.97557    -0.24751   0.0060402
     0.36228     0.76207    -0.17358   0.0047502
     0.61734     0.58512     -0.3293   0.0032818
     0.75533     0.57186    -0.42014    0.003002
     0.75533     0.57186    -0.42014    0.003002
     0.63745     0.74979    -0.34321   0.0052975
        0.81     0.76603    -0.31894   0.0099388
     0.90807     0.77572    -0.21078    0.010411
     0.90807     0.77572    -0.21078    0.010411
     0.90807     0.77572    -0.21078    0.010411
      0.9163     0.61865    -0.38879   0.0042519
     0.83644     0.58328    -0.42854   0.0023229
       1.081     0.42625     0.24605   0.0088399
      1.1131     0.55202   -0.016556   0.0064002
      1.0669     0.41929     0.24652   0.0098079
      1.0199     0.42511     0.18286   0.0098778
      1.1459     0.46129     0.19064   0.0063661
      1.3681     0.66898      1.3478    0.027458
      1.3681     0.66898      1.3478    0.027458
      1.3393     0.76036      1.5473    0.039305
      1.4039     0.46359      1.1494     0.01258
      1.4039     0.46359      1.1494     0.01258
      1.4039     0.46359      1.1494     0.01258
      1.4039     0.46359      1.1494     0.01258
      1.4039     0.46359      1.1494     0.01258
      1.4039     0.46359      1.1494     0.01258
      1.4039     0.46359      1.1494     0.01258
      1.4039     0.46359      1.1494     0.01258
      1.4331     0.62629      1.7107    0.028734
      1.4331     0.62629      1.7107    0.028734
      1.4331     0.62629      1.7107    0.028734
      1.4331     0.62629      1.7107    0.028734
      1.2879     0.53016     0.59052    0.011073
       1.291     0.40727     0.77714    0.010284
       1.291     0.40727     0.77714    0.010284
      1.2841     0.48103     0.55081     0.00825
      1.3606     0.70444      1.4957    0.029112
      1.2016     0.48669     0.27492   0.0066264
      1.1495     0.48516     0.14301    0.004746
     0.89065     0.64991    -0.40221   0.0048784
     0.67285      0.8995    -0.23625    0.012033
     0.79195     0.60909    -0.43979   0.0028372
     0.76498     0.43497  -0.0049517    0.011723
     0.76498     0.43497  -0.0049517    0.011723
     0.76498     0.43497  -0.0049517    0.011723
     0.60777     0.72739    -0.33505   0.0035318
     0.60777     0.72739    -0.33505   0.0035318
     0.80169     0.82575    -0.24769    0.010485
     0.82872     0.53255    -0.37124   0.0050661
     0.86644     0.73124    -0.34603   0.0082102
     0.91322     0.86396   0.0091759    0.019068
     0.81619      1.0321     0.20498    0.029009
     0.66209     0.94581    -0.15976     0.01537
     0.82005     0.75461    -0.35656   0.0074809
     0.97557     0.68885    -0.26536   0.0084761
      1.1249     0.64505    0.057895    0.011328
      1.1249     0.64505    0.057895    0.011328
     0.96406      0.4167     0.20374    0.011802
     0.96751      0.4946    -0.17295   0.0054145
     0.81498     0.48438    -0.22795   0.0074045
     0.81498     0.48438    -0.22795   0.0074045
     0.59594     0.70409    -0.32349   0.0038741
     0.71868      0.6089    -0.42076   0.0023693
     0.90176     0.45796   -0.062603   0.0084377
      1.0399     0.74903  -0.0083258    0.016515
     0.96285     0.79709   -0.066563    0.012983
     0.72371      0.9105     -0.1318    0.016457
      0.9473     0.77738    -0.16566    0.012708
     0.85883      0.9037  -0.0075079    0.020142
     0.97271     0.76187    -0.11927    0.015519
     0.97271     0.76187    -0.11927    0.015519
     0.97271     0.76187    -0.11927    0.015519
     0.97271     0.76187    -0.11927    0.015519
     0.97271     0.76187    -0.11927    0.015519
     0.73794     0.49087    -0.26697   0.0063639
     0.92986     0.51321    -0.25564   0.0053052
     0.94687     0.52833    -0.28028   0.0041606
      1.0005     0.54177     -0.2323   0.0037832
      1.0005     0.54177     -0.2323   0.0037832
      1.0005     0.54177     -0.2323   0.0037832
     0.99547     0.69687    -0.20406   0.0099544
     0.71782     0.99536   -0.057236    0.021632
     0.71782     0.99536   -0.057236    0.021632
     0.69236     0.74609    -0.35975   0.0044485
     0.76334      0.7655     -0.3533   0.0064933
     0.93859     0.56203    -0.33734   0.0030381
     0.93859     0.56203    -0.33734   0.0030381
     0.93859     0.56203    -0.33734   0.0030381
     0.93859     0.56203    -0.33734   0.0030381
     0.93859     0.56203    -0.33734   0.0030381
     0.94631     0.48584    -0.15268   0.0066795
     0.94631     0.48584    -0.15268   0.0066795
     0.94631     0.48584    -0.15268   0.0066795
     0.84204     0.60794     -0.4399   0.0028864
     0.88914     0.60391    -0.41732    0.002774
     0.88914     0.60391    -0.41732    0.002774
      1.1084     0.45538     0.15048   0.0056851
      0.9047     0.74852    -0.26335    0.010224
     0.73656       0.505     -0.3047   0.0063771
     0.73656       0.505     -0.3047   0.0063771
     0.73656       0.505     -0.3047   0.0063771
     0.50409     0.61453    -0.18968   0.0041446
     0.35251     0.60164    0.046077   0.0070515
     0.16526     0.63436     0.17795   0.0072984
     0.16526     0.63436     0.17795   0.0072984
     0.14496     0.66613      0.1127   0.0075043
   -0.033803     0.63043     0.23947   0.0079293
     0.12014     0.83835    -0.15702   0.0054242
     0.12014     0.83835    -0.15702   0.0054242
    -0.17194     0.64827     0.15015   0.0069244
    -0.18291     0.55469     0.39229   0.0099419
    -0.29242     0.39547     0.67305    0.010742
  -0.0095561     0.57136     0.43379    0.010439
  -0.0095561     0.57136     0.43379    0.010439
     0.11237     0.59106     0.32141   0.0085563
     0.40188     0.84123    -0.24628   0.0052449
     0.22843     0.93741    -0.24281   0.0064356
      0.2382     0.96907    -0.24875   0.0068333
     0.38536     0.95355    -0.25638   0.0069682
     0.50543     0.86241    -0.28167   0.0058772
     0.30454     0.72893   -0.099995   0.0060147
     0.30454     0.72893   -0.099995   0.0060147
     0.30454     0.72893   -0.099995   0.0060147
     0.31463     0.71684   -0.088874   0.0059702
     0.54698      0.9831    -0.20481    0.012188
     0.54698      0.9831    -0.20481    0.012188
     0.39834       1.168    0.028773    0.018339
     0.39834       1.168    0.028773    0.018339
      0.3964      1.4102     0.92134    0.055553
      0.3964      1.4102     0.92134    0.055553
     0.45682      1.2026      0.1803    0.032093
     0.42909      1.3342     0.58045    0.051028
     0.56616      1.2575     0.46864    0.042524
     0.27589      1.1596   -0.033724    0.027717
     0.27589      1.1596   -0.033724    0.027717
     0.22284      1.1166     -0.1854    0.014385
     0.22284      1.1166     -0.1854    0.014385
    0.077438       1.226    0.022519    0.022907
    0.077438       1.226    0.022519    0.022907
       0.254       1.295     0.13261    0.026319
    0.049305      1.2731      0.1154    0.032733
    -0.11288      1.0587     -0.2213    0.013133
    -0.20099     0.96808    -0.23504   0.0074841
   -0.068458     0.72094     0.02667   0.0071603
    -0.18888      0.7626   -0.075872    0.006248
    -0.28325     0.53843     0.27746   0.0085484
   0.0041532     0.67525     0.13168   0.0079105
    0.083539     0.65719     0.16592   0.0080488
      0.2578     0.55556     0.28697   0.0094302
     0.31356     0.42345     0.52501   0.0094574
      0.3563     0.68808   -0.078664   0.0053577
     0.11072     0.90481    -0.21612   0.0052698
     0.13579      0.8628    -0.19437   0.0054517
    -0.16086     0.74116   -0.033412   0.0059865
    -0.16086     0.74116   -0.033412   0.0059865
    -0.40626     0.67971    -0.12483    0.005643
    -0.70469     0.71379    -0.38088   0.0049201
    -0.74197     0.41537      0.1518    0.013406
     -1.0113     0.67496    -0.19065   0.0096966
    -0.75879     0.55309    -0.40494   0.0035871
    -0.75879     0.55309    -0.40494   0.0035871
    -0.65885      0.4734    -0.19651   0.0075041
    -0.67368     0.45953    -0.14361   0.0080568
    -0.49707     0.51686    -0.10638   0.0050785
    -0.49707     0.51686    -0.10638   0.0050785
    -0.49707     0.51686    -0.10638   0.0050785
    -0.75771     0.79028    -0.32564   0.0071184
    -0.90994     0.51038    -0.27003   0.0050752
      -0.701     0.55559    -0.38305   0.0037435
    -0.78075     0.41104     0.22478    0.012516
    -0.78075     0.41104     0.22478    0.012516
    -0.73818     0.60613    -0.43152   0.0023632
    -0.89309     0.79031    -0.17204    0.014684
    -0.89309     0.79031    -0.17204    0.014684
    -0.89309     0.79031    -0.17204    0.014684
     -1.0323     0.58834    -0.22367   0.0059204
    -0.76533     0.61132    -0.44276   0.0023465
    -0.88005      0.3819     0.46218    0.016134
    -0.98811     0.56187    -0.27115   0.0035279
    -0.98811     0.56187    -0.27115   0.0035279
     -1.0477     0.68853     -0.1017    0.011854
     -1.0915     0.90685     0.78895    0.035795
     -1.0915     0.90685     0.78895    0.035795
     -1.0915     0.90685     0.78895    0.035795
     -1.2134        0.63     0.37745    0.015454
     -1.2134        0.63     0.37745    0.015454
     -1.0313      0.3595     0.66391     0.01779
     -1.0969     0.37193     0.57744    0.014471
    -0.93016     0.51395    -0.24607   0.0049406
    -0.74072     0.77901    -0.32931   0.0084314
      -0.597     0.98676    -0.16136    0.015726
    -0.75243     0.78231     -0.3108    0.010147
    -0.75243     0.78231     -0.3108    0.010147
     -0.7389      1.0046    0.012773    0.023293
    -0.72937      1.0001    -0.02709    0.016968
    -0.69044     0.95649    -0.14621    0.013582
    -0.86492     0.73145    -0.32454   0.0079538
    -0.67841     0.75454     -0.3536   0.0053552
    -0.80071     0.78185    -0.30244     0.00849
    -0.80071     0.78185    -0.30244     0.00849
    -0.80071     0.78185    -0.30244     0.00849
    -0.73164     0.51103    -0.33274   0.0058865
    -0.99698     0.67602    -0.21152   0.0096026
     -1.2336     0.79627      1.0526    0.031144
     -1.2336     0.79627      1.0526    0.031144
     -1.2336     0.79627      1.0526    0.031144
     -1.2336     0.79627      1.0526    0.031144
    -0.97633     0.77877   -0.092884    0.013658
    -0.97633     0.77877   -0.092884    0.013658
    -0.97633     0.77877   -0.092884    0.013658
    -0.98847     0.73689    -0.16709    0.013023
    -0.98847     0.73689    -0.16709    0.013023
    -0.95635     0.50013    -0.19923   0.0052931
     -1.1071     0.42233     0.27638    0.007918
     -1.2966     0.46361     0.62871   0.0087138
     -1.2966     0.46361     0.62871   0.0087138
     -1.3045     0.55016      0.6691    0.013059
     -1.3045     0.55016      0.6691    0.013059
     -1.0072      0.5259    -0.19566    0.003856
     -0.8183      0.5346    -0.36975   0.0038975
    -0.89041     0.44961   -0.036215   0.0097085
    -0.88033     0.47295    -0.15705   0.0074972
    -0.99364     0.49557    -0.13073   0.0052553
     -1.2328     0.71857     0.68088    0.023901
     -1.2328     0.71857     0.68088    0.023901
     -1.2328     0.71857     0.68088    0.023901
    -0.96383     0.53706    -0.26843   0.0037128
    -0.93407     0.48114     -0.1507   0.0063524
    -0.67657     0.69345    -0.38739   0.0029946
     -0.9695     0.49985    -0.18241    0.004722
     -0.8426     0.53986    -0.37945   0.0041333
     -0.8426     0.53986    -0.37945   0.0041333
     -0.8426     0.53986    -0.37945   0.0041333
     -1.0741     0.75876     0.11628    0.016275
     -1.0741     0.75876     0.11628    0.016275
     -1.2475     0.72349     0.80426    0.026349
     -1.2475     0.72349     0.80426    0.026349
     -1.2311     0.76883     0.89686    0.027186
     -1.2311     0.76883     0.89686    0.027186
     -1.0497     0.57531     -0.1852   0.0052879
    -0.89353     0.74817     -0.2714   0.0096491
    -0.89353     0.74817     -0.2714   0.0096491
    -0.91996     0.82944   -0.087274     0.01526
    -0.91996     0.82944   -0.087274     0.01526
    -0.91996     0.82944   -0.087274     0.01526
     -1.0257     0.64285    -0.20978   0.0090409
    -0.90817     0.46322   -0.095244   0.0076868
     -1.0591     0.32305      1.1014    0.024575
     -1.0591     0.32305      1.1014    0.024575
     -1.3183     0.54572      0.7258    0.014507
     -1.3183     0.54572      0.7258    0.014507
     -1.3183     0.54572      0.7258    0.014507
     -1.2303     0.43253     0.48673   0.0079205
     -1.2303     0.43253     0.48673   0.0079205
     -1.2751      0.6957      0.8856    0.021667
     -1.2751      0.6957      0.8856    0.021667
     -1.1565     0.95033      1.3575    0.052691
    -0.95311      1.0884     0.96754    0.057336
    -0.95311      1.0884     0.96754    0.057336
    -0.95311      1.0884     0.96754    0.057336
    -0.70269     0.99629   -0.087736    0.015296
    -0.41232      1.0241    -0.22928    0.012807
     -0.6589     0.81726    -0.30589   0.0070381
    -0.84134     0.65713    -0.42723   0.0042719
    -0.91946     0.44506  -0.0039261   0.0091039
    -0.91946     0.44506  -0.0039261   0.0091039
    -0.82715     0.48868    -0.24738   0.0067166
    -0.99096     0.70449    -0.20459   0.0098542
    -0.82892      0.6592    -0.42722   0.0035505
    -0.82892      0.6592    -0.42722   0.0035505
    -0.65647     0.50301    -0.27687   0.0053452
    -0.73695     0.63571    -0.43034   0.0024537
    -0.61916       0.483    -0.21228   0.0065898
    -0.39593     0.68764    -0.12316   0.0058155
    -0.38899     0.51604      0.1271   0.0070729
     -0.4284     0.66781    -0.14267   0.0051234
    -0.41911     0.54542    0.020388   0.0063808
    -0.54099     0.63586    -0.25658   0.0038917
     -0.7397     0.72665    -0.38275   0.0055126
    -0.55483      1.0208    -0.14498    0.016237
    -0.26418      1.2477     0.10229    0.023289
   -0.075716     0.95167    -0.24306     0.00597
    -0.21438      1.2025    0.003252    0.023848
    -0.47517      1.1017   -0.068401    0.015757
     -0.7154      1.0066   -0.026469    0.021527
    -0.66844     0.71306    -0.37336   0.0033917
    -0.67244     0.48232    -0.24133   0.0069824
    -0.59819     0.56797    -0.28924   0.0034549
    -0.59819     0.56797    -0.28924   0.0034549
    -0.49425     0.59545    -0.16663   0.0052075
    -0.49425     0.59545    -0.16663   0.0052075
     -0.3227     0.48478     0.33706   0.0078655
    -0.13376      0.6218     0.24228   0.0083794
    -0.11214     0.75892   -0.050993   0.0051652
    0.053559     0.98752    -0.24023   0.0066292
    0.053559     0.98752    -0.24023   0.0066292
   -0.098159      1.0946    -0.18236      0.0121
    -0.30767      1.1274    -0.10901    0.018055
    -0.18706      1.2625     0.11718    0.025119
    -0.18706      1.2625     0.11718    0.025119
    -0.15361     0.96911    -0.25694   0.0057042
    -0.24678     0.78479    -0.14166   0.0056656
    -0.54244      1.0602   -0.080386    0.019395
    -0.44015      1.1792    0.046869    0.027231
    -0.52615     0.91427    -0.25751   0.0083539
    -0.63721      0.6858    -0.35819   0.0034004
    -0.80438      0.7309    -0.35747   0.0079489
    -0.56062     0.77694    -0.30363   0.0044604
    -0.62862     0.85986     -0.2906    0.007925
    -0.52851     0.84778    -0.28885   0.0056496
    -0.66213     0.82759    -0.29852   0.0086288
    -0.36403      1.1214    -0.11453    0.019367
    -0.11251      1.1032    -0.20548    0.012694
    -0.37702     0.98066    -0.23899    0.015545
    -0.66643     0.96984    -0.11954    0.015126
    -0.51766     0.71087    -0.26232   0.0044766
    -0.26782     0.76347    -0.12029   0.0048251
    -0.56681     0.84882    -0.29452   0.0070767
    -0.61908     0.98004    -0.14077    0.015743
    -0.61908     0.98004    -0.14077    0.015743
    -0.90535     0.72593    -0.30189   0.0079165
    -0.86365     0.56876    -0.40686   0.0029532
     -1.0611     0.47818  -0.0003057   0.0053647
     -1.0611     0.47818  -0.0003057   0.0053647
     -1.2813     0.72384      1.0469      0.0291
     -1.2475     0.53028      0.3759   0.0084308
     -1.2891     0.55609     0.58267    0.011579
     -1.2891     0.55609     0.58267    0.011579
     -1.2891     0.55609     0.58267    0.011579
     -1.0854      0.4108     0.31409    0.010765
     -1.0854      0.4108     0.31409    0.010765
     -1.0854      0.4108     0.31409    0.010765
     -1.0854      0.4108     0.31409    0.010765
     -1.3517     0.49699     0.85595     0.01224
     -1.1904     0.45286     0.31549   0.0067834
     -1.2016     0.46778     0.30825   0.0064393
     -1.1058     0.39773     0.39007    0.012248
    -0.89249      0.5936    -0.40451    0.003731
    -0.86781     0.86449   -0.079698    0.017202
    -0.75125      1.0182    0.019921    0.022301
    -0.57791     0.91013    -0.26078   0.0076553
    -0.64031     0.65989    -0.36013    0.002896
    -0.43769     0.70238     -0.1724   0.0052667
    -0.39552     0.57311    0.018414   0.0068025
      -0.279     0.36851     0.84646    0.011831
      -0.279     0.36851     0.84646    0.011831
    -0.29648     0.41005      0.6141   0.0092107
    -0.29648     0.41005      0.6141   0.0092107
   -0.077463     0.59868     0.34891   0.0097275
   -0.077463     0.59868     0.34891   0.0097275
     0.19286     0.71303  -0.0034193   0.0064524
    0.046156     0.81919    -0.14154   0.0053183
   -0.042716     0.67814     0.12752   0.0066149
    -0.25621     0.59079     0.20219    0.008914
    -0.11213     0.73034  -0.0080003   0.0071212
     -0.2414      1.0206    -0.25014    0.011663
    -0.52889     0.73345    -0.27694   0.0039306
    -0.49083     0.76288    -0.25939   0.0045295
    -0.69556     0.74627    -0.37471   0.0045972
    -0.80673     0.75614    -0.34276   0.0087105
    -0.65678     0.66336    -0.37635   0.0029103
    -0.71052     0.83895    -0.28237   0.0083656
    -0.71052     0.83895    -0.28237   0.0083656
    -0.71052     0.83895    -0.28237   0.0083656
    -0.42867      1.0434    -0.17297    0.013558
    -0.23486     0.99366    -0.24941   0.0064137
    0.010278     0.69703    0.098459   0.0064768
   -0.071527     0.91955    -0.22557   0.0047805
    -0.19154      1.1014    -0.18082    0.011331
     -0.2341     0.84981    -0.20145   0.0046005
   0.0059882      1.1461     -0.1762    0.013579
    -0.28194      1.3852     0.66139    0.054392
   -0.063134      1.2564    0.021399    0.026261
   -0.063134      1.2564    0.021399    0.026261
    0.099733      1.0772    -0.21407    0.011732
   -0.015568      1.0469    -0.24944   0.0084558
    -0.11515      1.2802     0.15668    0.028865
      -0.091      1.1199    -0.18673    0.014957
     -0.1562      1.1283    -0.15442    0.023498
     -0.1562      1.1283    -0.15442    0.023498
    -0.33691      1.0317     -0.2356   0.0097159
    -0.53244      1.2177     0.27702    0.032666
    -0.36857      1.0557    -0.19862    0.014442
    -0.17183      1.0191    -0.25594   0.0070078
    -0.27783      1.2793     0.20792    0.039089
   -0.061963       1.119    -0.18776    0.015134
    0.059283     0.97622    -0.24816   0.0059283
    -0.16663     0.75647   -0.053498   0.0060635
   -0.019758     0.93694    -0.23507    0.005533
      0.2132      1.1585   -0.075742    0.024398
   -0.054958      1.0642    -0.23982   0.0098607
    -0.29898      1.1531   -0.071064    0.021125
    -0.29898      1.1531   -0.071064    0.021125
     -0.0659      1.2198   -0.010521    0.022042
    0.020201      1.1184    -0.18713    0.018016
    0.020201      1.1184    -0.18713    0.018016
   -0.079201      1.1461    -0.14905    0.014654
     0.20491     0.91186    -0.23704   0.0059229
     0.34544     0.66188   -0.035306   0.0063363
     0.47341     0.88288    -0.27886   0.0075318
     0.39027     0.94574    -0.27211   0.0065687
     0.17503      1.0153    -0.24976   0.0081411
    0.065563      1.1648    -0.11287    0.017702
     0.17927      1.2666     0.12918    0.030591
     0.36956      1.1567   -0.064501    0.019436
     0.47695     0.99452     -0.2107    0.013308
     0.47695     0.99452     -0.2107    0.013308
     0.51365     0.90886    -0.27075   0.0081309
     0.32444     0.96238    -0.24789   0.0082586
     0.44462      1.0827    -0.13419    0.020156
     0.49161      1.3449     0.65022    0.044778
     0.54175      1.2719     0.50375     0.04115
     0.54175      1.2719     0.50375     0.04115
     0.31814      1.4069     0.83269    0.053603
    0.094492      1.1161    -0.19692    0.011624
     0.12317     0.97856    -0.25663   0.0060503
     0.32681     0.79742    -0.18811    0.005116
     0.20724     0.88313    -0.20535   0.0062229
    0.071157     0.86723    -0.19917   0.0061299
      -0.148      1.1503    -0.15328    0.012357
      -0.148      1.1503    -0.15328    0.012357
    -0.15362     0.87232    -0.19743   0.0053404
    -0.37734     0.86668    -0.25258    0.004396
    -0.27474      1.0109    -0.24956   0.0077275
    -0.47177      1.0855    -0.08265     0.01819
    -0.42586      1.1753    0.063327    0.027257
    -0.25254       1.036    -0.24426   0.0080378
     -0.3076     0.74244    -0.11219   0.0057475
   -0.023229     0.69206    0.092582   0.0066335
   -0.073967     0.78672   -0.086503   0.0057989
    0.018353     0.66489     0.16551   0.0070556
    0.018353     0.66489     0.16551   0.0070556
    -0.12232     0.89016    -0.20941   0.0049004
    -0.12232     0.89016    -0.20941   0.0049004
    -0.12232     0.89016    -0.20941   0.0049004
    0.050584     0.73446    0.006709   0.0063241
    0.098813     0.86007    -0.18298   0.0048637
     0.28556     0.73811   -0.094821   0.0059676
   0.0071266     0.55303     0.50863    0.010058
     0.30612     0.52222     0.28102    0.008359
     0.17994      0.5277     0.49527    0.010516
   -0.074976       0.775   -0.074234   0.0056931
    -0.31088      1.0643    -0.20142    0.011638
    -0.31088      1.0643    -0.20142    0.011638
    -0.31088      1.0643    -0.20142    0.011638
    -0.21176      1.1182    -0.18797      0.0124
    -0.41131      1.2297     0.13813    0.028259
    -0.41131      1.2297     0.13813    0.028259
    -0.15464     0.94044    -0.24298   0.0061205
    -0.18057      1.1728    -0.11288    0.017173
   -0.081313      1.1254    -0.18464    0.012454
   -0.058506      1.2477    0.022739    0.022915
    -0.23772      1.0924    -0.19186    0.013285
    -0.29333      1.1902   -0.022695    0.019967
    -0.20334      1.3336     0.26033    0.031882
    -0.20334      1.3336     0.26033    0.031882
    -0.19531      1.0439    -0.23524   0.0076585
      -0.122     0.82759     -0.1505   0.0050992
    -0.19008      1.1156    -0.18936    0.012547
    -0.10284     0.92847    -0.23449   0.0049185
     0.15422      1.1613    -0.14379    0.013774
     0.16885     0.92493    -0.23323   0.0060892
     0.44077     0.93608    -0.25718   0.0083438
      0.3549     0.82681    -0.21889   0.0041437
    0.088646     0.77815   -0.079649   0.0062236
     0.20421     0.76816   -0.092129   0.0055441
     0.20421     0.76816   -0.092129   0.0055441
     0.47315     0.69568    -0.21246   0.0043254
     0.59355     0.63134    -0.31296   0.0033783
     0.65755     0.69887    -0.36651   0.0039301
     0.65755     0.69887    -0.36651   0.0039301
     0.68326     0.71299    -0.38243   0.0038443
     0.89505     0.78536    -0.21114     0.01172
      0.9445     0.65358    -0.33724   0.0065445
      0.8487     0.46691    -0.14329   0.0092075
      0.8487     0.46691    -0.14329   0.0092075
      0.8487     0.46691    -0.14329   0.0092075
      1.0352     0.56812    -0.19683   0.0042035
      1.0352     0.56812    -0.19683   0.0042035
      1.0352     0.56812    -0.19683   0.0042035
     0.92681     0.50656     -0.2424   0.0050151
     0.63548     0.42565      0.0171    0.010351
     0.56701     0.41789    0.065437   0.0088134
     0.56701     0.41789    0.065437   0.0088134
     0.56701     0.41789    0.065437   0.0088134
     0.56701     0.41789    0.065437   0.0088134
     0.79394     0.55858    -0.41667   0.0033137
     0.79394     0.55858    -0.41667   0.0033137
     0.79394     0.55858    -0.41667   0.0033137
     0.79394     0.55858    -0.41667   0.0033137
      1.0817     0.46542    0.082774   0.0059921
      1.0817     0.46542    0.082774   0.0059921
      1.0817     0.46542    0.082774   0.0059921
      1.0817     0.46542    0.082774   0.0059921
      1.2144     0.52426     0.28944   0.0080168
      1.2144     0.52426     0.28944   0.0080168
      0.9266     0.52003    -0.28568    0.004687
     0.94242     0.60143    -0.36257   0.0042806
     0.67463     0.87604    -0.24544    0.011182
     0.48562     0.69257     -0.2217   0.0043649
     0.44289     0.69089    -0.17886    0.004813
     0.44289     0.69089    -0.17886    0.004813
     0.58219     0.67139    -0.30276   0.0029748
     0.58727     0.40529     0.13302    0.010282
     0.58727     0.40529     0.13302    0.010282
     0.58727     0.40529     0.13302    0.010282
     0.71727     0.70122      -0.395   0.0039584
     0.94174     0.69003     -0.3182   0.0077412
      0.8069     0.67029     -0.4165   0.0054246
     0.64486     0.79478    -0.32157   0.0061995
     0.64486     0.79478    -0.32157   0.0061995
     0.38904     0.83912    -0.23683   0.0044696
     0.60603      1.0845   -0.047292    0.019683
     0.69965      1.1422     0.32762    0.034226
     0.43572     0.88687     -0.2667   0.0067794
     0.43572     0.88687     -0.2667   0.0067794
     0.71299     0.76914    -0.35168   0.0060294
      0.9155     0.88047    0.027869    0.020029
      0.7276       1.053     0.11764    0.027996
     0.61919     0.95069    -0.19265    0.013697
     0.79344     0.83761    -0.23754     0.01441
     0.97637     0.66692    -0.28006   0.0082589
      1.0851     0.62992   -0.076729    0.010125
     0.91704     0.53875    -0.32749    0.004653
     0.78092     0.46952    -0.18745   0.0073146
     0.53653     0.54254    -0.18763   0.0043033
     0.79101     0.76031    -0.34176   0.0085771
     0.79101     0.76031    -0.34176   0.0085771
     0.87745      0.6804    -0.38563   0.0058897
     0.77922     0.68445    -0.41293   0.0042381
     0.52092     0.75582    -0.27383    0.005113
     0.40331     0.77064    -0.21631   0.0049529
     0.11714     0.68947    0.068226   0.0071825
   0.0099833     0.73046   0.0097103   0.0068126
    0.089031     0.67265     0.13051   0.0071962
    0.089031     0.67265     0.13051   0.0071962
   -0.003873     0.87093    -0.18409   0.0052393
     0.19379      1.0653    -0.21392    0.010753
    0.078384      1.2845       0.121    0.028365
   -0.066177      1.0219    -0.24238   0.0082029
    -0.33824     0.80217    -0.20157   0.0051764
    -0.51775     0.82654    -0.27667   0.0059469
    -0.44995     0.59787   -0.094326   0.0052461
    -0.32821     0.83707     -0.2253   0.0039772
    -0.16724     0.85815    -0.18347    0.005463
    -0.24727      0.9811    -0.25877   0.0072074
    -0.24727      0.9811    -0.25877   0.0072074
    -0.28429     0.75977    -0.12144   0.0053208
      -0.548     0.76667     -0.3033   0.0039212
    -0.42409     0.54062    0.014797   0.0057989
    -0.36492     0.37472     0.48652   0.0090807
    -0.12906     0.50367     0.64396     0.01123
    -0.17065     0.41627     0.99105    0.014941
    -0.36856     0.71108    -0.12587   0.0051306
    -0.36856     0.71108    -0.12587   0.0051306
    -0.14259     0.90338    -0.22888   0.0046123
    -0.40154     0.76469    -0.20688   0.0045189
    -0.10531     0.71769    0.023378   0.0065657
    -0.02814     0.64373     0.23131   0.0072835
    -0.02814     0.64373     0.23131   0.0072835
     0.21513     0.76305   -0.096594   0.0059401
     0.24877      0.8087    -0.16202   0.0048914
     0.24877      0.8087    -0.16202   0.0048914
     0.47574      1.0963   -0.080254    0.018863
      0.3339     0.80013    -0.19586   0.0051682
     0.39849     0.53425    0.079828   0.0062212
     0.39849     0.53425    0.079828   0.0062212
     0.14863      0.4293     0.94546    0.015582
     0.14863      0.4293     0.94546    0.015582
     0.19988     0.49642     0.57811    0.010432
     0.19988     0.49642     0.57811    0.010432
     0.39558     0.44535     0.22503   0.0072029
     0.39558     0.44535     0.22503   0.0072029
     0.39558     0.44535     0.22503   0.0072029
     0.39558     0.44535     0.22503   0.0072029
     0.39558     0.44535     0.22503   0.0072029
     0.51825     0.64423    -0.23704   0.0042182
     0.66755     0.56417       -0.36   0.0032997
      0.9477     0.78274    -0.12581    0.012869
      0.9477     0.78274    -0.12581    0.012869
     0.91708     0.50296     -0.2347   0.0055798
     0.91708     0.50296     -0.2347   0.0055798
     0.91708     0.50296     -0.2347   0.0055798
     0.85936     0.48978    -0.22823    0.007156
      1.0719     0.65799   -0.078821    0.010564
     0.94448     0.77569    -0.14027    0.014288
     0.89267     0.60193    -0.41113    0.003227
     0.69016     0.75587    -0.34556   0.0051488
     0.42606      1.0099    -0.22152   0.0091337
     0.36658      1.1435    -0.01326    0.032409
     0.36658      1.1435    -0.01326    0.032409
     0.10466       1.369     0.35504    0.036053
     0.10466       1.369     0.35504    0.036053
   0.0055102      1.2683     0.10298    0.026617
    0.024042      1.0105    -0.25013   0.0074842
     0.20177       1.085    -0.18589    0.014133
   0.0081206     0.78742   -0.078299    0.006111
   0.0084149     0.85187    -0.17367   0.0049838
    -0.16936     0.81046    -0.13822   0.0052756
    -0.33921     0.84044    -0.22765   0.0045463
    -0.35379     0.65839   -0.030851   0.0057735
   -0.082404     0.86287    -0.19166   0.0055245
   -0.082404     0.86287    -0.19166   0.0055245
    -0.17198     0.61372     0.22219   0.0081494
    -0.17198     0.61372     0.22219   0.0081494
    -0.18758     0.38166      1.1428    0.017115
    -0.41199     0.45803     0.16461   0.0068152
    -0.41199     0.45803     0.16461   0.0068152
    -0.41199     0.45803     0.16461   0.0068152
    -0.50474     0.28638       1.704    0.032809
    -0.33722     0.32838     0.76229     0.01391
    -0.43447     0.56787   -0.035892   0.0063521
    -0.52917     0.84239    -0.27463   0.0081536
    -0.34932     0.68225   -0.066502   0.0059631
    -0.63413     0.54442    -0.31474   0.0043385
    -0.61758     0.82771    -0.30583   0.0072594
    -0.61758     0.82771    -0.30583   0.0072594
    -0.88625       0.878   -0.019923    0.020129
     -1.1688     0.66671     0.25664    0.014142
     -1.1688     0.66671     0.25664    0.014142
     -0.9731     0.43655    0.090912   0.0092902
     -1.1248     0.50853    0.049703   0.0042816
      -1.015     0.77137   0.0079201    0.020337
      -1.015     0.77137   0.0079201    0.020337
    -0.82393     0.66672    -0.41767   0.0047348
    -0.68099     0.68737    -0.38595   0.0033539
    -0.58825     0.75478    -0.31049    0.003856
    -0.66068     0.64535     -0.3762    0.002252
    -0.37655     0.86034    -0.24893    0.004494
    -0.41427     0.96722    -0.25576   0.0081159
    -0.59614      1.2116     0.38001    0.043125
     -0.6228      1.2153     0.47508    0.039149
    -0.81426      1.0459     0.30257    0.029974
    -0.89437      1.2791      1.6707    0.066273
    -0.89437      1.2791      1.6707    0.066273
    -0.95318      1.1537      1.2206    0.053701
     -1.2119      1.2155      3.4488     0.10818
     -1.2119      1.2155      3.4488     0.10818
     -1.2119      1.2155      3.4488     0.10818
     -1.2119      1.2155      3.4488     0.10818
    -0.94356      1.3612      2.5372    0.096126
    -0.66181      1.4841      2.1506     0.11195
    -0.95279      1.4051      3.0399     0.12921
    -0.67535      1.2608     0.72867    0.052082
    -0.67718       1.001    -0.06751    0.020243
     -0.5695      1.1504     0.10328    0.024579
    -0.47032      1.3676     0.71776    0.058636
    -0.47032      1.3676     0.71776    0.058636
    -0.36041      1.0839    -0.14737    0.016197
    -0.36041      1.0839    -0.14737    0.016197
     -0.4012      1.1746    0.012259    0.026948
     -0.4012      1.1746    0.012259    0.026948
    -0.53683       1.138    0.029082    0.021734
    -0.53683       1.138    0.029082    0.021734
    -0.38847      1.2728     0.23964    0.042333
    -0.19213      1.2908     0.21887    0.037435
    -0.19213      1.2908     0.21887    0.037435
    -0.21701      1.2529     0.10769    0.029125
    0.019634      1.0565    -0.24462   0.0090581
    -0.23803      1.1741   -0.065928    0.022523
    -0.23803      1.1741   -0.065928    0.022523
    -0.11219      1.0366    -0.23337   0.0087193
    -0.11219      1.0366    -0.23337   0.0087193
     0.13903     0.79249    -0.10162   0.0053489
      0.2276      1.0162    -0.22837    0.014603
     0.46116     0.95862    -0.25782   0.0075219
     0.60819      0.8898     -0.2688   0.0088459
     0.58143      1.1399    0.098635    0.030176
