     ACCEPTANCE:
      0.77228
      0.77451
       0.7767
      0.77885
      0.78095
      0.78302
      0.78505
      0.78704
      0.77982
      0.78182
      0.78378
      0.78571
      0.78761
      0.78947
       0.7913
      0.78448
      0.78632
      0.78814
      0.78992
      0.78333
      0.77686
      0.77869
      0.78049
      0.77419
        0.776
      0.77778
      0.77165
      0.77344
      0.77519
      0.77692
      0.77863
       0.7803
      0.78195
      0.78358
      0.78519
      0.78676
      0.78832
      0.78986
      0.79137
      0.79286
      0.78723
      0.78169
      0.78322
      0.78472
      0.78621
      0.78082
      0.78231
      0.78378
      0.78523
      0.78667
      0.78808
      0.78947
      0.79085
      0.79221
      0.79355
      0.79487
      0.78981
      0.79114
      0.79245
      0.79375
      0.79503
       0.7963
      0.79755
      0.79878
          0.8
      0.79518
      0.79641
      0.79762
      0.79882
          0.8
      0.80117
      0.80233
      0.80347
       0.8046
      0.80571
      0.80682
      0.80791
      0.80899
      0.81006
      0.81111
      0.81215
      0.80769
      0.80874
      0.80978
      0.81081
      0.81183
      0.81283
      0.81383
      0.80952
      0.81053
      0.80628
      0.80208
      0.79793
      0.79897
      0.79487
      0.79082
      0.79188
      0.79293
      0.79397
        0.795
      0.79602
      0.79703
      0.79803
      0.79902
          0.8
      0.80097
      0.80193
      0.80288
      0.80383
      0.80476
      0.80095
      0.80189
      0.80282
      0.79907
      0.79535
       0.7963
      0.79263
      0.79358
      0.79452
      0.79545
      0.79638
       0.7973
      0.79821
      0.79911
      0.79556
      0.79646
      0.79736
      0.79825
      0.79913
          0.8
      0.79654
      0.79741
      0.79828
      0.79915
          0.8
      0.80085
      0.80169
      0.80252
      0.80335
          0.8
      0.80083
      0.80165
      0.80247
      0.80328
          0.8
      0.80081
      0.80162
      0.80242
       0.7992
          0.8
       0.8008
      0.80159
      0.79842
      0.79921
          0.8
      0.80078
      0.80156
      0.80233
      0.80309
          0.8
      0.80077
      0.80153
      0.80228
      0.79924
      0.79623
      0.79699
      0.79775
      0.79851
      0.79926
       0.7963
      0.79705
      0.79779
      0.79853
      0.79927
          0.8
       0.7971
      0.79422
      0.79496
      0.79211
      0.78929
      0.79004
      0.79078
      0.78799
      0.78873
      0.78947
      0.78671
      0.78746
      0.78819
      0.78893
      0.78966
      0.79038
       0.7911
       0.7884
      0.78571
      0.78644
      0.78716
      0.78788
      0.78859
       0.7893
      0.78667
      0.78738
      0.78808
      0.78878
      0.78947
      0.79016
      0.79085
      0.79153
      0.78896
      0.78641
      0.78387
      0.78135
      0.77885
      0.77955
      0.77707
      0.77778
      0.77848
      0.77603
      0.77673
      0.77743
      0.77812
      0.77882
       0.7764
      0.77399
       0.7716
      0.77231
      0.77301
       0.7737
      0.77134
        0.769
      0.76667
      0.76737
      0.76506
      0.76577
      0.76347
      0.76418
      0.76488
      0.76261
      0.76036
      0.76106
      0.76176
      0.76246
      0.76023
      0.76093
      0.75872
      0.75652
      0.75723
      0.75793
      0.75575
      0.75645
      0.75714
      0.75783
      0.75852
      0.75921
      0.75706
      0.75775
      0.75843
       0.7591
      0.75978
      0.76045
      0.76111
      0.76177
      0.76243
      0.76309
      0.76374
      0.76438
       0.7623
      0.76294
      0.76359
      0.76423
      0.76216
       0.7628
      0.76075
      0.76139
      0.75936
         0.76
      0.76064
      0.76127
       0.7619
      0.75989
      0.75789
      0.75853
      0.75916
      0.75718
      0.75781
      0.75844
      0.75648
      0.75711
      0.75773
      0.75835
      0.75897
      0.75959
       0.7602
      0.75827
      0.75635
      0.75443
      0.75505
      0.75315
      0.75126
      0.74937
         0.75
      0.75062
      0.74876
      0.74938
         0.75
      0.75062
      0.75123
      0.75184
      0.75245
      0.75306
      0.75366
      0.75426
      0.75485
      0.75545
      0.75604
      0.75422
      0.75481
       0.7554
      0.75598
      0.75418
      0.75476
      0.75534
      0.75355
      0.75414
      0.75236
      0.75294
      0.75117
      0.75176
         0.75
      0.75058
      0.75116
      0.75174
      0.75231
      0.75289
      0.75346
      0.75402
      0.75459
      0.75286
      0.75342
      0.75399
      0.75455
      0.75283
      0.75113
      0.75169
      0.75225
      0.75281
      0.75336
      0.75391
      0.75446
      0.75501
      0.75556
      0.75388
      0.75442
      0.75497
       0.7533
      0.75165
         0.75
      0.74836
      0.74672
       0.7451
      0.74348
      0.74403
      0.74242
      0.74082
      0.73922
      0.73978
      0.74034
      0.73876
      0.73932
      0.73987
      0.74043
      0.74098
      0.74153
      0.74207
      0.74262
      0.74316
       0.7416
      0.74004
      0.74059
      0.73904
      0.73958
      0.74012
      0.74066
       0.7412
      0.74174
      0.74227
       0.7428
      0.74333
      0.74385
      0.74233
      0.74286
      0.74338
       0.7439
      0.74239
      0.74291
      0.74343
      0.74395
      0.74447
      0.74498
      0.74549
        0.746
      0.74651
      0.74701
      0.74553
      0.74405
      0.74257
      0.74111
      0.74162
      0.74213
      0.74263
      0.74314
      0.74168
      0.74023
      0.74074
      0.74125
      0.73981
      0.74031
      0.74081
      0.74131
      0.73988
      0.73846
      0.73704
      0.73563
      0.73614
      0.73473
      0.73333
      0.73384
      0.73435
      0.73295
      0.73346
      0.73396
      0.73446
      0.73308
      0.73171
      0.73221
      0.73271
      0.73321
      0.73184
      0.73234
      0.73284
      0.73333
      0.73198
      0.73247
      0.73297
      0.73346
      0.73394
       0.7326
      0.73309
      0.73358
      0.73406
      0.73455
      0.73503
      0.73551
      0.73599
      0.73466
      0.73333
      0.73381
      0.73429
      0.73297
      0.73345
      0.73214
      0.73262
      0.73132
      0.73179
      0.73227
      0.73274
      0.73322
      0.73192
      0.73239
      0.73111
      0.73158
       0.7303
      0.73077
      0.73124
      0.73171
      0.73217
      0.73264
       0.7331
      0.73356
      0.73402
      0.73448
      0.73494
       0.7354
      0.73585
       0.7363
      0.73675
       0.7372
      0.73595
      0.73639
      0.73684
      0.73729
      0.73773
      0.73818
      0.73693
      0.73737
      0.73782
      0.73826
      0.73702
      0.73579
      0.73623
      0.73667
       0.7371
      0.73754
      0.73632
      0.73675
      0.73719
      0.73597
      0.73476
       0.7352
      0.73563
      0.73607
       0.7365
      0.73529
      0.73573
      0.73616
      0.73496
      0.73377
       0.7342
      0.73301
      0.73344
      0.73387
       0.7343
      0.73473
      0.73515
      0.73558
       0.7344
      0.73482
      0.73525
      0.73567
      0.73609
      0.73651
      0.73693
      0.73576
       0.7346
      0.73502
      0.73543
      0.73585
      0.73469
      0.73354
      0.73239
      0.73281
      0.73167
      0.73053
      0.73095
      0.72981
      0.73023
      0.73065
      0.73107
      0.72994
      0.73035
      0.72923
      0.72965
      0.73006
      0.73047
      0.73089
       0.7313
      0.73171
      0.73059
      0.72948
      0.72989
       0.7303
      0.73071
      0.73112
      0.73152
      0.73042
      0.72932
      0.72973
      0.72864
      0.72904
      0.72795
      0.72836
      0.72727
      0.72768
      0.72808
        0.727
      0.72741
      0.72633
      0.72526
      0.72566
      0.72607
      0.72647
       0.7254
      0.72581
      0.72474
      0.72368
      0.72409
      0.72303
      0.72344
      0.72238
      0.72279
      0.72319
      0.72214
       0.7211
       0.7215
       0.7219
       0.7223
       0.7227
       0.7231
      0.72206
      0.72246
      0.72286
      0.72325
      0.72222
      0.72262
      0.72301
       0.7234
       0.7238
      0.72419
      0.72458
      0.72496
      0.72535
      0.72574
      0.72612
      0.72651
      0.72689
      0.72727
      0.72765
      0.72803
      0.72841
      0.72879
      0.72917
      0.72816
      0.72853
      0.72752
       0.7279
      0.72828
      0.72865
      0.72902
      0.72802
       0.7284
      0.72877
      0.72914
      0.72814
      0.72851
      0.72888
      0.72925
      0.72962
      0.72999
      0.73035
      0.73072
      0.73108
      0.73144
      0.73181
      0.73217
      0.73253
      0.73289
      0.73324
       0.7336
      0.73396
      0.73431
      0.73467
      0.73502
      0.73404
       0.7344
      0.73475
       0.7351
      0.73413
      0.73448
      0.73483
      0.73518
      0.73421
      0.73325
       0.7336
      0.73263
      0.73168
      0.73072
      0.73107
      0.73142
      0.73177
      0.73212
      0.73247
      0.73281
      0.73316
      0.73351
      0.73385
      0.73419
      0.73454
      0.73488
      0.73393
      0.73427
      0.73333
      0.73367
      0.73274
      0.73308
      0.73342
      0.73376
       0.7341
      0.73443
      0.73477
      0.73511
      0.73544
      0.73578
      0.73611
      0.73644
      0.73678
      0.73585
      0.73492
      0.73526
      0.73559
      0.73592
      0.73625
      0.73658
      0.73691
      0.73724
      0.73756
      0.73789
      0.73697
       0.7373
      0.73762
      0.73795
      0.73827
      0.73859
      0.73768
      0.73801
      0.73833
      0.73865
      0.73897
      0.73929
      0.73961
      0.73993
      0.74024
      0.74056
      0.74088
      0.74119
       0.7415
      0.74061
      0.74092
      0.74123
      0.74034
      0.74065
      0.74096
      0.74128
      0.74159
       0.7419
      0.74221
      0.74251
      0.74282
      0.74313
      0.74344
      0.74255
      0.74286
      0.74316
      0.74347
      0.74377
      0.74408
       0.7432
       0.7435
       0.7438
       0.7441
      0.74441
      0.74471
      0.74501
      0.74531
      0.74443
      0.74473
      0.74503
      0.74533
      0.74562
      0.74592
      0.74622
      0.74651
      0.74681
       0.7471
      0.74739
      0.74653
      0.74682
      0.74596
       0.7451
      0.74539
      0.74568
      0.74598
      0.74627
      0.74656
      0.74685
      0.74714
      0.74743
      0.74658
      0.74572
      0.74601
       0.7463
      0.74545
      0.74574
      0.74603
      0.74632
      0.74661
      0.74689
      0.74718
      0.74746
      0.74662
      0.74691
      0.74719
      0.74747
      0.74776
      0.74804
      0.74832
       0.7486
      0.74888
      0.74916
      0.74944
      0.74861
      0.74889
      0.74917
      0.74945
      0.74862
      0.74889
      0.74917
      0.74945
      0.74972
       0.7489
      0.74807
      0.74835
      0.74753
      0.74671
      0.74699
      0.74726
      0.74754
      0.74672
      0.74591
       0.7451
      0.74538
      0.74457
      0.74376
      0.74295
      0.74323
      0.74242
      0.74162
      0.74082
       0.7411
       0.7403
      0.74058
      0.74086
      0.74114
      0.74142
      0.74169
       0.7409
      0.74118
      0.74145
      0.74066
      0.73987
      0.74015
      0.74043
       0.7407
      0.74098
      0.74019
      0.74047
      0.74074
      0.74101
      0.74129
      0.74051
      0.74078
      0.74105
      0.74132
       0.7416
      0.74187
      0.74214
      0.74241
      0.74268
      0.74295
      0.74322
      0.74348
      0.74271
      0.74298
      0.74324
      0.74351
      0.74378
      0.74404
      0.74431
      0.74457
       0.7438
      0.74407
      0.74433
      0.74459
      0.74486
      0.74512
      0.74538
      0.74564
       0.7459
      0.74616
      0.74642
      0.74566
      0.74592
      0.74618
      0.74644
      0.74669
      0.74695
      0.74721
      0.74746
      0.74671
      0.74696
      0.74722
      0.74747
      0.74773
      0.74698
      0.74723
      0.74748
      0.74673
      0.74699
      0.74724
      0.74749
      0.74675
        0.747
      0.74625
      0.74651
      0.74576
      0.74602
      0.74527
      0.74453
      0.74379
      0.74306
      0.74331
      0.74356
      0.74382
      0.74308
      0.74334
       0.7426
      0.74187
      0.74213
      0.74238
      0.74263
      0.74289
      0.74314
      0.74339
      0.74364
      0.74291
      0.74316
      0.74244
      0.74269
      0.74294
      0.74319
      0.74344
      0.74369
      0.74394
      0.74419
      0.74443
      0.74468
      0.74396
      0.74421
      0.74349
      0.74374
      0.74398
      0.74327
      0.74256
       0.7428
      0.74305
       0.7433
      0.74354
      0.74379
      0.74403
      0.74427
      0.74357
      0.74381
      0.74405
      0.74335
      0.74359
      0.74383
      0.74408
      0.74337
      0.74361
      0.74386
       0.7441
      0.74434
      0.74458
      0.74482
      0.74506
       0.7453
      0.74554
      0.74578
      0.74508
      0.74532
      0.74556
      0.74486
      0.74416
      0.74347
      0.74371
      0.74395
      0.74419
      0.74442
      0.74466
       0.7449
      0.74513
      0.74444
      0.74468
      0.74399
      0.74423
      0.74354
      0.74378
      0.74309
      0.74333
      0.74357
      0.74288
      0.74312
      0.74335
      0.74359
      0.74291
      0.74314
      0.74247
       0.7427
      0.74294
      0.74317
       0.7434
      0.74364
