       GEN           L2
       0         12.543
       1        9.25933
       2        7.77982
       3        6.65602
       4        6.16195
       5        5.65299
       6        5.25355
       7         4.4743
       8        4.15967
       9        3.68382
      10        3.43196
      11        3.14219
      12        2.91519
      13        2.48426
      14         2.3743
      15        2.32329
      16        2.10657
      17        2.06321
      18        1.99475
      19        1.96997
      20        1.94332
      21        1.85202
      22        1.76416
      23        1.74143
      24        1.74143
      25        1.74027
      26        1.57946
      27        1.52519
      28        1.29221
      29         1.2837
      30        1.23957
      31        1.16407
      32        1.16407
      33        1.16403
      34        1.15485
      35        1.15473
      36        1.12298
      37        1.12298
      38        1.12298
      39        1.12291
      40        1.10519
      41          1.105
      42        1.05651
      43        1.05651
      44        1.05651
      45        1.05651
      46        1.05651
      47        1.05651
      48        1.05651
      49        1.05651
      50        1.05606
      51       0.950513
      52       0.950513
      53       0.950513
      54       0.950513
      55       0.950513
      56       0.950513
      57       0.950513
      58       0.950483
      59       0.942898
      60       0.923729
      61       0.923729
      62       0.923714
      63       0.919867
      64       0.919867
      65       0.919867
      66       0.919867
      67       0.919831
      68       0.910902
      69       0.910902
      70       0.910902
      71       0.910902
      72       0.910902
      73       0.910902
      74       0.910902
      75       0.910902
      76       0.910902
      77       0.910902
      78       0.910902
      79       0.910902
      80       0.910902
      81       0.910902
      82       0.910902
      83       0.910902
      84       0.910902
      85       0.910902
      86       0.910902
      87       0.910902
      88       0.910902
      89       0.910902
      90       0.910902
      91       0.910902
      92       0.910902
      93       0.910902
      94       0.910902
      95       0.910902
      96       0.910902
      97       0.910902
      98       0.910902
      99       0.910902
     100       0.910902
     101       0.910902
     102       0.910902
     103       0.910902
     104       0.910902
     105       0.910902
     106       0.910902
     107       0.910902
     108       0.910902
     109       0.910902
     110       0.910902
     111       0.910902
     112       0.910902
     113       0.910902
     114       0.910902
     115       0.910902
     116       0.910902
     117       0.910902
     118       0.910902
     119       0.910902
     120       0.910902
     121       0.910902
     122       0.910902
     123       0.910902
     124       0.910902
     125       0.910902
     126       0.910902
     127       0.910902
     128       0.910902
     129       0.910902
     130       0.910902
     131       0.910902
     132       0.910902
     133       0.910902
     134       0.910902
     135       0.910902
     136       0.910902
     137       0.910902
     138       0.910902
     139       0.910902
     140       0.910902
     141       0.910902
     142       0.910902
     143       0.910902
     144       0.910902
     145       0.910902
     146       0.910902
     147       0.910902
     148       0.910902
     149       0.910902
     150       0.910902
     151       0.910902
     152       0.910902
     153       0.910902
     154       0.910902
     155       0.910902
     156       0.910902
     157       0.910902
     158       0.910902
     159       0.910902
     160       0.910902
     161       0.910902
     162       0.910902
     163       0.910902
     164       0.910902
     165       0.910902
     166       0.910902
     167       0.910902
     168       0.910902
     169       0.910902
     170       0.910902
     171       0.910902
     172       0.910902
     173       0.910902
     174       0.910902
     175       0.910902
     176       0.910902
     177       0.910902
     178       0.910902
     179       0.910902
     180       0.910902
     181       0.910902
     182       0.910902
     183       0.910902
     184       0.910902
     185       0.910902
     186       0.910902
     187       0.910902
     188       0.910902
     189       0.910902
     190       0.910902
     191       0.910902
     192       0.910902
     193       0.910902
     194       0.910902
     195       0.910902
     196       0.910902
     197       0.910902
     198       0.910902
     199       0.910902
     200       0.910902
     201       0.910902
     202       0.910902
     203       0.910902
     204       0.910902
     205       0.910902
     206       0.910902
     207       0.910902
     208       0.910902
     209       0.910902
     210       0.910902
     211       0.910902
     212       0.910902
     213       0.910902
     214       0.910902
     215       0.910902
     216       0.910902
     217       0.910902
     218       0.910902
     219       0.910902
     220       0.910902
     221       0.910902
     222       0.910902
     223       0.910902
     224       0.910902
     225       0.910902
     226       0.910902
     227       0.910902
     228       0.910902
     229       0.910902
     230       0.910902
     231       0.910902
     232       0.910902
     233       0.910902
     234       0.910902
     235       0.910902
     236       0.910902
     237       0.910902
     238       0.910902
     239       0.910902
     240       0.910902
     241       0.910902
     242       0.910902
     243       0.910902
     244       0.910902
     245       0.910902
     246       0.910902
     247       0.910902
     248       0.910902
     249       0.910902
     250       0.910902
     251       0.910902
     252       0.910902
     253       0.910902
     254       0.910902
     255       0.910902
     256       0.910902
     257       0.910902
     258       0.910902
     259       0.910902
     260       0.910902
     261       0.910902
     262       0.910902
     263       0.910902
     264       0.910902
     265       0.910902
     266       0.910902
     267       0.910902
     268       0.910902
     269       0.910902
     270       0.910902
     271       0.910902
     272       0.910902
     273       0.910902
     274       0.910902
     275       0.910902
     276       0.910902
     277       0.910902
     278       0.910902
     279       0.910902
     280       0.910902
     281       0.910902
     282       0.910902
     283       0.910902
     284       0.910902
     285       0.910902
     286       0.910902
     287       0.910902
     288       0.910902
     289       0.910902
     290       0.910902
     291       0.910902
     292       0.910902
     293       0.910902
     294       0.910902
     295       0.910902
     296       0.910902
     297       0.910902
     298       0.910902
     299       0.910902
     300       0.910902
     301       0.910902
     302       0.910902
     303       0.910902
     304       0.910902
     305       0.910902
     306       0.910902
     307       0.910902
     308       0.910902
     309       0.910902
     310       0.910902
     311       0.910902
     312       0.910902
     313       0.910902
     314       0.910902
     315       0.910902
     316       0.910902
     317       0.910902
     318       0.910902
     319       0.910902
     320       0.910902
     321       0.910902
     322       0.910902
     323       0.910902
     324       0.910902
     325       0.910902
     326       0.910902
     327       0.910902
     328       0.910902
     329       0.910902
     330       0.910902
     331       0.910902
     332       0.910902
     333       0.910902
     334       0.910902
     335       0.910902
     336       0.910902
     337       0.910902
     338       0.910902
     339       0.910902
     340       0.910902
     341       0.910902
     342       0.910902
     343       0.910902
     344       0.910902
     345       0.910902
     346       0.910902
     347       0.910902
     348       0.910902
     349       0.910902
     350       0.910902
     351       0.910902
     352       0.910902
     353       0.910902
     354       0.910902
     355       0.910902
     356       0.910902
     357       0.910902
     358       0.910902
     359       0.910902
     360       0.910902
     361       0.910902
     362       0.910902
     363       0.910902
     364       0.910902
     365       0.910902
     366       0.910902
     367       0.910902
     368       0.910902
     369       0.910902
     370       0.910902
     371       0.910902
     372       0.910902
     373       0.910902
     374       0.910902
     375       0.910902
     376       0.910902
     377       0.910902
     378       0.910902
     379       0.910902
     380       0.910902
     381       0.910902
     382       0.910902
     383       0.910902
     384       0.910902
     385       0.910902
     386       0.910902
     387       0.910902
     388       0.910902
     389       0.910902
     390       0.910902
     391       0.910902
     392       0.910902
     393       0.910902
     394       0.910902
     395       0.910902
     396       0.910902
     397       0.910902
     398       0.910902
     399       0.910902
     400       0.910902
     401       0.910902
     402       0.910902
     403       0.910902
     404       0.910902
     405       0.910902
     406       0.910902
     407       0.910902
     408       0.910902
     409       0.910902
     410       0.910902
     411       0.910902
     412       0.910902
     413       0.910902
     414       0.910902
     415       0.910902
     416       0.910902
     417       0.910902
     418       0.910902
     419       0.910902
     420       0.910902
     421       0.910902
     422       0.910902
     423       0.910902
     424       0.910902
     425       0.910902
     426       0.910902
     427       0.910902
     428       0.910902
     429       0.910902
     430       0.910902
     431       0.910902
     432       0.910902
     433       0.910902
     434       0.910902
     435       0.910902
     436       0.910902
     437       0.910902
     438       0.910902
     439       0.910902
     440       0.910902
     441       0.910902
     442       0.910902
     443       0.910902
     444       0.910902
     445       0.910902
     446       0.910902
     447       0.910902
     448       0.910902
     449       0.910902
     450       0.910902
     451       0.910902
     452       0.910902
     453       0.910902
     454       0.910902
     455       0.910902
     456       0.910902
     457       0.910902
     458       0.910902
     459       0.910902
     460       0.910902
     461       0.910902
     462       0.910902
     463       0.910902
     464       0.910902
     465       0.910902
     466       0.910902
     467       0.910902
     468       0.910902
     469       0.910902
     470       0.910902
     471       0.910902
     472       0.910902
     473       0.910902
     474       0.910902
     475       0.910902
     476       0.910902
     477       0.910902
     478       0.910902
     479       0.910902
     480       0.910902
     481       0.910902
     482       0.910902
     483       0.910902
     484       0.910902
     485       0.910902
     486       0.910902
     487       0.910902
     488       0.910902
     489       0.910902
     490       0.910902
     491       0.910902
     492       0.910902
     493       0.910902
     494       0.910902
     495       0.910902
     496       0.910902
     497       0.910902
     498       0.910902
     499       0.910902
     500       0.910902
     501       0.910902
     502       0.910902
     503       0.910902
     504       0.910902
     505       0.910902
     506       0.910902
     507       0.910902
     508       0.910902
     509       0.910902
     510       0.910902
     511       0.910902
     512       0.910902
     513       0.910902
     514       0.910902
     515       0.910902
     516       0.910902
     517       0.910902
     518       0.910902
     519       0.910902
     520       0.910902
     521       0.910902
     522       0.910902
     523       0.910902
     524       0.910902
     525       0.910902
     526       0.910902
     527       0.910902
     528       0.910902
     529       0.910902
     530       0.910902
     531       0.910902
     532       0.910902
     533       0.910902
     534       0.910902
     535       0.910902
     536       0.910902
     537       0.910902
     538       0.910902
     539       0.910902
     540       0.910902
     541       0.910902
     542       0.910902
     543       0.910902
     544       0.910902
     545       0.910902
     546       0.910902
     547       0.910902
     548       0.910902
     549       0.910902
     550       0.910902
     551       0.910902
     552       0.910902
     553       0.910902
     554       0.910902
     555       0.910902
     556       0.910902
     557       0.910902
     558       0.910902
     559       0.910902
     560       0.910902
     561       0.910902
     562       0.910902
     563       0.910902
     564       0.910902
     565       0.910902
     566       0.910902
     567       0.910902
     568       0.910902
     569       0.910902
     570       0.910902
     571       0.910902
     572       0.910902
     573       0.910902
     574       0.910902
     575       0.910902
     576       0.910902
     577       0.910902
     578       0.910902
     579       0.910902
     580       0.910902
     581       0.910902
     582       0.910902
     583       0.910902
     584       0.910902
     585       0.910902
     586       0.910902
     587       0.910902
     588       0.910902
     589       0.910902
     590       0.910902
     591       0.910902
     592       0.910902
     593       0.910902
     594       0.910902
     595       0.910902
     596       0.910902
     597       0.910902
     598       0.910902
     599       0.910902
     600       0.910902
     601       0.910902
     602       0.910902
     603       0.910902
     604       0.910902
     605       0.910902
     606       0.910902
     607       0.910902
     608       0.910902
     609       0.910902
     610       0.910902
     611       0.910902
     612       0.910902
     613       0.910902
     614       0.910902
     615       0.910902
     616       0.910902
     617       0.910902
     618       0.910902
     619       0.910902
     620       0.910902
     621       0.910902
     622       0.910902
     623       0.910902
     624       0.910902
     625       0.910902
     626       0.910902
     627       0.910902
     628       0.910902
     629       0.910902
     630       0.910902
     631       0.910902
     632       0.910902
     633       0.910902
     634       0.910902
     635       0.910902
     636       0.910902
     637       0.910902
     638       0.910902
     639       0.910902
     640       0.910902
     641       0.910902
     642       0.910902
     643       0.910902
     644       0.910902
     645       0.910902
     646       0.910902
     647       0.910902
     648       0.910902
     649       0.910902
     650       0.910902
     651       0.910902
     652       0.910902
     653       0.910902
     654       0.910902
     655       0.910902
     656       0.910902
     657       0.910902
     658       0.910902
     659       0.910902
     660       0.910902
     661       0.910902
     662       0.910902
     663       0.910902
     664       0.910902
     665       0.910902
     666       0.910902
     667       0.910902
     668       0.910902
     669       0.910902
     670       0.910902
     671       0.910902
     672       0.910902
     673       0.910902
     674       0.910902
     675       0.910902
     676       0.910902
     677       0.910902
     678       0.910902
     679       0.910902
     680       0.910902
     681       0.910902
     682       0.910902
     683       0.910902
     684       0.910902
     685       0.910902
     686       0.910902
     687       0.910902
     688       0.910902
     689       0.910902
     690       0.910902
     691       0.910902
     692       0.910902
     693       0.910902
     694       0.910902
     695       0.910902
     696       0.910902
     697       0.910902
     698       0.910902
     699       0.910902
     700       0.910902
     701       0.910902
     702       0.910902
     703       0.910902
     704       0.910902
     705       0.910902
     706       0.910902
     707       0.910902
     708       0.910902
     709       0.910902
     710       0.910902
     711       0.910902
     712       0.910902
     713       0.910902
     714       0.910902
     715       0.910902
     716       0.910902
     717       0.910902
     718       0.910902
     719       0.910902
     720       0.910902
     721       0.910902
     722       0.910902
     723       0.910902
     724       0.910902
     725       0.910902
     726       0.910902
     727       0.910902
     728       0.910902
     729       0.910902
     730       0.910902
     731       0.910902
     732       0.910902
     733       0.910902
     734       0.910902
     735       0.910902
     736       0.910902
     737       0.910902
     738       0.910902
     739       0.910902
     740       0.910902
     741       0.910902
     742       0.910902
     743       0.910902
     744       0.910902
     745       0.910902
     746       0.910902
     747       0.910902
     748       0.910902
     749       0.910902
     750       0.910902
     751       0.910902
     752       0.910902
     753       0.910902
     754       0.910902
     755       0.910902
     756       0.910902
     757       0.910902
     758       0.910902
     759       0.910902
     760       0.910902
     761       0.910902
     762       0.910902
     763       0.910902
     764       0.910902
     765       0.910902
     766       0.910902
     767       0.910902
     768       0.910902
     769       0.910902
     770       0.910902
     771       0.910902
     772       0.910902
     773       0.910902
     774       0.910902
     775       0.910902
     776       0.910902
     777       0.910902
     778       0.910902
     779       0.910902
     780       0.910902
     781       0.910902
     782       0.910902
     783       0.910902
     784       0.910902
     785       0.910902
     786       0.910902
     787       0.910902
     788       0.910902
     789       0.910902
     790       0.910902
     791       0.910902
     792       0.910902
     793       0.910902
     794       0.910902
     795       0.910902
     796       0.910902
     797       0.910902
     798       0.910902
     799       0.910902
     800       0.910902
     801       0.910902
     802       0.910902
     803       0.910902
     804       0.910902
     805       0.910902
     806       0.910902
     807       0.910902
     808       0.910902
     809       0.910902
     810       0.910902
     811       0.910902
     812       0.910902
     813       0.910902
     814       0.910902
     815       0.910902
     816       0.910902
     817       0.910902
     818       0.910902
     819       0.910902
     820       0.910902
     821       0.910902
     822       0.910902
     823       0.910902
     824       0.910902
     825       0.910902
     826       0.910902
     827       0.910902
     828       0.910902
     829       0.910902
     830       0.910902
     831       0.910902
     832       0.910902
     833       0.910902
     834       0.910902
     835       0.910902
     836       0.910902
     837       0.910902
     838       0.910902
     839       0.910902
     840       0.910902
     841       0.910902
     842       0.910902
     843       0.910902
     844       0.910902
     845       0.910902
     846       0.910902
     847       0.910902
     848       0.910902
     849       0.910902
     850       0.910902
     851       0.910902
     852       0.910902
     853       0.910902
     854       0.910902
     855       0.910902
     856       0.910902
     857       0.910902
     858       0.910902
     859       0.910902
     860       0.910902
     861       0.910902
     862       0.910902
     863       0.910902
     864       0.910902
     865       0.910902
     866       0.910902
     867       0.910902
     868       0.910902
     869       0.910902
     870       0.910902
     871       0.910902
     872       0.910902
     873       0.910902
     874       0.910902
     875       0.910902
     876       0.910902
     877       0.910902
     878       0.910902
     879       0.910902
     880       0.910902
     881       0.910902
     882       0.910902
     883       0.910902
     884       0.910902
     885       0.910902
     886       0.910902
     887       0.910902
     888       0.910902
     889       0.910902
     890       0.910902
     891       0.910902
     892       0.910902
     893       0.910902
     894       0.910902
     895       0.910902
     896       0.910902
     897       0.910902
     898       0.910902
     899       0.910902
     900       0.910902
     901       0.910902
     902       0.910902
     903       0.910902
     904       0.910902
     905       0.910902
     906       0.910902
     907       0.910902
     908       0.910902
     909       0.910902
     910       0.910902
     911       0.910902
     912       0.910902
     913       0.910902
     914       0.910902
     915       0.910902
     916       0.910902
     917       0.910902
     918       0.910902
     919       0.910902
     920       0.910902
     921       0.910902
     922       0.910902
     923       0.910902
     924       0.910902
     925       0.910902
     926       0.910902
     927       0.910902
     928       0.910902
     929       0.910902
     930       0.910902
     931       0.910902
     932       0.910902
     933       0.910902
     934       0.910902
     935       0.910902
     936       0.910902
     937       0.910902
     938       0.910902
     939       0.910902
     940       0.910902
     941       0.910902
     942       0.910902
     943       0.910902
     944       0.910902
     945       0.910902
     946       0.910902
     947       0.910902
     948       0.910902
     949       0.910902
     950       0.910902
     951       0.910902
     952       0.910902
     953       0.910902
     954       0.910902
     955       0.910902
     956       0.910902
     957       0.910902
     958       0.910902
     959       0.910902
     960       0.910902
     961       0.910902
     962       0.910902
     963       0.910902
     964       0.910902
     965       0.910902
     966       0.910902
     967       0.910902
     968       0.910902
     969       0.910902
     970       0.910902
     971       0.910902
     972       0.910902
     973       0.910902
     974       0.910902
     975       0.910902
     976       0.910902
     977       0.910902
     978       0.910902
     979       0.910902
     980       0.910902
     981       0.910902
     982       0.910902
     983       0.910902
     984       0.910902
     985       0.910902
     986       0.910902
     987       0.910902
     988       0.910902
     989       0.910902
     990       0.910902
     991       0.910902
     992       0.910902
     993       0.910902
     994       0.910902
     995       0.910902
     996       0.910902
     997       0.910902
     998       0.910902
     999       0.910902
