     ACCEPTANCE:
     0.009901
    0.0098039
    0.0097087
    0.0096154
    0.0095238
     0.009434
    0.0093458
    0.0092593
    0.0091743
    0.0090909
     0.009009
    0.0089286
    0.0088496
    0.0087719
    0.0086957
    0.0086207
     0.008547
    0.0084746
    0.0084034
    0.0083333
    0.0082645
    0.0081967
    0.0081301
    0.0080645
        0.008
    0.0079365
     0.007874
    0.0078125
    0.0077519
    0.0076923
    0.0076336
    0.0075758
    0.0075188
    0.0074627
    0.0074074
    0.0073529
    0.0072993
    0.0072464
    0.0071942
    0.0071429
    0.0070922
    0.0070423
     0.006993
    0.0069444
    0.0068966
    0.0068493
    0.0068027
    0.0067568
    0.0067114
    0.0066667
    0.0066225
    0.0065789
    0.0065359
    0.0064935
    0.0064516
    0.0064103
    0.0063694
    0.0063291
    0.0062893
      0.00625
    0.0062112
    0.0061728
     0.006135
    0.0060976
    0.0060606
    0.0060241
     0.005988
    0.0059524
    0.0059172
    0.0058824
     0.005848
     0.005814
    0.0057803
    0.0057471
    0.0057143
    0.0056818
    0.0056497
     0.005618
    0.0055866
    0.0055556
    0.0055249
    0.0054945
    0.0054645
    0.0054348
    0.0054054
    0.0053763
    0.0053476
    0.0053191
     0.005291
     0.010526
     0.010471
     0.010417
     0.010363
     0.010309
     0.010256
     0.010204
     0.010152
     0.010101
      0.01005
         0.01
    0.0099502
     0.009901
    0.0098522
    0.0098039
    0.0097561
    0.0097087
    0.0096618
    0.0096154
    0.0095694
    0.0095238
    0.0094787
     0.009434
    0.0093897
    0.0093458
    0.0093023
    0.0092593
    0.0092166
    0.0091743
    0.0091324
    0.0090909
    0.0090498
     0.009009
    0.0089686
    0.0089286
    0.0088889
    0.0088496
    0.0088106
    0.0087719
    0.0087336
    0.0086957
     0.008658
    0.0086207
    0.0085837
     0.008547
    0.0085106
    0.0084746
    0.0084388
    0.0084034
    0.0083682
    0.0083333
    0.0082988
    0.0082645
    0.0082305
    0.0081967
    0.0081633
    0.0081301
    0.0080972
    0.0080645
    0.0080321
        0.008
    0.0079681
    0.0079365
    0.0079051
     0.007874
    0.0078431
    0.0078125
    0.0077821
    0.0077519
     0.007722
    0.0076923
    0.0076628
    0.0076336
    0.0076046
    0.0075758
    0.0075472
    0.0075188
    0.0074906
    0.0074627
    0.0074349
    0.0074074
    0.0073801
    0.0073529
     0.007326
    0.0072993
    0.0072727
    0.0072464
    0.0072202
    0.0071942
    0.0071685
    0.0071429
    0.0071174
    0.0070922
    0.0070671
    0.0070423
    0.0070175
     0.006993
    0.0069686
    0.0069444
    0.0069204
    0.0068966
    0.0068729
    0.0068493
    0.0068259
    0.0068027
    0.0067797
    0.0067568
     0.006734
    0.0067114
     0.006689
    0.0066667
    0.0066445
    0.0066225
    0.0066007
    0.0065789
    0.0065574
    0.0065359
    0.0065147
    0.0064935
    0.0064725
    0.0064516
    0.0064309
    0.0064103
    0.0063898
    0.0063694
    0.0063492
    0.0063291
    0.0063091
    0.0062893
    0.0062696
      0.00625
    0.0062305
    0.0062112
     0.006192
    0.0061728
    0.0061538
     0.006135
    0.0061162
    0.0060976
     0.006079
    0.0060606
    0.0060423
    0.0060241
     0.006006
     0.005988
    0.0059701
    0.0059524
    0.0059347
    0.0059172
    0.0058997
    0.0058824
    0.0058651
     0.005848
    0.0058309
     0.005814
    0.0057971
    0.0057803
    0.0057637
    0.0057471
    0.0057307
    0.0057143
     0.005698
    0.0056818
    0.0056657
    0.0056497
    0.0056338
     0.005618
    0.0056022
    0.0055866
     0.005571
    0.0055556
    0.0055402
    0.0055249
    0.0055096
    0.0054945
    0.0054795
    0.0054645
    0.0054496
    0.0054348
    0.0054201
    0.0054054
    0.0053908
    0.0053763
    0.0053619
    0.0053476
    0.0053333
    0.0053191
     0.005305
     0.005291
     0.005277
    0.0052632
    0.0052493
    0.0052356
    0.0052219
    0.0052083
    0.0051948
    0.0051813
     0.005168
    0.0051546
    0.0051414
    0.0051282
    0.0051151
     0.005102
    0.0050891
    0.0050761
    0.0050633
    0.0050505
    0.0050378
    0.0050251
    0.0050125
        0.005
    0.0049875
    0.0049751
    0.0049628
    0.0049505
    0.0049383
    0.0049261
     0.004914
     0.004902
      0.00489
     0.004878
    0.0048662
    0.0048544
    0.0048426
    0.0048309
    0.0048193
    0.0048077
    0.0047962
    0.0047847
    0.0047733
    0.0047619
    0.0047506
    0.0047393
    0.0047281
     0.004717
    0.0047059
    0.0046948
    0.0046838
    0.0046729
     0.004662
    0.0046512
    0.0046404
    0.0046296
    0.0046189
    0.0046083
    0.0045977
    0.0045872
    0.0045767
    0.0045662
    0.0045558
    0.0045455
    0.0045351
    0.0045249
    0.0045147
    0.0045045
    0.0044944
    0.0044843
    0.0044743
    0.0044643
    0.0044543
    0.0044444
    0.0044346
    0.0044248
     0.004415
    0.0044053
    0.0043956
     0.004386
    0.0043764
    0.0043668
    0.0043573
    0.0043478
    0.0043384
     0.004329
    0.0043197
    0.0043103
    0.0043011
    0.0042918
    0.0042827
    0.0042735
    0.0042644
    0.0042553
    0.0042463
    0.0042373
    0.0042283
    0.0042194
    0.0042105
    0.0042017
    0.0041929
    0.0041841
    0.0041754
    0.0041667
     0.004158
    0.0041494
    0.0041408
    0.0041322
    0.0041237
    0.0041152
    0.0041068
    0.0040984
      0.00409
    0.0040816
    0.0040733
     0.004065
    0.0040568
    0.0040486
    0.0040404
    0.0040323
    0.0040241
    0.0040161
     0.004008
        0.004
     0.003992
    0.0039841
    0.0039761
    0.0039683
    0.0039604
    0.0039526
    0.0039448
     0.003937
    0.0039293
    0.0039216
    0.0039139
    0.0039062
    0.0038986
    0.0038911
    0.0038835
     0.003876
    0.0038685
     0.003861
    0.0038536
    0.0038462
    0.0038388
    0.0038314
    0.0038241
    0.0038168
    0.0038095
    0.0038023
    0.0037951
    0.0037879
    0.0037807
    0.0037736
    0.0037665
    0.0037594
    0.0037523
    0.0037453
    0.0037383
    0.0037313
    0.0037244
    0.0037175
    0.0037106
    0.0037037
    0.0036969
      0.00369
    0.0036832
    0.0036765
    0.0036697
     0.003663
    0.0036563
    0.0036496
     0.003643
    0.0036364
    0.0036298
    0.0036232
    0.0036166
    0.0036101
    0.0036036
    0.0035971
    0.0035907
    0.0035842
    0.0035778
    0.0035714
    0.0035651
    0.0035587
    0.0035524
    0.0035461
    0.0035398
    0.0035336
    0.0035273
    0.0035211
    0.0035149
    0.0035088
    0.0035026
    0.0034965
    0.0034904
    0.0034843
    0.0034783
    0.0034722
    0.0034662
    0.0034602
    0.0034542
    0.0034483
    0.0034423
    0.0034364
    0.0034305
    0.0034247
    0.0034188
     0.003413
    0.0034072
    0.0034014
    0.0033956
    0.0033898
    0.0033841
    0.0033784
    0.0033727
     0.003367
     0.005042
    0.0050336
    0.0050251
    0.0050167
    0.0050083
        0.005
    0.0049917
    0.0049834
    0.0049751
    0.0049669
    0.0049587
    0.0049505
    0.0049423
    0.0049342
    0.0049261
     0.004918
      0.00491
     0.004902
     0.004894
     0.004886
     0.004878
    0.0048701
    0.0048622
    0.0048544
    0.0048465
    0.0048387
    0.0048309
    0.0048232
    0.0048154
    0.0048077
       0.0048
    0.0047923
    0.0063796
    0.0063694
    0.0063593
    0.0063492
    0.0063391
    0.0063291
    0.0063191
    0.0063091
    0.0062992
    0.0062893
    0.0062794
    0.0062696
    0.0062598
      0.00625
    0.0062402
    0.0062305
    0.0062208
    0.0062112
    0.0062016
     0.006192
    0.0061824
    0.0061728
    0.0061633
    0.0061538
    0.0061444
     0.006135
    0.0061256
    0.0061162
    0.0061069
    0.0060976
    0.0060883
     0.006079
    0.0060698
    0.0060606
    0.0060514
    0.0060423
    0.0060332
    0.0060241
     0.006015
     0.006006
     0.005997
     0.005988
    0.0059791
    0.0059701
    0.0059613
    0.0059524
    0.0059435
    0.0059347
    0.0059259
    0.0059172
    0.0059084
    0.0058997
     0.005891
    0.0058824
    0.0058737
    0.0058651
    0.0058565
     0.005848
    0.0058394
    0.0058309
    0.0058224
     0.005814
    0.0058055
    0.0057971
    0.0057887
    0.0057803
     0.005772
    0.0057637
    0.0057554
    0.0057471
    0.0057389
    0.0057307
    0.0057225
    0.0057143
    0.0057061
     0.005698
    0.0056899
    0.0056818
    0.0056738
    0.0056657
    0.0056577
    0.0056497
    0.0056417
    0.0056338
    0.0056259
     0.005618
    0.0056101
    0.0056022
    0.0055944
    0.0055866
    0.0055788
     0.005571
    0.0055633
    0.0055556
    0.0055479
    0.0055402
    0.0055325
    0.0055249
    0.0055172
    0.0055096
    0.0055021
    0.0054945
     0.005487
    0.0054795
     0.005472
    0.0054645
     0.005457
    0.0054496
    0.0054422
    0.0054348
    0.0054274
    0.0054201
    0.0054127
    0.0054054
    0.0053981
    0.0053908
    0.0053836
    0.0053763
    0.0053691
    0.0053619
    0.0053548
    0.0053476
    0.0053405
    0.0053333
    0.0053262
    0.0053191
    0.0053121
     0.005305
     0.005298
     0.005291
     0.005284
     0.005277
    0.0052701
    0.0052632
    0.0052562
    0.0052493
    0.0052425
    0.0052356
    0.0052288
    0.0052219
    0.0052151
    0.0052083
    0.0052016
    0.0051948
    0.0051881
    0.0051813
    0.0051746
     0.005168
    0.0051613
    0.0051546
     0.005148
    0.0051414
    0.0051348
    0.0051282
    0.0051216
    0.0051151
    0.0051086
     0.005102
    0.0050955
    0.0050891
    0.0050826
    0.0050761
    0.0050697
    0.0050633
    0.0050569
    0.0050505
    0.0050441
    0.0050378
    0.0050314
    0.0050251
    0.0050188
    0.0050125
    0.0050063
        0.005
    0.0049938
    0.0049875
    0.0049813
    0.0049751
    0.0049689
    0.0049628
    0.0049566
    0.0049505
    0.0049444
    0.0049383
    0.0049322
    0.0049261
      0.00492
     0.004914
     0.004908
     0.004902
     0.004896
      0.00489
     0.004884
     0.004878
    0.0048721
    0.0048662
    0.0048603
    0.0048544
    0.0048485
    0.0048426
    0.0048368
    0.0048309
    0.0048251
    0.0048193
    0.0048135
    0.0048077
    0.0048019
    0.0047962
    0.0047904
    0.0047847
     0.004779
    0.0047733
    0.0047676
    0.0047619
    0.0047562
    0.0047506
     0.004745
    0.0047393
    0.0047337
    0.0047281
    0.0047226
     0.004717
    0.0047114
    0.0047059
    0.0047004
    0.0046948
    0.0046893
    0.0046838
    0.0046784
    0.0046729
    0.0046674
     0.004662
    0.0046566
    0.0046512
    0.0046458
    0.0046404
     0.004635
    0.0046296
    0.0046243
    0.0046189
    0.0046136
    0.0046083
     0.004603
    0.0045977
    0.0045924
    0.0045872
    0.0045819
    0.0045767
    0.0045714
    0.0045662
     0.004561
    0.0045558
    0.0045506
    0.0045455
    0.0045403
    0.0045351
      0.00453
    0.0045249
    0.0045198
    0.0045147
    0.0045096
    0.0045045
    0.0044994
    0.0044944
    0.0044893
    0.0044843
    0.0044793
    0.0044743
    0.0044693
    0.0044643
    0.0044593
    0.0044543
    0.0044494
    0.0044444
    0.0044395
    0.0044346
    0.0044297
     0.005531
    0.0055249
    0.0055188
    0.0055127
    0.0055066
    0.0055006
    0.0054945
    0.0054885
    0.0054825
    0.0054765
    0.0054705
    0.0054645
    0.0054585
    0.0054526
    0.0054466
    0.0054407
    0.0054348
    0.0054289
     0.005423
    0.0054171
    0.0054113
    0.0054054
    0.0053996
    0.0053937
    0.0053879
    0.0053821
    0.0053763
    0.0053706
    0.0053648
    0.0053591
    0.0053533
    0.0053476
    0.0053419
    0.0053362
    0.0053305
    0.0053248
    0.0053191
    0.0053135
    0.0053079
    0.0053022
    0.0052966
     0.005291
    0.0052854
    0.0052798
    0.0052743
    0.0052687
    0.0052632
    0.0052576
    0.0052521
    0.0052466
    0.0052411
    0.0052356
    0.0052301
    0.0052247
    0.0052192
    0.0052138
    0.0052083
    0.0052029
    0.0051975
    0.0051921
    0.0051867
    0.0051813
     0.005176
    0.0051706
    0.0051653
      0.00516
    0.0051546
    0.0051493
     0.005144
    0.0051387
    0.0051335
    0.0051282
     0.005123
    0.0051177
    0.0051125
    0.0051073
     0.005102
    0.0050968
    0.0050916
    0.0050865
    0.0050813
    0.0050761
     0.005071
    0.0050659
    0.0050607
    0.0050556
    0.0050505
    0.0050454
    0.0050403
    0.0050352
    0.0050302
    0.0050251
    0.0050201
     0.005015
      0.00501
     0.005005
        0.005
     0.004995
      0.00499
     0.004985
    0.0049801
    0.0049751
    0.0049702
    0.0049652
    0.0049603
    0.0049554
    0.0049505
    0.0049456
    0.0049407
    0.0049358
     0.004931
    0.0049261
    0.0049213
    0.0049164
    0.0049116
    0.0049068
     0.004902
    0.0048972
    0.0048924
    0.0048876
    0.0048828
     0.004878
    0.0048733
    0.0048685
    0.0048638
    0.0048591
    0.0048544
    0.0048497
     0.004845
    0.0048403
    0.0048356
    0.0048309
    0.0048263
    0.0048216
     0.004817
    0.0048123
    0.0048077
    0.0048031
    0.0047985
    0.0047939
    0.0047893
    0.0047847
    0.0047801
    0.0047755
     0.004771
    0.0047664
    0.0047619
    0.0047574
    0.0047529
    0.0047483
    0.0047438
    0.0047393
    0.0047348
    0.0047304
    0.0047259
    0.0047214
     0.004717
    0.0047125
    0.0047081
    0.0047037
    0.0046992
    0.0046948
    0.0046904
     0.004686
    0.0046816
    0.0046773
    0.0046729
    0.0046685
    0.0046642
    0.0046598
    0.0046555
    0.0046512
    0.0046468
    0.0046425
    0.0046382
    0.0046339
    0.0046296
    0.0046253
    0.0046211
    0.0046168
    0.0046125
    0.0046083
    0.0046041
    0.0045998
    0.0045956
    0.0045914
    0.0045872
     0.004583
    0.0045788
    0.0045746
    0.0045704
    0.0045662
     0.004562
    0.0045579
    0.0045537
    0.0045496
    0.0045455
