     MU:      SIGMA:     E_MEASURED:    ERROR:
    -0.13794     0.87015    -0.19433   0.0050759
   -0.036832      1.1687    -0.14927    0.014749
     0.13323       1.209   -0.032739    0.017853
    0.066211      1.0107    -0.24159   0.0077124
     0.29125     0.89652    -0.23815   0.0062522
     0.29125     0.89652    -0.23815   0.0062522
     0.39576     0.87022    -0.25617   0.0061454
     0.64654     0.95129    -0.19732    0.012979
     0.59142      0.6814    -0.31683   0.0030291
     0.69109     0.46507    -0.17358   0.0071601
     0.41674     0.74454    -0.20545   0.0046942
      0.5021     0.93082    -0.26533   0.0078189
      0.5021     0.93082    -0.26533   0.0078189
     0.55835     0.69152    -0.29166   0.0039073
     0.55835     0.69152    -0.29166   0.0039073
     0.55835     0.69152    -0.29166   0.0039073
     0.60913     0.93195    -0.23344    0.010996
     0.60913     0.93195    -0.23344    0.010996
     0.60913     0.93195    -0.23344    0.010996
     0.60913     0.93195    -0.23344    0.010996
     0.60913     0.93195    -0.23344    0.010996
     0.60913     0.93195    -0.23344    0.010996
     0.50904      1.0468    -0.12071    0.016542
     0.50904      1.0468    -0.12071    0.016542
     0.50904      1.0468    -0.12071    0.016542
     0.27857       1.122    -0.16718    0.012897
     0.27857       1.122    -0.16718    0.012897
     0.54922     0.93749    -0.24197    0.010339
     0.31139       1.101    -0.14924    0.013747
    0.069572      1.2328    0.014718    0.023349
    0.075636      1.1625   -0.099167    0.021329
     0.32613      1.0038    -0.22309    0.014247
     0.23276     0.92892    -0.24446   0.0056133
     0.52431     0.77315    -0.27835    0.004273
     0.76851     0.58322    -0.43033   0.0025853
     0.76851     0.58322    -0.43033   0.0025853
     0.97179      0.6216     -0.3203   0.0057045
     0.88342      0.7334    -0.30775   0.0082321
     0.98716     0.64236    -0.28477   0.0054673
     0.73143     0.93166     -0.1481    0.013905
     0.73143     0.93166     -0.1481    0.013905
     0.73143     0.93166     -0.1481    0.013905
     0.59302     0.70071    -0.31607   0.0044226
     0.59302     0.70071    -0.31607   0.0044226
     0.62773     0.48311     -0.2058    0.006027
     0.62773     0.48311     -0.2058    0.006027
     0.54545     0.63715    -0.26136   0.0034908
     0.54545     0.63715    -0.26136   0.0034908
     0.62826     0.48453    -0.22467   0.0056096
     0.79312     0.48069    -0.22938    0.006937
      0.5982     0.68266    -0.32361   0.0033629
      0.5982     0.68266    -0.32361   0.0033629
     0.67953     0.61759    -0.39421    0.002286
     0.67953     0.61759    -0.39421    0.002286
     0.68782     0.67632    -0.39081   0.0032222
     0.68782     0.67632    -0.39081   0.0032222
     0.68782     0.67632    -0.39081   0.0032222
     0.68782     0.67632    -0.39081   0.0032222
     0.68782     0.67632    -0.39081   0.0032222
     0.54823     0.75299    -0.29469   0.0039835
     0.62637     0.75562    -0.33422   0.0042303
     0.62637     0.75562    -0.33422   0.0042303
     0.64344     0.89418    -0.25748   0.0098983
     0.67685     0.65531    -0.39503   0.0026922
     0.47524     0.74189      -0.242   0.0039183
     0.50055     0.85959    -0.28405    0.006013
     0.34248     0.69378   -0.078557   0.0055821
     0.26753     0.86621    -0.22647   0.0051748
     0.26753     0.86621    -0.22647   0.0051748
     0.29436     0.81363    -0.18419    0.004853
     0.22966      1.0061    -0.22477     0.01045
     0.22966      1.0061    -0.22477     0.01045
     0.39933      0.9095    -0.25586   0.0065027
     0.24283      1.0075    -0.25641   0.0073181
     0.30589     0.98426    -0.24946   0.0084275
      0.4795     0.72993    -0.24208   0.0043622
     0.52738     0.81683    -0.27909   0.0063141
     0.40105     0.60264    -0.02517   0.0063996
     0.40105     0.60264    -0.02517   0.0063996
     0.64597     0.51176    -0.28268   0.0053762
     0.64597     0.51176    -0.28268   0.0053762
     0.64597     0.51176    -0.28268   0.0053762
     0.64597     0.51176    -0.28268   0.0053762
     0.81846     0.55406    -0.40919   0.0035074
     0.81846     0.55406    -0.40919   0.0035074
     0.81846     0.55406    -0.40919   0.0035074
     0.65902     0.63996    -0.38161   0.0023965
      0.6938     0.55535    -0.37422   0.0036554
      0.6938     0.55535    -0.37422   0.0036554
     0.65601     0.57661    -0.36557   0.0030038
     0.65601     0.57661    -0.36557   0.0030038
     0.65601     0.57661    -0.36557   0.0030038
     0.65601     0.57661    -0.36557   0.0030038
     0.35942     0.64342   -0.012748   0.0065537
     0.35942     0.64342   -0.012748   0.0065537
     0.13476     0.82079     -0.1345   0.0058416
     0.17892     0.83509    -0.17965   0.0050605
     0.30959     0.84185     -0.2038    0.005092
     0.46303      1.0201     -0.2029    0.016451
      0.5927     0.94696     -0.2029    0.011696
      0.5927     0.94696     -0.2029    0.011696
     0.69484     0.75293    -0.34125   0.0062833
     0.80028     0.61655    -0.44115   0.0029314
     0.79196     0.57406    -0.42739   0.0028581
      1.0442      0.7187   -0.049398    0.014824
     0.94993     0.66156    -0.32392   0.0066071
      1.0163      0.6891    -0.16401    0.012722
      0.8865     0.57259    -0.39812   0.0036518
      0.8865     0.57259    -0.39812   0.0036518
      0.8865     0.57259    -0.39812   0.0036518
      0.8865     0.57259    -0.39812   0.0036518
      0.8865     0.57259    -0.39812   0.0036518
     0.89474     0.56776    -0.38572    0.003152
     0.89474     0.56776    -0.38572    0.003152
     0.89474     0.56776    -0.38572    0.003152
     0.84016     0.60003    -0.43704   0.0024809
     0.84016     0.60003    -0.43704   0.0024809
     0.97238     0.64255    -0.31253   0.0059919
     0.97238     0.64255    -0.31253   0.0059919
     0.97238     0.64255    -0.31253   0.0059919
      1.0618     0.83406     0.32232     0.02618
      1.1025     0.72146     0.14636    0.017251
      1.1025     0.72146     0.14636    0.017251
      1.1025     0.72146     0.14636    0.017251
      1.1025     0.72146     0.14636    0.017251
     0.81159     0.84553    -0.21649    0.012865
     0.61166     0.71189    -0.33754   0.0036445
     0.44154     0.88056    -0.26085   0.0072444
     0.61313      1.0303   -0.064841    0.019263
     0.35573     0.90846    -0.25468   0.0064977
     0.35573     0.90846    -0.25468   0.0064977
     0.35573     0.90846    -0.25468   0.0064977
     0.35573     0.90846    -0.25468   0.0064977
     0.38865     0.97663    -0.23802    0.010458
     0.57606     0.74217    -0.31342   0.0041547
     0.57606     0.74217    -0.31342   0.0041547
     0.46805     0.50652   -0.028686   0.0057149
     0.44841     0.72409    -0.20932   0.0045293
     0.44841     0.72409    -0.20932   0.0045293
     0.44841     0.72409    -0.20932   0.0045293
     0.32003     0.49053     0.32945    0.008492
     0.14431     0.49555     0.67769    0.011323
     0.33393     0.60561    0.062975   0.0071621
     0.46164     0.72581    -0.21584   0.0047685
      0.5774     0.48022    -0.17009   0.0057652
     0.84036     0.49478    -0.26494   0.0069409
     0.84036     0.49478    -0.26494   0.0069409
     0.84036     0.49478    -0.26494   0.0069409
     0.84036     0.49478    -0.26494   0.0069409
     0.84036     0.49478    -0.26494   0.0069409
     0.84036     0.49478    -0.26494   0.0069409
     0.99144     0.63533    -0.28086   0.0069177
     0.99144     0.63533    -0.28086   0.0069177
     0.99144     0.63533    -0.28086   0.0069177
      1.1424     0.46571     0.18282     0.00579
      1.1424     0.46571     0.18282     0.00579
      1.0842     0.34133     0.83485    0.023165
       1.072     0.35744     0.68258    0.016523
       1.072     0.35744     0.68258    0.016523
       1.072     0.35744     0.68258    0.016523
     0.81915     0.58716    -0.43954   0.0026428
     0.81915     0.58716    -0.43954   0.0026428
     0.61635     0.55069     -0.3013   0.0038792
     0.61635     0.55069     -0.3013   0.0038792
     0.61635     0.55069     -0.3013   0.0038792
      0.8464     0.67025    -0.41853    0.004369
      0.8464     0.67025    -0.41853    0.004369
      0.8464     0.67025    -0.41853    0.004369
     0.70313     0.78357    -0.32758   0.0077953
     0.70313     0.78357    -0.32758   0.0077953
     0.78097     0.67889    -0.42253   0.0033819
     0.78097     0.67889    -0.42253   0.0033819
     0.78097     0.67889    -0.42253   0.0033819
     0.63275     0.56453    -0.33386   0.0034916
     0.74028       0.723    -0.39018   0.0044715
     0.74028       0.723    -0.39018   0.0044715
      0.7081     0.84311    -0.28913   0.0075203
     0.82106     0.82708    -0.20487    0.013708
     0.82106     0.82708    -0.20487    0.013708
     0.62722      1.0436    -0.02105    0.024748
     0.52498      1.0345    -0.13166    0.017328
     0.26542       1.079    -0.20073    0.010853
     0.26542       1.079    -0.20073    0.010853
     0.38853     0.93225    -0.25733    0.006892
     0.56234     0.73929    -0.30421   0.0043707
     0.59323      1.0076    -0.13821    0.014892
     0.31162      1.0018    -0.23554    0.011786
     0.31162      1.0018    -0.23554    0.011786
     0.39392     0.96044    -0.23856   0.0095569
     0.24789      1.1035    -0.19765    0.012498
    0.053415      1.1022    -0.20726    0.011323
    0.053415      1.1022    -0.20726    0.011323
    0.053415      1.1022    -0.20726    0.011323
    0.053415      1.1022    -0.20726    0.011323
     0.26195      1.1564   -0.067853    0.021859
     0.32988      1.0597    -0.22582    0.010772
    0.069701      1.1006    -0.18389     0.01496
   -0.007012     0.97126    -0.24841    0.005991
     -0.2703     0.97437     -0.2468   0.0071541
     -0.2703     0.97437     -0.2468   0.0071541
    -0.26891      1.2065    0.014154    0.023374
   -0.090061       1.049    -0.24392    0.010917
    -0.27456     0.95146    -0.25375   0.0065383
    -0.27456     0.95146    -0.25375   0.0065383
    -0.25818       1.019    -0.24656    0.010166
   -0.087803     0.93255    -0.21963   0.0054381
   -0.087803     0.93255    -0.21963   0.0054381
   -0.087803     0.93255    -0.21963   0.0054381
   -0.087803     0.93255    -0.21963   0.0054381
    -0.22053      1.2202   0.0068475    0.025604
    -0.22053      1.2202   0.0068475    0.025604
    -0.22053      1.2202   0.0068475    0.025604
    -0.22053      1.2202   0.0068475    0.025604
    -0.22053      1.2202   0.0068475    0.025604
    -0.17532      1.1423    -0.12954    0.018557
    -0.16061     0.94769    -0.24494   0.0055901
    0.028108      1.0332    -0.24782   0.0077805
    0.028108      1.0332    -0.24782   0.0077805
     0.19173     0.99429    -0.24601   0.0074326
   -0.039925     0.93365    -0.23534    0.004486
   -0.039925     0.93365    -0.23534    0.004486
   -0.039925     0.93365    -0.23534    0.004486
   -0.039925     0.93365    -0.23534    0.004486
   -0.039925     0.93365    -0.23534    0.004486
     0.13335      1.0234     -0.2484   0.0078266
     0.13335      1.0234     -0.2484   0.0078266
    0.069596     0.75974   -0.042769   0.0055391
     0.19587     0.67804    0.061032   0.0071809
     0.12845     0.61806     0.24555   0.0079718
     0.24765     0.52198     0.39116   0.0085788
     0.39026     0.82027    -0.23153   0.0049777
     0.39026     0.82027    -0.23153   0.0049777
     0.54678     0.97023    -0.22435    0.010216
     0.54678     0.97023    -0.22435    0.010216
     0.53736      1.0661    -0.12152    0.018317
     0.25707     0.78313    -0.13865   0.0050185
     0.25707     0.78313    -0.13865   0.0050185
     0.25707     0.78313    -0.13865   0.0050185
   -0.026018     0.97882    -0.25567   0.0054082
    -0.13987      1.0687     -0.2367    0.010733
    -0.30446       1.067    -0.21106    0.010469
      -0.529     0.91685    -0.25399   0.0091877
     -0.7108     0.73585    -0.36812    0.005044
     -0.7108     0.73585    -0.36812    0.005044
     -0.7108     0.73585    -0.36812    0.005044
    -0.82784     0.63992    -0.43921   0.0030507
    -0.82784     0.63992    -0.43921   0.0030507
    -0.82784     0.63992    -0.43921   0.0030507
    -0.82784     0.63992    -0.43921   0.0030507
    -0.82784     0.63992    -0.43921   0.0030507
    -0.82784     0.63992    -0.43921   0.0030507
    -0.77472     0.62956    -0.44239   0.0022868
    -0.77472     0.62956    -0.44239   0.0022868
    -0.77472     0.62956    -0.44239   0.0022868
    -0.77472     0.62956    -0.44239   0.0022868
    -0.58332       0.428   0.0078921   0.0092476
    -0.88311     0.54732    -0.37114   0.0036314
    -0.88311     0.54732    -0.37114   0.0036314
     -0.6805     0.66046    -0.39686   0.0030912
     -0.6805     0.66046    -0.39686   0.0030912
    -0.61298     0.59708    -0.32819   0.0036482
    -0.61298     0.59708    -0.32819   0.0036482
    -0.70251     0.49581    -0.27441   0.0065439
    -0.70251     0.49581    -0.27441   0.0065439
    -0.70251     0.49581    -0.27441   0.0065439
    -0.70251     0.49581    -0.27441   0.0065439
     -0.7768      0.7251    -0.38483   0.0053948
     -1.0182     0.54185    -0.20953   0.0037509
    -0.76256     0.46967    -0.18409   0.0079094
    -0.76256     0.46967    -0.18409   0.0079094
    -0.60681     0.44393   -0.091655   0.0079493
    -0.60681     0.44393   -0.091655   0.0079493
    -0.60681     0.44393   -0.091655   0.0079493
    -0.60681     0.44393   -0.091655   0.0079493
    -0.60681     0.44393   -0.091655   0.0079493
    -0.65617     0.69325    -0.36812   0.0029915
    -0.65617     0.69325    -0.36812   0.0029915
    -0.58629     0.83991    -0.28945   0.0056423
    -0.58629     0.83991    -0.28945   0.0056423
    -0.58629     0.83991    -0.28945   0.0056423
    -0.41809       1.116   -0.088178    0.018758
    -0.32351      1.1845     -0.0253    0.023001
    -0.32351      1.1845     -0.0253    0.023001
    -0.32351      1.1845     -0.0253    0.023001
   -0.059411      1.1447     -0.1641    0.016078
   -0.059411      1.1447     -0.1641    0.016078
    -0.32806      1.0976    -0.18077    0.012018
    -0.26307      1.2266    0.042354    0.025029
    -0.15416     0.94718      -0.246    0.005927
    -0.15416     0.94718      -0.246    0.005927
    0.075579     0.71778    0.034298   0.0069459
     0.37089     0.98483    -0.26031   0.0071127
     0.37089     0.98483    -0.26031   0.0071127
     0.37089     0.98483    -0.26031   0.0071127
     0.37089     0.98483    -0.26031   0.0071127
     0.26352      1.2289    0.030325    0.021249
     0.26352      1.2289    0.030325    0.021249
     0.26352      1.2289    0.030325    0.021249
     0.26352      1.2289    0.030325    0.021249
     0.26352      1.2289    0.030325    0.021249
    0.095421       1.165    -0.12545    0.018446
    0.095421       1.165    -0.12545    0.018446
     0.35293      1.2513     0.15908    0.023631
     0.46459      1.0404    -0.15833    0.014986
      0.5426     0.76304    -0.28854   0.0047272
     0.48166     0.87843    -0.27097   0.0075439
     0.42554       1.019     -0.1864    0.011655
     0.50244     0.97094    -0.21905    0.011316
     0.53625     0.78726    -0.29081   0.0045808
     0.72939     0.51452    -0.32631   0.0053367
     0.77998     0.79951    -0.29458    0.010535
     0.62854      1.0063    -0.10141    0.016914
     0.88261     0.92727    0.075553    0.019464
      0.8134     0.75773    -0.33882   0.0072591
      0.8134     0.75773    -0.33882   0.0072591
     0.90967     0.99107     0.35388    0.034166
     0.92953     0.78902      -0.165    0.013086
     0.86446     0.89584   -0.048167     0.02061
     0.86446     0.89584   -0.048167     0.02061
     0.92954      0.9441     0.28865    0.027825
      1.0817     0.73416    0.089996    0.018888
      1.0817     0.73416    0.089996    0.018888
     0.83024     0.81544    -0.23996    0.011812
     0.83024     0.81544    -0.23996    0.011812
     0.53964     0.85828    -0.27821   0.0064807
     0.53964     0.85828    -0.27821   0.0064807
      0.3947     0.87472     -0.2462   0.0055119
      0.3947     0.87472     -0.2462   0.0055119
     0.22247      0.8449     -0.1895   0.0052653
     0.30829      0.5663     0.18497   0.0078746
     0.30829      0.5663     0.18497   0.0078746
     0.30829      0.5663     0.18497   0.0078746
     0.57361     0.86357    -0.28184   0.0063384
     0.70961     0.65007     -0.4121    0.002379
     0.70961     0.65007     -0.4121    0.002379
      0.8476     0.63681    -0.43157   0.0037322
      0.8476     0.63681    -0.43157   0.0037322
      0.8476     0.63681    -0.43157   0.0037322
      0.8476     0.63681    -0.43157   0.0037322
     0.94567     0.64651    -0.35411    0.005401
     0.94567     0.64651    -0.35411    0.005401
     0.94567     0.64651    -0.35411    0.005401
     0.94567     0.64651    -0.35411    0.005401
      0.8658     0.61114     -0.4313   0.0029846
      0.8658     0.61114     -0.4313   0.0029846
      0.8658     0.61114     -0.4313   0.0029846
     0.81955     0.47842    -0.19688   0.0077326
      0.7726     0.48423    -0.24195   0.0083219
     0.89856     0.52042    -0.30782   0.0050366
     0.89856     0.52042    -0.30782   0.0050366
     0.93715     0.67442    -0.33769     0.00814
     0.90827     0.76581     -0.2503    0.013401
     0.97289     0.46904   -0.072632   0.0077933
     0.97289     0.46904   -0.072632   0.0077933
     0.97289     0.46904   -0.072632   0.0077933
     0.93996     0.74032    -0.22163    0.012901
     0.75717     0.54199    -0.38827   0.0037028
     0.75717     0.54199    -0.38827   0.0037028
     0.75717     0.54199    -0.38827   0.0037028
     0.75717     0.54199    -0.38827   0.0037028
     0.78638     0.70469    -0.40269    0.004926
     0.78638     0.70469    -0.40269    0.004926
     0.84904       0.777    -0.28178   0.0093191
     0.84904       0.777    -0.28178   0.0093191
     0.70389     0.68087    -0.40034   0.0031515
     0.70699     0.55799    -0.38953   0.0034527
     0.70699     0.55799    -0.38953   0.0034527
     0.70008     0.63174    -0.40747   0.0022353
     0.77654     0.85515    -0.23409     0.01194
     0.61755      0.6374    -0.34049   0.0029608
     0.56546     0.63587    -0.28306   0.0036384
     0.30661     0.80062    -0.18678   0.0056601
    0.088798      1.0502    -0.23201    0.010037
     0.20791      0.7598   -0.090788   0.0061852
     0.18093     0.58568     0.28624   0.0090587
     0.18093     0.58568     0.28624   0.0090587
     0.18093     0.58568     0.28624   0.0090587
    0.023726      0.8781    -0.19904   0.0047163
    0.023726      0.8781    -0.19904   0.0047163
     0.21764     0.97646    -0.24835   0.0074099
     0.24467     0.68326    0.027935   0.0073647
     0.28239     0.88195    -0.23784   0.0046391
     0.32917      1.0147    -0.24264   0.0083628
     0.23214      1.1828   -0.074176    0.020173
    0.078046      1.0965    -0.20451      0.0121
     0.23601     0.90532    -0.22753   0.0053478
     0.39153     0.83956    -0.24302   0.0050767
     0.54082     0.79576    -0.28821   0.0056895
     0.54082     0.79576    -0.28821   0.0056895
     0.38001     0.56741    0.062499   0.0061423
     0.38347     0.64532   -0.056226   0.0056324
     0.23093      0.6351     0.11976   0.0082632
     0.51745     0.82069    -0.28758   0.0044233
     0.29841      1.0404    -0.21183    0.013208
     0.42115      0.9452    -0.24256   0.0096713
     0.60424     0.79426    -0.31556   0.0061261
     0.74235      1.0853     0.19793    0.026026
     0.66533      1.1334      0.2518    0.031646
     0.42618      1.2468     0.34113    0.041646
     0.64978      1.1137      0.1437    0.026846
     0.64978      1.1137      0.1437    0.026846
     0.76366     0.97186  0.00033894    0.023913
     0.76366     0.97186  0.00033894    0.023913
     0.76366     0.97186  0.00033894    0.023913
     0.76366     0.97186  0.00033894    0.023913
     0.76366     0.97186  0.00033894    0.023913
     0.52889     0.70086    -0.26673   0.0040478
     0.72081      0.7232    -0.37421   0.0054162
     0.73782     0.73832    -0.37775   0.0063011
      0.7914     0.75176    -0.35809    0.005822
     0.80473      0.5593    -0.41308   0.0036451
     0.80473      0.5593    -0.41308   0.0036451
     0.79975     0.71441    -0.38964   0.0063347
     0.79975     0.71441    -0.38964   0.0063347
     0.79975     0.71441    -0.38964   0.0063347
     0.79975     0.71441    -0.38964   0.0063347
     0.87073     0.73382    -0.32414   0.0081994
       1.046     0.53035    -0.14037   0.0040526
       1.046     0.53035    -0.14037   0.0040526
       1.046     0.53035    -0.14037   0.0040526
       1.046     0.53035    -0.14037   0.0040526
       1.046     0.53035    -0.14037   0.0040526
       1.046     0.53035    -0.14037   0.0040526
       1.046     0.53035    -0.14037   0.0040526
       1.046     0.53035    -0.14037   0.0040526
     0.94171     0.65246    -0.33907    0.007532
     0.98881     0.64843    -0.28278   0.0077318
     0.98881     0.64843    -0.28278   0.0077318
     0.98881     0.64843    -0.28278   0.0077318
     0.78515     0.94157   -0.052634    0.019339
     0.61701     0.69805    -0.34282   0.0029153
     0.61701     0.69805    -0.34282   0.0029153
     0.61701     0.69805    -0.34282   0.0029153
     0.38455     0.80758    -0.21764   0.0051439
     0.23297     0.79469    -0.13755   0.0058306
    0.045719     0.82741    -0.14081   0.0055813
    0.045719     0.82741    -0.14081   0.0055813
    0.025412     0.85918    -0.18343   0.0060185
    -0.15335     0.82348    -0.16117   0.0051027
  0.00059888      1.0314    -0.24731   0.0075304
  0.00059888      1.0314    -0.24731   0.0075304
    -0.29149     0.84132    -0.21119   0.0049472
    -0.30246     0.74774    -0.11998   0.0063257
    -0.41196     0.58852   -0.026895   0.0064465
     -0.1291     0.76441   -0.065004   0.0060853
     -0.1291     0.76441   -0.065004   0.0060853
   -0.007178      0.7841   -0.094307   0.0064466
     0.28233      1.0343    -0.22157   0.0097482
     0.10889      1.1305    -0.17727    0.015213
     0.11866      1.1621    -0.15581    0.013982
     0.26581      1.1466   -0.092709    0.021098
     0.38588      1.0555    -0.18729    0.011898
       0.185     0.92198    -0.23926   0.0056594
       0.185     0.92198    -0.23926   0.0056594
       0.185     0.92198    -0.23926   0.0056594
     0.19508     0.90989    -0.23627    0.005187
     0.19508     0.90989    -0.23627    0.005187
     0.20535      1.0755    -0.22704    0.010169
    0.056706      1.2604    0.097458    0.025994
     0.33376      1.2216     0.10189    0.028808
     0.33376      1.2216     0.10189    0.028808
     0.33376      1.2216     0.10189    0.028808
     0.39418      1.0139    -0.22935    0.011795
     0.36646      1.1455   -0.078015    0.019809
     0.50353      1.0688    -0.11944    0.018336
     0.21325     0.97095    -0.24262    0.009591
     0.21325     0.97095    -0.24262    0.009591
     0.16021     0.92789    -0.24489   0.0041943
     0.16021     0.92789    -0.24489   0.0041943
    0.014803      1.0374    -0.24868   0.0075333
    0.014803      1.0374    -0.24868   0.0075333
    0.014803      1.0374    -0.24868   0.0075333
    -0.18989      1.0155    -0.24221   0.0080736
    -0.35208     0.80106    -0.19802   0.0052141
    -0.44019     0.71042    -0.19351   0.0053468
    -0.44019     0.71042    -0.19351   0.0053468
    -0.56062     0.75207    -0.29453    0.005506
    -0.65499      0.5279    -0.31464   0.0046779
    -0.65499      0.5279    -0.31464   0.0046779
     -0.5756     0.50985    -0.20067   0.0050876
     -0.5756     0.50985    -0.20067   0.0050876
     -0.5756     0.50985    -0.20067   0.0050876
    -0.53286     0.77448    -0.28881   0.0042469
    -0.77845     0.99121    0.058769    0.022877
    -0.75338     0.94919    -0.07189    0.018502
    -0.75338     0.94919    -0.07189    0.018502
    -0.50326     0.70026    -0.25127   0.0042684
    -0.74866     0.63881    -0.43048   0.0025179
    -0.74866     0.63881    -0.43048   0.0025179
    -0.74866     0.63881    -0.43048   0.0025179
    -0.74866     0.63881    -0.43048   0.0025179
    -0.74866     0.63881    -0.43048   0.0025179
    -0.74866     0.63881    -0.43048   0.0025179
    -0.64872     0.55912    -0.34016   0.0036076
    -0.66354     0.54526    -0.34618   0.0039552
    -0.48694     0.60258    -0.16893   0.0044099
    -0.48694     0.60258    -0.16893   0.0044099
    -0.48694     0.60258    -0.16893   0.0044099
    -0.74758       0.876    -0.20251    0.010695
    -0.89981      0.5961    -0.40085   0.0034208
    -0.69087     0.64131    -0.40517   0.0021985
    -0.77062     0.49676    -0.28175   0.0059333
    -0.77062     0.49676    -0.28175   0.0059333
    -0.72805     0.69185    -0.39797   0.0038355
    -0.72805     0.69185    -0.39797   0.0038355
    -0.72805     0.69185    -0.39797   0.0038355
    -0.72805     0.69185    -0.39797   0.0038355
    -0.86726     0.48988     -0.2305   0.0068531
    -0.60029     0.51286     -0.2389   0.0053836
    -0.60029     0.51286     -0.2389   0.0053836
    -0.70835     0.69283    -0.39751    0.003515
    -0.70835     0.69283    -0.39751    0.003515
    -0.76796     0.81949    -0.27024   0.0098466
    -0.76796     0.81949    -0.27024   0.0098466
    -0.76796     0.81949    -0.27024   0.0098466
    -0.76796     0.81949    -0.27024   0.0098466
    -0.88981     0.54264    -0.35553   0.0040241
    -0.88981     0.54264    -0.35553   0.0040241
    -0.88981     0.54264    -0.35553   0.0040241
    -0.95538     0.55506    -0.31403   0.0034031
    -0.78868     0.69708    -0.40445   0.0057807
    -0.59924     0.96214    -0.19918     0.01216
    -0.59924     0.96214    -0.19918     0.01216
    -0.75467     0.75769    -0.34388   0.0071418
    -0.75467     0.75769    -0.34388   0.0071418
    -0.75467     0.75769    -0.34388   0.0071418
    -0.74514     0.75317     -0.3671   0.0062566
    -0.70621     0.70956    -0.38719   0.0037541
    -0.70621     0.70956    -0.38719   0.0037541
     -0.5197     0.73265    -0.27754   0.0044958
      -0.642     0.75996    -0.33717   0.0054373
      -0.642     0.75996    -0.33717   0.0054373
      -0.642     0.75996    -0.33717   0.0054373
      -0.642     0.75996    -0.33717   0.0054373
    -0.90734     0.92495     0.20186    0.027874
    -0.90734     0.92495     0.20186    0.027874
    -0.90734     0.92495     0.20186    0.027874
     -1.1884     0.75629     0.65212    0.024199
     -1.1884     0.75629     0.65212    0.024199
    -0.93106     0.73879    -0.24555   0.0093239
    -0.93106     0.73879    -0.24555   0.0093239
    -0.93106     0.73879    -0.24555   0.0093239
    -0.94319      0.6969    -0.29905   0.0094143
    -0.94319      0.6969    -0.29905   0.0094143
    -0.94319      0.6969    -0.29905   0.0094143
      -1.094      0.6191   -0.051145   0.0078051
      -1.094      0.6191   -0.051145   0.0078051
      -1.094      0.6191   -0.051145   0.0078051
      -1.094      0.6191   -0.051145   0.0078051
      -1.094      0.6191   -0.051145   0.0078051
    -0.79669     0.59485    -0.44763   0.0023697
    -0.60776     0.60354    -0.31766   0.0031772
    -0.67987     0.51856    -0.32062   0.0049341
    -0.66979      0.5419    -0.34961   0.0039411
     -0.7831     0.56452    -0.41484   0.0028036
     -1.0223     0.78752    0.047071    0.018003
     -1.0223     0.78752    0.047071    0.018003
     -1.0223     0.78752    0.047071    0.018003
     -0.7533     0.60601    -0.43335   0.0023013
    -0.72353     0.55009     -0.3956   0.0035586
    -0.72353     0.55009     -0.3956   0.0035586
    -0.72353     0.55009     -0.3956   0.0035586
    -0.59663     0.59009    -0.30298   0.0034988
    -0.59663     0.59009    -0.30298   0.0034988
    -0.59663     0.59009    -0.30298   0.0034988
    -0.82811       0.809    -0.25554    0.009822
    -0.82811       0.809    -0.25554    0.009822
     -1.0015     0.77372   -0.044108    0.015103
     -1.0015     0.77372   -0.044108    0.015103
    -0.98515     0.81906    0.066611    0.019757
    -0.98515     0.81906    0.066611    0.019757
    -0.80375     0.62554    -0.44336   0.0023553
    -0.64756      0.7984    -0.32353   0.0067223
    -0.64756      0.7984    -0.32353   0.0067223
    -0.67399     0.87968    -0.25222   0.0099432
    -0.67399     0.87968    -0.25222   0.0099432
    -0.67399     0.87968    -0.25222   0.0099432
     -0.7797     0.69309    -0.41056   0.0040288
     -0.7797     0.69309    -0.41056   0.0040288
    -0.93059     0.55292    -0.33593    0.003343
    -0.93059     0.55292    -0.33593    0.003343
    -0.93059     0.55292    -0.33593    0.003343
    -0.93059     0.55292    -0.33593    0.003343
    -0.93059     0.55292    -0.33593    0.003343
    -0.93059     0.55292    -0.33593    0.003343
    -0.93059     0.55292    -0.33593    0.003343
    -0.97542      0.8161  -0.0078187    0.016028
    -0.97542      0.8161  -0.0078187    0.016028
    -0.97542      0.8161  -0.0078187    0.016028
    -0.77202     0.95416    0.011484    0.023169
    -0.77202     0.95416    0.011484    0.023169
    -0.77202     0.95416    0.011484    0.023169
     -0.5216     0.86206    -0.29168   0.0050853
    -0.23122      0.8899    -0.22682   0.0056656
    -0.47781     0.68302    -0.20696   0.0039522
    -0.66025      0.5229    -0.31161    0.004342
    -0.66025      0.5229    -0.31161    0.004342
    -0.66025      0.5229    -0.31161    0.004342
    -0.66025      0.5229    -0.31161    0.004342
    -0.82406      0.7387    -0.34709    0.006306
    -0.66202     0.69341    -0.37797   0.0032651
    -0.66202     0.69341    -0.37797   0.0032651
    -0.48957     0.53723    -0.10171   0.0054672
    -0.57006     0.66993    -0.29722   0.0033092
    -0.57006     0.66993    -0.29722   0.0033092
    -0.34682     0.87457    -0.24723   0.0063058
    -0.33988     0.70297   -0.085006    0.004997
     -0.3793     0.85474    -0.25574   0.0045018
    -0.37001     0.73235    -0.14886   0.0049688
    -0.49189     0.82279    -0.27247   0.0049476
    -0.69059     0.91357    -0.21357    0.013678
    -0.69059     0.91357    -0.21357    0.013678
    -0.39994      1.1404   -0.055032    0.019949
    -0.21148      0.8444    -0.18975   0.0051728
    -0.35015      1.0952    -0.13906    0.017069
    -0.61093     0.99445    -0.11842    0.014814
    -0.85116     0.89932   -0.043169    0.019932
     -0.8042     0.60579    -0.44357    0.002596
     -0.8042     0.60579    -0.44357    0.002596
    -0.72995     0.69145    -0.41266   0.0031197
    -0.72995     0.69145    -0.41266   0.0031197
    -0.62601     0.71892    -0.35279    0.003995
    -0.62601     0.71892    -0.35279    0.003995
    -0.62601     0.71892    -0.35279    0.003995
    -0.43706     0.85594    -0.26553   0.0057979
    -0.41545     0.99305    -0.23159     0.01099
    -0.24975      1.2217    0.085392    0.028537
    -0.21981     0.94961    -0.24835   0.0050035
    -0.21981     0.94961    -0.24835   0.0050035
    -0.42932     0.98235    -0.22581   0.0098834
    -0.30871      1.1175    -0.12664    0.018398
    -0.30871      1.1175    -0.12664    0.018398
    -0.27526      0.8241     -0.1873   0.0058208
    -0.36843     0.63977   -0.033839   0.0059985
    -0.66409     0.91515    -0.21016    0.012541
     -0.5618      1.0341     -0.1118    0.018683
     -0.6478     0.76925    -0.34098   0.0057403
    -0.75886     0.54078    -0.38891   0.0042848
    -0.92603     0.58588     -0.3706   0.0038004
    -0.68227     0.63192    -0.39693   0.0027047
    -0.75027     0.71484    -0.40078   0.0041325
    -0.75027     0.71484    -0.40078   0.0041325
    -0.88389     0.69465    -0.36332   0.0068514
    -0.88389     0.69465    -0.36332   0.0068514
    -0.63236     0.67648    -0.35824   0.0030279
    -0.89687     0.55395    -0.36367   0.0034797
    -0.89687     0.55395    -0.36367   0.0034797
    -0.89687     0.55395    -0.36367   0.0034797
    -0.64702     0.60654    -0.36608   0.0025846
    -0.94601      0.6919    -0.30975   0.0082611
    -0.94601      0.6919    -0.30975   0.0082611
    -0.94601      0.6919    -0.30975   0.0082611
    -0.94601      0.6919    -0.30975   0.0082611
     -0.9043     0.53472    -0.32908   0.0040794
     -0.9043     0.53472    -0.32908   0.0040794
     -0.9043     0.53472    -0.32908   0.0040794
     -0.9043     0.53472    -0.32908   0.0040794
     -0.9043     0.53472    -0.32908   0.0040794
    -0.94595     0.56053    -0.32885   0.0037868
    -0.94595     0.56053    -0.32885   0.0037868
    -0.94595     0.56053    -0.32885   0.0037868
    -0.94595     0.56053    -0.32885   0.0037868
    -0.94595     0.56053    -0.32885   0.0037868
    -0.94595     0.56053    -0.32885   0.0037868
    -0.94595     0.56053    -0.32885   0.0037868
    -0.94595     0.56053    -0.32885   0.0037868
    -0.78464     0.51641    -0.33977   0.0058837
     -0.7958     0.53133    -0.37534    0.004287
    -0.70002     0.46128    -0.16473   0.0095606
    -0.48671     0.65715    -0.20077    0.004482
    -0.46203     0.92804    -0.26415   0.0079217
    -0.34546      1.0817    -0.19154    0.011609
    -0.17213     0.97368    -0.25384   0.0062072
    -0.17213     0.97368    -0.25384   0.0062072
    0.030491      1.0162    -0.24454   0.0069192
    0.072659      0.8869    -0.20424   0.0059912
     0.18918     0.68231    0.062189   0.0065695
     0.46788     0.49501  -0.0076857   0.0054991
     0.45041     0.53654   -0.027175   0.0059364
     0.45041     0.53654   -0.027175   0.0059364
     0.66942     0.72517    -0.36729   0.0036008
     0.66942     0.72517    -0.36729   0.0036008
     0.93974     0.83952    0.023394    0.019913
     0.79304     0.94568  -0.0070171    0.020478
     0.70417     0.80463    -0.31067     0.01158
     0.49067     0.71729    -0.23555   0.0042013
     0.63475     0.85683    -0.28114   0.0086462
     0.50548       1.147    0.020943    0.029351
     0.21799     0.85995    -0.20582   0.0051772
     0.25605     0.88938    -0.22749   0.0049146
    0.051324     0.87277    -0.19011   0.0048071
   -0.059847     0.88263    -0.19815   0.0048566
   -0.059847     0.88263    -0.19815   0.0048566
    -0.11359      1.0582    -0.22285    0.011984
    -0.11359      1.0582    -0.22285    0.011984
    -0.11359      1.0582    -0.22285    0.011984
    -0.11359      1.0582    -0.22285    0.011984
    0.080226      1.0085    -0.25384   0.0068285
     0.32537     0.71187   -0.085545   0.0057696
     0.24356     0.93439    -0.24077   0.0052132
     0.12355      1.1162    -0.18856    0.012629
     0.08099     0.86465    -0.18726   0.0046284
     0.08099     0.86465    -0.18726   0.0046284
    -0.20694      1.1037    -0.16947    0.012706
    0.011868     0.97495    -0.24727   0.0059926
     0.10267      1.0787    -0.22441    0.011362
     0.26554     0.89952    -0.23764   0.0067075
     0.15024     0.86915    -0.19739   0.0049697
    0.050655      1.1025    -0.20147    0.013485
    0.074807     0.94215    -0.23936   0.0054882
   0.0096091     0.95057    -0.24129   0.0050645
    -0.24977     0.98381    -0.25303    0.009043
    -0.43048     0.88721    -0.27736   0.0050051
    -0.62602      1.0733  0.00055258    0.021862
    -0.46214     0.91125    -0.26755   0.0067778
    -0.46214     0.91125    -0.26755   0.0067778
    -0.56814      1.1714     0.18035    0.036922
    -0.35227      1.0111    -0.22571    0.012105
    -0.35227      1.0111    -0.22571    0.012105
    -0.57818     0.79135    -0.30563   0.0043872
    -0.57818     0.79135    -0.30563   0.0043872
    -0.34522      1.0129     -0.2305   0.0099448
    -0.61338     0.91865     -0.2453   0.0098703
    -0.61338     0.91865     -0.2453   0.0098703
    -0.61338     0.91865     -0.2453   0.0098703
    -0.38031     0.98536     -0.2365   0.0092411
    -0.29421     0.88388    -0.23763   0.0057276
    -0.22888      1.1703   -0.083964    0.021254
    -0.32828      1.1981      0.0437    0.031311
   -0.044168     0.96384    -0.25157   0.0056407
   -0.044168     0.96384    -0.25157   0.0056407
   -0.044168     0.96384    -0.25157   0.0056407
    -0.12731      1.0267    -0.25381   0.0095806
    -0.34255      1.0963    -0.14947    0.014498
    -0.34255      1.0963    -0.14947    0.014498
    -0.22883      1.1981   -0.028927    0.026055
   -0.038545      1.0882     -0.2255    0.010997
    0.068841     0.92602    -0.22577    0.006233
    0.068841     0.92602    -0.22577    0.006233
     0.10555     0.84036    -0.15871   0.0052446
   -0.083671     0.89388    -0.21472    0.004384
    0.036514      1.0142    -0.25577   0.0070839
    0.083499      1.2764     0.12178    0.031648
     0.13364      1.2034   -0.040081    0.019911
     0.13364      1.2034   -0.040081    0.019911
     0.13364      1.2034   -0.040081    0.019911
   -0.090005     0.91261    -0.21786   0.0045971
   -0.061327     0.77507   -0.073849   0.0058123
     0.14231     0.59392     0.30496   0.0094483
    0.022741     0.67964     0.12386   0.0081125
    -0.11334     0.66373      0.1298   0.0073305
    -0.33249     0.94677    -0.25616    0.006412
    -0.33249     0.94677    -0.25616    0.006412
    -0.33812     0.66882    -0.04261    0.006416
    -0.56184     0.66318     -0.2885   0.0036416
    -0.45924     0.80745    -0.25119   0.0048594
    -0.65626     0.88198    -0.25453    0.010792
    -0.65626     0.88198    -0.25453    0.010792
    -0.48294     0.74268    -0.24833   0.0048267
    -0.53801     0.44912   -0.046248   0.0074707
    -0.53801     0.44912   -0.046248   0.0074707
    -0.58875     0.54378    -0.25969   0.0040759
    -0.58875     0.54378    -0.25969   0.0040759
    -0.58875     0.54378    -0.25969   0.0040759
    -0.72942     0.76905    -0.34735   0.0065223
    -0.77563     0.63594    -0.43909   0.0025423
    -0.77563     0.63594    -0.43909   0.0025423
    -0.60273     0.48025    -0.18453   0.0062219
     -0.5545     0.60585    -0.26157   0.0038047
     -0.5545     0.60585    -0.26157   0.0038047
     -0.5545     0.60585    -0.26157   0.0038047
     -0.5545     0.60585    -0.26157   0.0038047
    -0.68067     0.61133    -0.39116   0.0026627
    -0.68067     0.61133    -0.39116   0.0026627
    -0.68067     0.61133    -0.39116   0.0026627
    -0.68067     0.61133    -0.39116   0.0026627
    -0.68067     0.61133    -0.39116   0.0026627
    -0.68067     0.61133    -0.39116   0.0026627
    -0.88022     0.72283    -0.33891     0.00708
    -0.88022     0.72283    -0.33891     0.00708
    -0.88022     0.72283    -0.33891     0.00708
    -0.88022     0.72283    -0.33891     0.00708
    -0.78096     0.67548    -0.42544   0.0036102
    -0.75815     0.79781    -0.31216   0.0099431
    -0.93737      0.6425    -0.34837   0.0056913
    -0.93737      0.6425    -0.34837   0.0056913
    -0.84738     0.78593    -0.27698   0.0090978
    -0.84738     0.78593    -0.27698   0.0090978
    -0.84738     0.78593    -0.27698   0.0090978
    -0.77407     0.56963     -0.4213   0.0027881
    -0.77407     0.56963     -0.4213   0.0027881
    -0.77407     0.56963     -0.4213   0.0027881
    -0.51701     0.80244    -0.28465   0.0046993
    -0.50238     0.56609    -0.15068   0.0045507
    -0.23046     0.57724     0.26935   0.0078611
    -0.23046     0.57724     0.26935   0.0078611
    -0.49672     0.52858    -0.10915   0.0053387
    -0.38115     0.51859     0.14899   0.0061696
    -0.38115     0.51859     0.14899   0.0061696
    -0.38115     0.51859     0.14899   0.0061696
    -0.38115     0.51859     0.14899   0.0061696
    -0.31715     0.58612     0.11857   0.0079585
    -0.31715     0.58612     0.11857   0.0079585
    -0.29145     0.60024      0.1284   0.0078621
   -0.079655     0.67261     0.13796   0.0082468
   -0.079655     0.67261     0.13796   0.0082468
    -0.17546     0.48593     0.65613    0.012426
    -0.17546     0.48593     0.65613    0.012426
    -0.17546     0.48593     0.65613    0.012426
    0.011039     0.58715      0.3822   0.0083636
     0.27056     0.63474    0.084947   0.0080685
     0.46846     0.69772    -0.20166   0.0046516
     0.46846     0.69772    -0.20166   0.0046516
     0.17713     0.61682     0.22038   0.0084567
     0.10867     0.60905     0.29101    0.010001
     0.26404     0.45118     0.58689     0.01098
     0.26404     0.45118     0.58689     0.01098
     0.26404     0.45118     0.58689     0.01098
     0.49096     0.59188    -0.15261   0.0049111
     0.62181     0.85066    -0.28247   0.0082707
     0.62181     0.85066    -0.28247   0.0082707
     0.62181     0.85066    -0.28247   0.0082707
     0.90958      0.7575    -0.25533   0.0095411
     0.90958      0.7575    -0.25533   0.0095411
     0.90958      0.7575    -0.25533   0.0095411
     0.90958      0.7575    -0.25533   0.0095411
     0.90958      0.7575    -0.25533   0.0095411
     0.67653      0.4838    -0.23971   0.0071807
     0.67653      0.4838    -0.23971   0.0071807
     0.69235      0.5652     -0.3846   0.0031488
     0.42456     0.83981    -0.25718   0.0042818
     0.42456     0.83981    -0.25718   0.0042818
     0.38182     0.83813    -0.24164   0.0047792
     0.38182     0.83813    -0.24164   0.0047792
     0.52112     0.81863    -0.28286   0.0044031
     0.52621     0.55253    -0.17918   0.0042935
     0.52621     0.55253    -0.17918   0.0042935
     0.52621     0.55253    -0.17918   0.0042935
      0.6562     0.84846     -0.2913   0.0079176
     0.88067     0.83726    -0.14213    0.014146
     0.74583     0.81753    -0.26752    0.011894
      0.5838     0.94202    -0.22654    0.010171
      0.5838     0.94202    -0.22654    0.010171
     0.32798     0.98636    -0.23859   0.0089299
     0.32798     0.98636    -0.23859   0.0089299
      0.4216      1.0441    -0.17566    0.015493
     0.15767     0.78872    -0.10574   0.0056669
     0.41337      1.0103    -0.22639   0.0099107
     0.69064     0.89254    -0.23556    0.010161
     0.69064     0.89254    -0.23556    0.010161
     0.69064     0.89254    -0.23556    0.010161
     0.58222      0.7902    -0.30535   0.0050717
     0.75647     0.67713    -0.41906   0.0034609
     0.75647     0.67713    -0.41906   0.0034609
     0.86523     0.64013    -0.42311   0.0040535
     0.69715     0.54896    -0.37389   0.0036649
     0.56103     0.47973    -0.13585   0.0055363
     0.56103     0.47973    -0.13585   0.0055363
      0.8155      0.6975    -0.40386   0.0054392
      0.8155      0.6975    -0.40386   0.0054392
     0.90195     0.61759    -0.39921   0.0040119
     0.80371     0.62165    -0.44332   0.0023317
     0.80371     0.62165    -0.44332   0.0023317
      0.6861     0.63647    -0.39869   0.0028144
     0.39994      0.5553     0.03503   0.0060371
     0.29278     0.59629     0.14743   0.0070666
     0.37183     0.53848     0.12224   0.0077111
     0.37183     0.53848     0.12224   0.0077111
     0.27893     0.73676   -0.087801    0.005844
     0.47658     0.93114    -0.25161   0.0080929
     0.36118      1.1503   -0.098144    0.016715
     0.21662      0.8877    -0.22388   0.0041373
    -0.05544       0.668     0.14902   0.0080013
    -0.23495     0.69237    0.003393   0.0066986
    -0.23495     0.69237    0.003393   0.0066986
    -0.11322     0.93158    -0.23898   0.0044797
    0.047757     0.95266    -0.23531   0.0055304
    -0.03227      1.0756    -0.23524   0.0093434
     0.13489     0.88494    -0.21304   0.0055712
     0.13489     0.88494    -0.21304   0.0055712
    -0.12882     0.89184     -0.2128   0.0050653
    -0.12882     0.89184     -0.2128   0.0050653
   -0.069648     0.72593      0.0146   0.0066255
     0.16621     0.85489    -0.18305    0.011787
     0.12462     0.76749   -0.069741   0.0060712
   -0.073293      1.0623    -0.24221   0.0096094
    0.074207     0.98052    -0.24848   0.0054102
    0.074207     0.98052    -0.24848   0.0054102
    -0.18474     0.84184    -0.17767   0.0051509
     0.11149     0.79483    -0.10172   0.0058923
     0.18866     0.72088  -0.0070985   0.0055468
     0.44532     0.54997   -0.040206   0.0055655
     0.68859     0.66929    -0.39662   0.0026871
     0.72223     0.71494    -0.38266   0.0043857
     0.72223     0.71494    -0.38266   0.0043857
     0.72223     0.71494    -0.38266   0.0043857
     0.72223     0.71494    -0.38266   0.0043857
     0.72223     0.71494    -0.38266   0.0043857
     0.72223     0.71494    -0.38266   0.0043857
     0.47237     0.60999    -0.14205   0.0050263
     0.47237     0.60999    -0.14205   0.0050263
     0.52362     0.67711    -0.24835   0.0040657
     0.52362     0.67711    -0.24835   0.0040657
     0.71932     0.62603    -0.41548   0.0025994
     0.48572     0.42646    0.093313   0.0083209
     0.48572     0.42646    0.093313   0.0083209
     0.48572     0.42646    0.093313   0.0083209
     0.48572     0.42646    0.093313   0.0083209
     0.60839     0.62535    -0.33309   0.0028503
     0.75769     0.54528    -0.39934    0.003938
      1.0378     0.76385    0.043839    0.016618
      1.0378     0.76385    0.043839    0.016618
      1.0072     0.48407   -0.090686   0.0063459
      1.0072     0.48407   -0.090686   0.0063459
      1.0072     0.48407   -0.090686   0.0063459
      0.9495     0.47089    -0.09165   0.0073136
      0.9495     0.47089    -0.09165   0.0073136
     0.82206      0.5886    -0.43088   0.0030261
     0.82206      0.5886    -0.43088   0.0030261
     0.82206      0.5886    -0.43088   0.0030261
     0.82206      0.5886    -0.43088   0.0030261
     0.76258     0.72221    -0.37875   0.0057414
     0.76258     0.72221    -0.37875   0.0057414
     0.50066     0.94769    -0.26715   0.0072535
     0.50066     0.94769    -0.26715   0.0072535
     0.40151     0.84695    -0.24799   0.0051383
     0.42004     0.58922   -0.049138   0.0061575
     0.59777     0.66369    -0.32318    0.003225
     0.59777     0.66369    -0.32318    0.003225
     0.59806     0.72815    -0.33199   0.0040329
     0.42028     0.68673    -0.15345     0.00497
     0.25044     0.71671   -0.043058   0.0058018
     0.25044     0.71671   -0.043058   0.0058018
     0.52183     0.92119    -0.25171   0.0075668
     0.52183     0.92119    -0.25171   0.0075668
     0.43225     0.67205    -0.14782   0.0059929
     0.66972      0.4522    -0.10733   0.0088471
     0.66972      0.4522    -0.10733   0.0088471
      0.4453     0.52858    -0.01945   0.0057477
      0.4453     0.52858    -0.01945   0.0057477
     0.57015     0.47461    -0.13715   0.0067237
     0.57015     0.47461    -0.13715   0.0067237
     0.73766     0.51661    -0.33144   0.0049541
     0.64042     0.75609     -0.3383   0.0049275
     0.64042     0.75609     -0.3383   0.0049275
     0.82027     0.59595    -0.43856   0.0030212
     0.82027     0.59595    -0.43856   0.0030212
     0.82027     0.59595    -0.43856   0.0030212
     0.82027     0.59595    -0.43856   0.0030212
      0.5516     0.64625    -0.27025   0.0032674
      0.5516     0.64625    -0.27025   0.0032674
      0.3816     0.67107    -0.10014   0.0061145
     0.57729      0.4409    -0.02538   0.0086509
     0.42563     0.51288    0.052857   0.0053422
     0.53535     0.77572    -0.28513   0.0046193
     0.53535     0.77572    -0.28513   0.0046193
     0.72646     0.67107    -0.41678    0.002925
     0.72646     0.67107    -0.41678    0.002925
     0.81919     0.73848    -0.34925   0.0063428
     0.74677     0.62905     -0.4295   0.0023384
     0.74677     0.62905     -0.4295   0.0023384
     0.74677     0.62905     -0.4295   0.0023384
      0.5649     0.87338    -0.27757   0.0076567
     0.53824     0.87716    -0.27547   0.0061539
     0.53824     0.87716    -0.27547   0.0061539
     0.45813      1.1104   -0.085685     0.01474
      0.1596       1.212  -0.0099928    0.024672
     0.10078      1.0866    -0.21467    0.010883
    -0.15794      1.1484    -0.15663    0.012714
    -0.15794      1.1484    -0.15663    0.012714
    -0.39164      1.0631    -0.18186    0.013518
    -0.39164      1.0631    -0.18186    0.013518
    -0.12329      1.2088   -0.039376    0.020797
    -0.12329      1.2088   -0.039376    0.020797
    -0.41427      1.1298   -0.039669    0.022659
    -0.13683     0.98553    -0.25665   0.0067427
    -0.13866     0.72569  -0.0099248   0.0064757
   -0.030974      0.8751    -0.18416   0.0050442
    0.068197      1.0924    -0.24228   0.0088963
    -0.20729      1.2781     0.14115     0.02901
   -0.097374     0.99433    -0.24577   0.0067133
    -0.38658     0.99357    -0.24453   0.0080132
    -0.38658     0.99357    -0.24453   0.0080132
    -0.38658     0.99357    -0.24453   0.0080132
    -0.52221     0.95691    -0.24511   0.0090474
    -0.52221     0.95691    -0.24511   0.0090474
    -0.37385      1.0917    -0.15828    0.017949
    -0.17751      1.1097      -0.186    0.015466
    -0.17751      1.1097      -0.186    0.015466
    -0.20239      1.0719    -0.22023      0.0103
    0.034257      0.8755    -0.19921   0.0050011
    -0.22341     0.99306    -0.24576   0.0096849
    -0.22341     0.99306    -0.24576   0.0096849
   -0.097569     0.85557    -0.17694   0.0046203
    -0.29165     0.97444     -0.2465   0.0068586
    -0.29165     0.97444     -0.2465   0.0068586
    -0.29165     0.97444     -0.2465   0.0068586
   -0.058084     0.91685    -0.22569   0.0054422
   -0.058084     0.91685    -0.22569   0.0054422
   -0.084844      1.1669    -0.12272    0.019335
