     MU:      SIGMA:     E_MEASURED:    ERROR:
    -0.14499     0.62263     0.21887   0.0081465
   -0.043886     0.92119    -0.22795   0.0047261
     0.12618     0.96148    -0.24673   0.0064689
    0.059158     0.76322   -0.042776   0.0066119
     0.28419       0.649    0.044523   0.0066834
     0.41226     0.87862    -0.25191   0.0055913
     0.51676     0.85232    -0.27311   0.0086487
     0.76754      0.9334    -0.10084    0.017008
     0.71243     0.66351    -0.40952   0.0025398
      0.8121     0.44718   -0.056595    0.010135
     0.53775     0.72664    -0.28852   0.0037998
     0.62311     0.91292    -0.25163    0.010341
     0.48267      0.7639    -0.26288   0.0041808
     0.53892      0.5246     -0.1811    0.004881
     0.53892      0.5246     -0.1811    0.004881
     0.53892      0.5246     -0.1811    0.004881
      0.5897     0.76503    -0.31704    0.004659
     0.85923     0.72336    -0.34643   0.0068979
     0.65041     0.93926    -0.20292    0.012886
     0.65041     0.93926    -0.20292    0.012886
     0.51834     0.98626    -0.22181    0.011618
     0.78839     0.99245    0.029502    0.021968
      0.6883      1.1073      0.2293    0.034901
      0.6883      1.1073      0.2293    0.034901
      0.6883      1.1073      0.2293    0.034901
     0.45783      1.1825    0.092813    0.022826
     0.45783      1.1825    0.092813    0.022826
     0.72848     0.99799   0.0051164    0.020847
     0.49065      1.1615     0.11307    0.028388
     0.24883      1.2933     0.21031    0.033745
      0.2549       1.223      0.1034    0.028689
     0.50539      1.0643   -0.087202    0.022909
     0.41202     0.98941    -0.22988   0.0099978
     0.70357     0.83365    -0.28306    0.010904
     0.94777     0.64371    -0.33965   0.0064566
     0.70545     0.92175    -0.14552    0.016109
     0.90874     0.96013      0.2554    0.029068
     0.82036      1.0719     0.34992    0.029265
     0.92411     0.98089     0.40779    0.034417
     0.66837      1.2702      0.6945     0.05117
     0.66837      1.2702      0.6945     0.05117
     0.66837      1.2702      0.6945     0.05117
     0.52996      1.0392    -0.11665    0.018569
     0.27882     0.82209    -0.18596   0.0047701
     0.31352     0.60449     0.10128   0.0063959
     0.31352     0.60449     0.10128   0.0063959
     0.23125     0.75853    -0.10008   0.0055181
    0.090742     0.85817    -0.17885   0.0050416
     0.17355     0.70555    0.025502   0.0062263
     0.33841      0.7017   -0.087032   0.0055952
     0.14348     0.90367    -0.22301   0.0054694
   -0.040893     0.77318    -0.05471   0.0060653
    0.040443     0.70812    0.057727   0.0066484
   -0.075646     0.99412    -0.24846    0.007477
   -0.067353      1.0528    -0.23924   0.0077262
    -0.27233     0.82321     -0.1829   0.0067617
    -0.48358     0.76676    -0.25661   0.0048023
    -0.48358     0.76676    -0.25661   0.0048023
    -0.37051     0.54672     0.11951   0.0071066
     -0.5101     0.62338    -0.21114   0.0043152
    -0.43196     0.62602    -0.10243    0.005639
    -0.23296     0.78934    -0.12743   0.0055118
    -0.21589      0.9279    -0.24793   0.0054698
    -0.18249     0.68903    0.047066   0.0071128
    -0.38409     0.77562    -0.20584   0.0043943
    -0.35878     0.89331    -0.25431    0.006535
    -0.51685      0.7275     -0.2599    0.004159
    -0.59181     0.89993    -0.25501    0.010033
    -0.74586     0.69142    -0.40802   0.0038627
    -0.71903     0.63884    -0.41883    0.002414
    -0.78373      0.8313    -0.24828    0.010791
    -0.55424      1.0188    -0.13492    0.017763
    -0.38457     0.92225    -0.25837   0.0070932
    -0.54107      1.0202    -0.16216    0.014911
    -0.47802     0.99701    -0.22203    0.011641
     -0.3044     0.74268    -0.11857   0.0056252
    -0.25652     0.82957    -0.18912   0.0056615
    -0.38285     0.61538  -0.0084854   0.0067862
    -0.61279     0.63869    -0.33575   0.0030199
    -0.36787     0.54781     0.11359    0.006548
    -0.10797      0.3787      1.4495    0.022924
    -0.10797      0.3787      1.4495    0.022924
    -0.39174     0.32955     0.64748    0.012915
    -0.21925     0.37185      1.0668    0.013923
    -0.48059     0.64097    -0.17634   0.0044542
    -0.74831     0.38042     0.47847    0.017195
    -0.90775     0.46633     -0.1196   0.0085846
    -0.90775     0.46633     -0.1196   0.0085846
    -0.90775     0.46633     -0.1196   0.0085846
    -0.94554     0.48758    -0.15698     0.00634
    -0.94554     0.48758    -0.15698     0.00634
    -0.94554     0.48758    -0.15698     0.00634
    -0.94554     0.48758    -0.15698     0.00634
     -1.2421      0.5544     0.39397    0.012175
     -1.2421      0.5544     0.39397    0.012175
     -1.2421      0.5544     0.39397    0.012175
      -1.198     0.56871     0.23472    0.010296
     -1.0673     0.57547    -0.15036   0.0056057
    -0.91386      0.7537    -0.23341    0.011391
    -0.78419     0.68057    -0.42044   0.0039489
    -0.94765     0.97563     0.45836    0.035311
    -0.84551      0.7816    -0.26853    0.010882
    -0.74007     0.64522    -0.43461   0.0023138
    -0.74839     0.60273     -0.4335   0.0022414
    -0.49615     0.74737    -0.25227    0.004348
    -0.59042     0.69023    -0.31939   0.0034837
    -0.52403     0.71777    -0.27036   0.0046819
    -0.65385     0.60126    -0.37184   0.0030533
    -0.55208     0.39309     0.23171    0.011604
    -0.28106     0.55667     0.25145   0.0077057
    -0.23681     0.47998     0.54915    0.010744
    -0.53538     0.43876    0.006037   0.0074256
    -0.52714     0.43394   0.0027448   0.0089763
    -0.52714     0.43394   0.0027448   0.0089763
    -0.52714     0.43394   0.0027448   0.0089763
    -0.58172     0.46621    -0.12485   0.0074301
    -0.58172     0.46621    -0.12485   0.0074301
     -0.4495     0.50873   0.0033191   0.0063659
    -0.40138      0.7244    -0.16012   0.0045793
    -0.26587     0.96828    -0.25241   0.0063053
    -0.17647      1.1598    -0.12691    0.016572
    -0.13572      1.0472    -0.25102   0.0076427
   -0.047559      1.1628    -0.14886    0.014521
     0.22786     0.90596    -0.23605   0.0066647
     0.50149      1.1342    0.033195    0.023175
     0.21055      1.2582     0.12261    0.032489
    0.010623      1.1246    -0.16358    0.018148
     -0.1595      1.2933     0.20219    0.033573
     0.01209       1.443      0.9261    0.071198
    -0.24531      1.3212     0.27472    0.034818
    -0.24531      1.3212     0.27472    0.034818
    -0.45124      1.0949    -0.12705    0.015213
    -0.49396     0.80736    -0.27436   0.0054408
    -0.46105     0.87553    -0.27145   0.0052159
    -0.27363     0.64107    0.070468    0.007501
   -0.072439     0.89039    -0.20882   0.0051538
    -0.18045     0.65473      0.1134   0.0074033
     -0.2001     0.87231    -0.20769   0.0049455
    -0.26234     0.71619   -0.049454   0.0065033
    -0.53357     0.42286    0.036073   0.0091194
    -0.53357     0.42286    0.036073   0.0091194
    -0.70929     0.42789    0.033701    0.011552
    -0.51968     0.53794    -0.15503   0.0048044
    -0.39196     0.65814   -0.085054   0.0053756
    -0.39196     0.65814   -0.085054   0.0053756
      -0.129     0.67271     0.10483    0.007453
     0.13371      0.8588    -0.17919   0.0054496
     0.23752     0.75228   -0.087918   0.0059198
     0.23752     0.75228   -0.087918   0.0059198
     0.13519     0.71571   0.0035306   0.0065086
     0.32719     0.94094    -0.24278    0.006896
     0.47827      1.0815    -0.13732    0.018726
     0.47827      1.0815    -0.13732    0.018726
      0.5639      1.0732   -0.079714    0.017499
     0.71485     0.90363    -0.19241    0.012094
     0.45356     0.62681    -0.13155   0.0046496
     0.39542     0.50242     0.11709   0.0060646
      0.3832     0.51854     0.14348   0.0058319
     0.56291     0.46701    -0.11418   0.0071849
     0.85999     0.43708    0.017838    0.011527
     0.60712     0.66681    -0.33214   0.0029555
     0.80007     0.39241     0.36655     0.01524
     0.59727     0.35593      0.5899    0.019352
     0.59727     0.35593      0.5899    0.019352
     0.59727     0.35593      0.5899    0.019352
     0.82732     0.47549    -0.17602   0.0079215
     0.57508     0.74899    -0.31532   0.0044979
     0.55895     0.90887    -0.26147   0.0088948
     0.41568      1.0222    -0.19108    0.016611
     0.41568      1.0222    -0.19108    0.016611
     0.49352     0.91751    -0.25292   0.0079716
     0.73067      1.0234    0.054666    0.025535
     0.73067      1.0234    0.054666    0.025535
     0.58245     0.90903    -0.24754   0.0097747
     0.68998      1.0675    0.094025    0.022935
     0.68998      1.0675    0.094025    0.022935
      0.6578      1.1876     0.40284    0.040039
     0.77076      1.1716     0.66866    0.054366
     0.77076      1.1716     0.66866    0.054366
     0.57692      1.3881      1.2057    0.067417
     0.47468       1.379     0.81142    0.048163
     0.21512      1.4235     0.68031    0.044723
     0.21512      1.4235     0.68031    0.044723
     0.33823      1.2768     0.22733    0.026338
     0.51204      1.0838   -0.064319    0.020212
     0.54293      1.3521     0.84673     0.04931
     0.26132      1.3463      0.4313    0.041785
     0.26132      1.3463      0.4313    0.041785
     0.34362      1.3049     0.41238    0.052078
     0.19759       1.448     0.88814    0.051845
   0.0031154      1.4467     0.83172    0.061458
   0.0031154      1.4467     0.83172    0.061458
   0.0031154      1.4467     0.83172    0.061458
   0.0031154      1.4467     0.83172    0.061458
     0.21165      1.5009      1.1777    0.067861
     0.27958      1.4042     0.61936    0.054803
    0.019401      1.4451     0.84002    0.053186
   -0.057312      1.3158     0.24217    0.033675
     -0.3206      1.3189     0.34781    0.033986
     -0.3206      1.3189     0.34781    0.033986
    -0.31921       1.551      1.6259    0.094007
    -0.14036      1.3935     0.49818    0.054652
    -0.32486       1.296     0.30943    0.030592
    -0.15913      1.0908    -0.20159    0.011468
    -0.14276      1.1583    -0.14868    0.016386
    0.027623      1.0719    -0.20573    0.010366
    -0.20827      1.2562     0.11764    0.030617
    -0.20827      1.2562     0.11764    0.030617
    -0.20827      1.2562     0.11764    0.030617
    -0.20827      1.2562     0.11764    0.030617
    -0.20827      1.2562     0.11764    0.030617
    -0.20827      1.2562     0.11764    0.030617
    -0.17562      1.4757     0.95747    0.059003
    -0.17562      1.4757     0.95747    0.059003
    -0.13042      1.3978     0.57932     0.05299
     -0.1157      1.2032   -0.033945    0.022018
     -0.1157      1.2032   -0.033945    0.022018
    0.027313     0.92372    -0.23023   0.0054693
     0.19093     0.88483    -0.21629   0.0055749
    -0.04072     0.82419    -0.13211   0.0055412
     0.21091     0.57974     0.27008   0.0096459
     0.48859     0.50005   -0.052951   0.0054535
     0.48859     0.50005   -0.052951   0.0054535
     0.48859     0.50005   -0.052951   0.0054535
     0.66187     0.58974    -0.36916   0.0030926
     0.68178     0.64822    -0.39275   0.0023556
     0.61803     0.38461     0.30462    0.015411
     0.61803     0.38461     0.30462    0.015411
     0.55061     0.32463      1.0272    0.021683
     0.55061     0.32463      1.0272    0.021683
     0.69321     0.62292    -0.40574   0.0024722
     0.69321     0.62292    -0.40574   0.0024722
     0.84974     0.77289    -0.29675   0.0091373
     0.84974     0.77289    -0.29675   0.0091373
     0.84031     0.86875    -0.14713     0.01436
     0.56002     0.58579    -0.25097   0.0037358
     0.61007     0.38528     0.29016    0.014955
     0.61007     0.38528     0.29016    0.014955
     0.32699     0.58096     0.11281   0.0072964
     0.21314      0.6708    0.069172    0.007061
    0.048546     0.66917     0.14034   0.0081548
    0.048546     0.66917     0.14034   0.0081548
    -0.13325     0.48817      0.7017    0.012475
    -0.13325     0.48817      0.7017    0.012475
    -0.13325     0.48817      0.7017    0.012475
    -0.25029     0.39224     0.84858    0.013782
  -0.0050402     0.63448      0.2343    0.007477
  -0.0050402     0.63448      0.2343    0.007477
     0.22941     0.40804     0.84239    0.012592
    -0.02149     0.61349     0.30469     0.00864
    -0.25098     0.63307     0.11359   0.0068652
    -0.19786     0.62271     0.18043   0.0078765
    0.091604     0.78356   -0.084503   0.0053519
    -0.20603      1.0353     -0.2263     0.01238
    -0.47602      0.8141    -0.26404   0.0053911
    -0.28463     0.61255     0.12622   0.0062424
    -0.58441     0.73186    -0.31172   0.0041148
     -0.6121     0.55326    -0.29696    0.003949
    -0.40949      0.6664    -0.12437   0.0048303
    -0.64177     0.91454    -0.23568   0.0097333
    -0.57425     0.85116    -0.27434   0.0075469
    -0.57425     0.85116    -0.27434   0.0075469
    -0.66378     0.74989    -0.35723   0.0044438
    -0.44188     0.46786    0.081126   0.0061515
    -0.44188     0.46786    0.081126   0.0061515
    -0.44188     0.46786    0.081126   0.0061515
    -0.51617     0.69715    -0.25638   0.0039957
    -0.75758      0.5139    -0.33944   0.0057381
    -0.50194     0.44171    0.026414   0.0072057
    -0.50194     0.44171    0.026414   0.0072057
    -0.34618     0.41598     0.42526   0.0089501
    -0.34618     0.41598     0.42526   0.0089501
    -0.64289     0.36379     0.57214    0.017409
    -0.64289     0.36379     0.57214    0.017409
    -0.80695     0.30982      1.4372    0.030787
    -0.85631     0.55915    -0.39358   0.0034178
    -0.62245     0.81728    -0.30476   0.0066864
    -0.55257     0.96395     -0.2092    0.010569
    -0.55257     0.96395     -0.2092    0.010569
    -0.55257     0.96395     -0.2092    0.010569
    -0.38437        1.24     0.19885    0.029532
    -0.28979      1.3085     0.34551    0.043184
    -0.31469      1.4174     0.78217    0.044529
    -0.28379      1.6766      2.7312     0.13786
   -0.019691      1.6368      2.1052     0.10382
    -0.25234      1.6155      2.1094    0.099064
    -0.52099      1.5684      2.2698     0.10642
      -0.456      1.6974      3.2768     0.14288
    -0.34709       1.418     0.95486    0.067463
    -0.29411      1.1405    -0.12768    0.016882
   -0.064372     0.91111     -0.2208   0.0045453
     0.23094      1.1782   -0.087285    0.016434
     0.23094      1.1782   -0.087285    0.016434
     0.23094      1.1782   -0.087285    0.016434
     0.23094      1.1782   -0.087285    0.016434
     0.12357      1.4222     0.64144    0.046378
     0.12357      1.4222     0.64144    0.046378
     0.12357      1.4222     0.64144    0.046378
     0.31086      1.3703     0.59639    0.055652
     0.39357      1.5441      1.8729    0.090063
     0.22547      1.4803      1.1926    0.069237
     0.22547      1.4803      1.1926    0.069237
     0.48298      1.5665      2.0383     0.10212
     0.59464      1.3557      1.0265    0.063711
     0.67265      1.0783     0.12006    0.026416
     0.61171      1.1937     0.34971    0.049129
     0.55559      1.3343     0.82483    0.050717
     0.63249      1.2862      0.7002    0.046578
      0.6663      1.1025     0.13137    0.025171
     0.85944     0.82977    -0.17278    0.013357
     0.91003      1.1148     0.89044    0.051683
     0.75859      1.3215      1.4269    0.083397
      1.0127      1.2425      2.1037    0.092029
     0.94346       1.073     0.66807    0.038331
     0.94346       1.073     0.66807    0.038331
      1.0397      1.3063      2.7715     0.12286
      1.0596      1.1043      1.5146    0.070635
     0.99451      1.2111      1.7371    0.080497
     0.99451      1.2111      1.7371    0.080497
      1.0596      1.2593      2.5525    0.084989
      1.2118      1.0494      2.2022    0.073856
      1.2118      1.0494      2.2022    0.073856
      0.9603      1.1307      1.1216    0.054229
     0.77699      1.3448      1.4486    0.089191
     0.48639      1.3876     0.89838    0.072438
     0.48639      1.3876     0.89838    0.072438
     0.34145       1.404     0.80055    0.061019
     0.34145       1.404     0.80055    0.061019
     0.16922      1.3742     0.54742    0.047771
     0.25504      1.0956    -0.19358    0.013083
  -0.0096022      1.0076    -0.23269   0.0083595
    -0.22251     0.91023    -0.23475   0.0050581
    0.042803      1.2075   -0.035062    0.024098
     0.17881       0.994    -0.24719   0.0076449
     0.43386     0.81705    -0.25779   0.0050861
     0.57185     0.80379    -0.29821   0.0058619
       0.371     0.58717    0.039791   0.0065842
     0.25312      0.7651    -0.12377   0.0056182
     0.42567     0.78133    -0.23631   0.0050926
     0.52374     0.79103    -0.28914   0.0054989
     0.52374     0.79103    -0.28914   0.0054989
     0.80608     0.70786    -0.39037   0.0061882
     0.81431     0.55078    -0.40212   0.0037727
     0.73444     0.51541    -0.32946   0.0052042
     0.97904     0.35838     0.69808    0.017985
      1.0111     0.48415   -0.087913   0.0055169
     0.96489     0.35142     0.75955    0.018436
     0.91794     0.35724     0.71518    0.020779
      1.0439     0.39342     0.39307    0.012924
      1.2661     0.60111     0.50226    0.015114
      1.3047     0.75511      1.3543    0.031486
      1.2758     0.84649      1.4934    0.043835
      1.3405     0.54973     0.84822    0.013765
       1.386      0.3585      1.4222    0.016767
       1.386      0.3585      1.4222    0.016767
      1.3531     0.62978      1.1479    0.020732
      1.1703     0.43146     0.35652   0.0072017
      1.1703     0.43146     0.35652   0.0072017
      1.1703     0.43146     0.35652   0.0072017
      1.1703     0.43146     0.35652   0.0072017
      1.1995     0.59415     0.25476    0.011559
      1.1995     0.59415     0.25476    0.011559
      1.2622     0.66647     0.70643    0.020164
      1.2622     0.66647     0.70643    0.020164
       1.117     0.57033   -0.035763   0.0074014
      1.1201     0.44745     0.18753   0.0070725
      1.1201     0.44745     0.18753   0.0070725
      1.1132     0.52121   0.0024567   0.0049842
      1.1897     0.74462     0.61429    0.026208
      1.0307     0.52687    -0.16742    0.004244
     0.97862     0.52534    -0.23919   0.0043561
     0.71976     0.69009     -0.4058   0.0044532
     0.50196     0.93968    -0.23993    0.011087
     0.62106     0.64927     -0.3493   0.0025641
     0.59409     0.47515    -0.17798    0.006869
     0.59409     0.47515    -0.17798    0.006869
     0.59409     0.47515    -0.17798    0.006869
     0.43688     0.76756    -0.22772    0.004762
     0.61658      1.0432   -0.036677    0.019976
      0.8105      1.1415      0.5802    0.042304
     0.83753     0.84832    -0.17423    0.013509
     0.87524       1.047     0.40502    0.036144
     0.92202      1.1797      1.1433     0.06399
     0.82499      1.3479      1.7585     0.08966
      0.6709      1.2616      0.6908    0.053396
     0.82886      1.0704     0.36619    0.033799
     0.98438      1.0046     0.63941    0.039578
      1.1337     0.96082      1.2276    0.049117
      1.1337     0.96082      1.2276    0.049117
     0.97287     0.73246    -0.17975    0.011005
     0.97632     0.81037  -0.0030185    0.019798
     0.82378     0.80015    -0.26928   0.0098752
     0.82378     0.80015    -0.26928   0.0098752
     0.60474      1.0199   -0.084575    0.020415
     0.72748     0.92466    -0.12312      0.0175
     0.91057     0.77373    -0.20838     0.01348
      1.0487      1.0648      1.1923    0.052666
     0.97166      1.1129      1.1533    0.060961
     0.73251      1.2263     0.89449    0.051634
     0.95611      1.0931      0.8928    0.041607
     0.86764      1.2195      1.2034    0.061857
     0.98151      1.0776     0.97236    0.051821
     0.98151      1.0776     0.97236    0.051821
     0.98151      1.0776     0.97236    0.051821
     0.98151      1.0776     0.97236    0.051821
     0.98151      1.0776     0.97236    0.051821
     0.74675     0.80664    -0.31468   0.0088365
     0.93867     0.82897   -0.040349    0.016579
     0.95567      0.8441    0.028833    0.017047
      1.0093     0.85754     0.21813    0.021145
      1.0226     0.66508    -0.20228   0.0088074
      1.2697      0.6102     0.60422    0.015164
      1.2697      0.6102     0.60422    0.015164
     0.99206     0.90868     0.35849    0.029191
     0.99206     0.90868     0.35849    0.029191
      0.9666     0.65941    -0.32045   0.0061934
      1.0376     0.67883    -0.13561    0.011477
      1.2128     0.47536     0.32156   0.0063454
      1.2128     0.47536     0.32156   0.0063454
      1.2128     0.47536     0.32156   0.0063454
      1.2128     0.47536     0.32156   0.0063454
      1.2128     0.47536     0.32156   0.0063454
      1.2205     0.39916     0.58197    0.011945
      1.2205     0.39916     0.58197    0.011945
      1.2205     0.39916     0.58197    0.011945
      1.1163     0.52127  0.00010972   0.0052366
      1.1634     0.51724     0.12997   0.0045775
      1.1634     0.51724     0.12997   0.0045775
      1.3826      0.3687        1.36     0.01465
      1.1789     0.66185     0.25968    0.014864
      1.0108     0.41833     0.20311    0.010906
      1.0108     0.41833     0.20311    0.010906
      1.0108     0.41833     0.20311    0.010906
     0.77833     0.52786     -0.3688   0.0047255
     0.62675     0.51497    -0.28355   0.0055794
      0.4395     0.54768   -0.022952   0.0051908
      0.4395     0.54768   -0.022952   0.0051908
     0.41919     0.57945   -0.040028    0.006392
     0.41919     0.57945   -0.040028    0.006392
     0.57314     0.78737    -0.30352     0.00517
     0.72476     0.55204    -0.39575   0.0038383
     0.43267     0.36196     0.40416    0.011814
      0.4217     0.26838      1.7141    0.032782
      0.4217     0.26838      1.7141    0.032782
     0.70457     0.44427   -0.078608    0.010028
     0.70457     0.44427   -0.078608    0.010028
     0.82649     0.46397    -0.13976   0.0085465
       1.116     0.71414     0.17742    0.018429
     0.94256     0.81032   -0.073563     0.01768
     0.95232     0.84198  -0.0022689    0.018965
      1.0995     0.82646     0.45066    0.025575
      1.2195     0.73532     0.74672     0.02455
      1.0187     0.60184    -0.24086   0.0064103
     0.79683     0.55539    -0.40659    0.003664
     0.79683     0.55539    -0.40659    0.003664
     0.80691      0.5433    -0.38872   0.0041029
     0.80691      0.5433    -0.38872   0.0041029
     0.81717     0.70892     -0.3897   0.0050427
     0.66853     0.89383    -0.22816    0.010159
     0.66853     0.89383    -0.22816    0.010159
      0.6666      1.1361     0.26078    0.033084
      0.6666      1.1361     0.26078    0.033084
     0.72701     0.92838    -0.12978    0.015491
     0.69929        1.06    0.090798    0.038397
     0.83636      0.9833     0.14555    0.026036
     0.54609     0.88546    -0.27049   0.0084489
     0.54609     0.88546    -0.27049   0.0084489
     0.49304      0.8424    -0.28004   0.0060444
     0.49304      0.8424    -0.28004   0.0060444
     0.34764     0.95187    -0.24673    0.013844
     0.35112       1.073    -0.19484    0.012775
     0.35112       1.073    -0.19484    0.012775
     0.14642      1.0511    -0.22835   0.0083341
   -0.015765     0.83673    -0.15097   0.0053594
    -0.10388     0.74609   -0.036326   0.0066117
    0.028661     0.49895     0.73302    0.012063
   -0.091762      0.5406     0.52482    0.011096
    -0.18613     0.31643       1.624    0.019812
     0.10127     0.45325     0.91636    0.013997
     0.18066      0.4352     0.86681    0.012412
     0.35492     0.33356     0.67369    0.013116
     0.35492     0.33356     0.67369    0.013116
     0.39766     0.59819     -0.0109   0.0055989
     0.15208     0.81492    -0.14729   0.0048468
     0.17715      0.7729   -0.093313   0.0061632
     -0.1195     0.65127     0.16206   0.0074123
     -0.1195     0.65127     0.16206   0.0074123
     -0.3649     0.58982     0.04181   0.0072656
    -0.66333      0.6239    -0.37862   0.0026532
    -0.70061     0.32548      1.2194    0.024149
    -0.96999     0.58507    -0.31795   0.0050524
    -0.71743      0.4632    -0.16695    0.008977
    -0.71743      0.4632    -0.16695    0.008977
    -0.61749      0.3835     0.32184    0.014145
    -0.63232     0.36964     0.48921    0.015644
    -0.45572     0.42697     0.13043   0.0073431
    -0.45572     0.42697     0.13043   0.0073431
    -0.45572     0.42697     0.13043   0.0073431
    -0.71635     0.70038    -0.39882   0.0037245
    -0.86858     0.42049      0.1578    0.012611
    -0.65964      0.4657    -0.16521   0.0078824
    -0.65964      0.4657    -0.16521   0.0078824
    -0.65964      0.4657    -0.16521   0.0078824
    -0.61707     0.66079    -0.34484   0.0032099
    -0.77198     0.84497    -0.22784    0.012109
    -0.77198     0.84497    -0.22784    0.012109
    -0.77198     0.84497    -0.22784    0.012109
    -0.91119       0.643    -0.37938   0.0064444
    -0.91119       0.643    -0.37938   0.0064444
     -1.0259     0.41358     0.24494   0.0090075
      -1.134     0.59355    0.063411   0.0091252
      -1.134     0.59355    0.063411   0.0091252
     -1.1936     0.72021       0.515    0.021909
     -1.2374     0.93853      1.8931    0.062126
     -1.2374     0.93853      1.8931    0.062126
     -1.2374     0.93853      1.8931    0.062126
     -1.3592     0.66168      1.3141    0.022649
     -1.2717     0.37712     0.86992    0.014218
     -1.2717     0.37712     0.86992    0.014218
     -1.3373     0.38954      1.0092    0.014447
     -1.1706     0.53156     0.13954   0.0067036
    -0.98114     0.79662    -0.01509    0.018194
    -0.83742      1.0044     0.20695    0.032049
    -0.99284     0.79993    0.051014    0.018508
    -0.99284     0.79993    0.051014    0.018508
    -0.97932      1.0222     0.73228    0.040457
    -0.96979      1.0177     0.62061     0.03321
    -0.93086     0.97411     0.32425    0.026602
     -1.1053     0.74907     0.21532    0.018626
    -0.91883     0.77216    -0.18249    0.013246
     -1.0411     0.79947     0.16522    0.017241
     -1.0411     0.79947     0.16522    0.017241
     -1.0411     0.79947     0.16522    0.017241
    -0.97206     0.52865    -0.25198   0.0039725
     -1.2374     0.69364     0.65572    0.021702
     -1.4741     0.81389      3.2629    0.053529
     -1.4741     0.81389      3.2629    0.053529
     -1.4741     0.81389      3.2629    0.053529
     -1.4741     0.81389      3.2629    0.053529
     -1.2168     0.79639      0.9775     0.02833
     -1.2168     0.79639      0.9775     0.02833
     -1.2168     0.79639      0.9775     0.02833
     -1.2289     0.75451     0.77573    0.026261
     -1.2289     0.75451     0.77573    0.026261
     -1.1968     0.51775     0.22627   0.0067241
     -1.3476     0.43995     0.88881     0.01096
     -1.3476     0.43995     0.88881     0.01096
     -1.3476     0.43995     0.88881     0.01096
     -1.3555      0.5265      0.8965    0.014723
     -1.3555      0.5265      0.8965    0.014723
     -1.0582     0.50224   -0.067763   0.0042258
    -0.86923     0.51093    -0.29247   0.0043295
    -0.94134     0.42595     0.13636   0.0094558
    -0.93126     0.44929  -0.0025485   0.0090713
     -1.0446     0.47191   0.0038142   0.0065945
     -1.2838     0.69491      0.8972     0.02307
     -1.2838     0.69491      0.8972     0.02307
     -1.2838     0.69491      0.8972     0.02307
     -1.0148      0.5134    -0.16257   0.0042929
      -0.985     0.45748   -0.013878    0.007025
     -0.7275     0.66979    -0.41631   0.0025964
     -1.0204     0.47619   -0.052183   0.0058026
    -0.89353      0.5162    -0.28932    0.005209
    -0.89353      0.5162    -0.28932    0.005209
    -0.89353      0.5162    -0.28932    0.005209
      -1.125      0.7351     0.24154    0.017935
      -1.125      0.7351     0.24154    0.017935
     -1.2984     0.69983      1.0389    0.029165
     -1.4034     0.74891      2.0766    0.036549
      -1.387     0.79425      2.2475    0.045156
      -1.387     0.79425      2.2475    0.045156
     -1.2056     0.60072     0.30111    0.013241
     -1.0494     0.77359     0.13368    0.019898
     -1.0494     0.77359     0.13368    0.019898
     -1.0759     0.85486     0.42847    0.023233
     -1.0759     0.85486     0.42847    0.023233
     -1.0759     0.85486     0.42847    0.023233
     -1.1816     0.66827     0.30308     0.01612
     -1.0641     0.48864   -0.025669   0.0044168
      -1.215     0.34847     0.92791    0.016606
      -1.215     0.34847     0.92791    0.016606
      -1.215     0.34847     0.92791    0.016606
      -1.215     0.34847     0.92791    0.016606
     -1.3977     0.59674      1.3505    0.022858
     -1.3097     0.48355      0.6855   0.0099744
     -1.3097     0.48355      0.6855   0.0099744
     -1.3546     0.74673      1.6642    0.035487
     -1.3546     0.74673      1.6642    0.035487
      -1.236      1.0014      2.2726    0.066034
     -1.0326      1.1394      1.6304    0.066137
     -1.0326      1.1394      1.6304    0.066137
     -1.0326      1.1394      1.6304    0.066137
    -0.78215      1.0473     0.15869    0.024146
    -0.49178      1.0752     -0.1431    0.019081
    -0.73837     0.86828     -0.2272    0.013435
    -0.92081     0.70816    -0.30864   0.0079704
    -0.99892     0.49608    -0.13723   0.0053695
    -0.99892     0.49608    -0.13723   0.0053695
    -0.90661      0.5397    -0.33962   0.0037314
    -0.90661      0.5397    -0.33962   0.0037314
    -0.74457     0.49441    -0.28529   0.0064647
    -0.74457     0.49441    -0.28529   0.0064647
    -0.57212     0.33823     0.80405    0.020966
    -0.65261     0.47093    -0.20928   0.0073901
    -0.65261     0.47093    -0.20928   0.0073901
    -0.42937     0.67557     -0.1423   0.0053731
    -0.42243     0.50397    0.068302   0.0058925
    -0.46185     0.65574    -0.16578   0.0047091
    -0.45256     0.53335   -0.031921   0.0055421
    -0.57444     0.62379    -0.29021   0.0033067
    -0.77314     0.71457    -0.39689    0.005148
    -0.58828      1.0088    -0.12541    0.018787
    -0.29762      1.2356    0.072582    0.022193
    -0.10916     0.93959    -0.23431   0.0065883
    -0.24783      1.1904   -0.011558    0.026227
    -0.50861      1.0896   -0.053201    0.017592
    -0.74884     0.99451    0.011388    0.022388
    -0.70188     0.70099    -0.39109   0.0038622
    -0.70589     0.47024    -0.21106   0.0082884
    -0.63164      0.5559    -0.32085   0.0037833
    -0.44076     0.38441     0.27128    0.010735
    -0.33681     0.41189     0.47245   0.0079834
    -0.33681     0.41189     0.47245   0.0079834
    -0.33681     0.41189     0.47245   0.0079834
    -0.14786      0.5489     0.44162   0.0090854
    -0.12625     0.68602    0.077031   0.0079356
     0.03945     0.91463    -0.22256   0.0054684
     0.03945     0.91463    -0.22256   0.0054684
    -0.11227      1.0217    -0.23718   0.0072026
    -0.32178      1.0545     -0.2054   0.0098656
    -0.20117      1.1896   -0.040879    0.024054
    -0.20117      1.1896   -0.040879    0.024054
    -0.16772     0.89622     -0.2188   0.0059846
    -0.26089     0.71189   -0.046425   0.0058588
    -0.55655     0.98727    -0.17745    0.013703
    -0.45425      1.1063   -0.078688    0.019186
    -0.54026     0.84137    -0.28112   0.0068459
    -0.65132     0.61291    -0.36924   0.0027876
    -0.81849       0.658    -0.42988   0.0041981
    -0.57473     0.70405    -0.31339   0.0035854
    -0.64273     0.78696    -0.33419   0.0051499
    -0.54262     0.77489    -0.29136   0.0049456
    -0.67624      0.7547    -0.35232   0.0055624
    -0.37814      1.0485    -0.18828    0.014237
    -0.12662      1.0303    -0.25248   0.0078822
    -0.39113     0.90776    -0.26376   0.0057835
    -0.68054     0.89694    -0.20671    0.012507
    -0.53177     0.63798    -0.24565   0.0041041
    -0.28193     0.69057   -0.014138   0.0060168
    -0.58091     0.77592    -0.31001   0.0045794
    -0.63319     0.90714    -0.21863     0.01402
    -0.63319     0.90714    -0.21863     0.01402
    -0.91946     0.65304    -0.36695   0.0054807
    -0.91946     0.65304    -0.36695   0.0054807
     -1.1169     0.56246   -0.014326    0.006702
     -1.1169     0.56246   -0.014326    0.006702
     -1.3371     0.80812      1.8374       0.038
     -1.3033     0.61456     0.78608     0.01879
     -1.3033     0.61456     0.78608     0.01879
     -1.3402     0.40649     0.94228    0.011806
     -1.3402     0.40649     0.94228    0.011806
     -1.3402     0.40649     0.94228    0.011806
     -1.3402     0.40649     0.94228    0.011806
     -1.3402     0.40649     0.94228    0.011806
     -1.0674     0.30911      1.2573    0.027018
     -1.3338     0.39529     0.97631      0.0127
     -1.1725     0.35116     0.83104    0.017135
     -1.1836     0.36608     0.73788    0.016768
     -1.0878     0.29603        1.48    0.037348
    -0.87453      0.4919    -0.23289   0.0073077
    -0.84985     0.76279    -0.30785   0.0089851
    -0.73329      0.9165    -0.17986    0.014772
    -0.55996     0.80843    -0.29088   0.0057578
    -0.62236     0.55819    -0.31396   0.0032771
    -0.41973     0.60068   -0.040332   0.0057198
    -0.37757     0.47141     0.21711    0.007162
    -0.26105     0.26682      1.5034    0.018695
    -0.26105     0.26682      1.5034    0.018695
    -0.27852     0.30835      1.0813    0.012434
    -0.27852     0.30835      1.0813    0.012434
   -0.059506     0.49698     0.75601    0.012703
   -0.059506     0.49698     0.75601    0.012703
     0.21082     0.61133     0.19805   0.0077251
    0.064113     0.71749     0.02828   0.0067534
   -0.024759     0.57644     0.42623   0.0082423
    -0.23825      0.4891     0.52567    0.010386
   -0.094172     0.62864     0.23958   0.0082719
    -0.22344     0.91886    -0.24644   0.0053213
    -0.51093     0.63176     -0.2097   0.0046775
    -0.47287     0.66119    -0.19318   0.0044721
     -0.6776     0.64458    -0.39882   0.0023275
    -0.78877     0.65444    -0.43658   0.0034215
    -0.78877     0.65444    -0.43658   0.0034215
    -0.84251     0.83003    -0.20647    0.012184
    -0.84251     0.83003    -0.20647    0.012184
    -0.84251     0.83003    -0.20647    0.012184
    -0.56067      1.0345    -0.11868    0.014853
    -0.36685     0.98474    -0.24587    0.007943
    -0.12171     0.68811     0.10009   0.0064605
    -0.20352     0.91063    -0.22209   0.0067884
    -0.32353      1.0924    -0.17572    0.011326
    -0.36609     0.84089      -0.232   0.0058865
      -0.126      1.1372    -0.16531    0.014026
    -0.41393      1.3762     0.81331    0.072978
    -0.19513      1.2475    0.080384    0.033436
    -0.10432      1.3512     0.37596      0.0373
    0.058546       1.172    -0.11794    0.019083
   -0.056755      1.1417    -0.18258    0.013434
    -0.15634       1.375     0.52703    0.046847
    -0.13219      1.2147   -0.044172    0.023125
    -0.19738      1.2231    0.034029    0.031298
    -0.19738      1.2231    0.034029    0.031298
     -0.3781      1.1265     -0.1015    0.017002
    -0.57363      1.3125     0.64438    0.049085
    -0.40976      1.1505   -0.053981    0.021139
    -0.21302       1.114    -0.19419    0.013774
    -0.31901      1.3741     0.68592    0.061286
    -0.10315      1.2138   -0.020741    0.036496
    0.018096       1.071    -0.22873   0.0093829
    -0.20782     0.85129    -0.18486   0.0054793
   -0.060946      1.0318    -0.24868    0.012832
     0.17201      1.2533     0.10538    0.030281
   -0.096145      1.1591    -0.14488    0.013921
    -0.34016      1.2479     0.19572    0.029023
    -0.34016      1.2479     0.19572    0.029023
    -0.10709      1.3147     0.28611    0.037045
   -0.020986      1.2132   -0.074501     0.01886
   -0.020986      1.2132   -0.074501     0.01886
    -0.12039      1.2409     0.07033    0.031019
     0.16373      1.0067    -0.25381   0.0065151
     0.30426      0.7567    -0.13015   0.0057855
     0.43222     0.97771    -0.25121    0.010077
     0.34908      1.0406    -0.22609    0.012296
     0.13384      1.1101     -0.1884     0.01462
    0.024376      1.2596     0.10656     0.03047
     0.13809      1.3614     0.42837    0.060479
     0.32838      1.2515     0.12927    0.028124
     0.43576      1.0893    -0.10974    0.018489
     0.43576      1.0893    -0.10974    0.018489
     0.47247      1.0037    -0.20102    0.012826
     0.28325      1.0572    -0.21503    0.010424
     0.28325      1.0572    -0.21503    0.010424
     0.33024      1.3193     0.38235    0.035814
     0.38038      1.2463     0.21145    0.034125
     0.38778      1.3392     0.54669    0.043689
     0.16417      1.4742      1.1227    0.064546
    -0.05948      1.1834   -0.090829     0.01751
   -0.030802      1.0459    -0.24936   0.0083733
     0.17284     0.86472    -0.20019   0.0049987
    0.053266     0.95043    -0.22983   0.0062863
   -0.082815     0.93453     -0.2385   0.0060757
   -0.082815     0.93453     -0.2385   0.0060757
     0.14397      1.1841   -0.079511    0.019124
     0.13834     0.90614    -0.22176   0.0059466
   -0.085376      0.9005     -0.2143   0.0051374
     0.01722      1.0448    -0.24747   0.0072003
    -0.17981      1.1193    -0.16879    0.014517
     -0.1339      1.2091   -0.012829      0.0276
    0.039425      1.0698    -0.24062   0.0082349
   -0.015642     0.77626   -0.062265   0.0057657
     0.26873     0.72589    -0.07621   0.0054293
     0.21799     0.82055    -0.16746   0.0057827
     0.31032     0.69871   -0.049956   0.0054204
     0.31032     0.69871   -0.049956   0.0054204
     0.16964     0.92398    -0.23103   0.0053746
     0.12344     0.79087   -0.099332   0.0055158
     0.12344     0.79087   -0.099332   0.0055158
     0.29634     0.63518    0.052449    0.006309
     0.34457     0.76078    -0.16484   0.0046735
     0.53131     0.63883    -0.24048   0.0034916
     0.25288     0.45375     0.59927    0.011911
     0.55187     0.42294    0.047395   0.0098189
     0.42569     0.42841     0.19383   0.0071797
     0.17078     0.67572    0.086583   0.0081207
   -0.065123     0.96506    -0.25245    0.005568
   -0.011724      1.0658    -0.23382   0.0095377
   -0.011724      1.0658    -0.23382   0.0095377
    0.087389      1.1196    -0.20973    0.011372
    -0.11215      1.2311  -0.0050074    0.020651
    -0.11215      1.2311  -0.0050074    0.020651
     0.14452     0.94185    -0.23919   0.0060324
     0.11858      1.1742    -0.11626    0.015414
     0.21784      1.1268    -0.14914    0.016249
     0.24065      1.2491    0.078068    0.024545
    0.061431      1.0938    -0.22813   0.0085007
   0.0058186      1.1916   -0.076586    0.020391
     0.09581       1.335     0.22324     0.02872
     0.09581       1.335     0.22324     0.02872
     0.10384      1.0453    -0.24636   0.0072529
     0.17715     0.82901    -0.16837   0.0050022
     0.10908       1.117    -0.20414    0.011958
     0.19631     0.92988    -0.24197   0.0052865
     0.45337      1.1627    0.036255    0.022555
     0.46801     0.92634    -0.25721   0.0077524
     0.73992     0.93749    -0.10888    0.015666
     0.65405     0.82822    -0.29337   0.0074952
      0.3878     0.77957    -0.20639   0.0052903
     0.50337     0.76958    -0.27306   0.0045992
     0.50337     0.76958    -0.27306   0.0045992
      0.7723     0.69709     -0.4062   0.0048509
     0.89271     0.63276    -0.40245   0.0035973
     0.89271     0.63276    -0.40245   0.0035973
     0.89271     0.63276    -0.40245   0.0035973
     0.91841     0.64687     -0.3767   0.0056306
      1.1302     0.71925     0.26005    0.019536
      1.1797     0.58747     0.17476    0.010274
      1.0838     0.40079     0.35707    0.011782
      1.0838     0.40079     0.35707    0.011782
      1.0838     0.40079     0.35707    0.011782
      1.2703       0.502     0.48552   0.0076791
      1.2703       0.502     0.48552   0.0076791
      1.2703       0.502     0.48552   0.0076791
       1.162     0.44044     0.28542   0.0072674
     0.87063     0.35953     0.68088    0.020832
     0.80217     0.35177     0.83713     0.01979
     0.80217     0.35177     0.83713     0.01979
     0.80217     0.35177     0.83713     0.01979
     0.80217     0.35177     0.83713     0.01979
      1.0291     0.49246   -0.084884   0.0045654
      1.0291     0.49246   -0.084884   0.0045654
     0.76582     0.58614    -0.43213   0.0026317
     0.97114     0.66339    -0.28846   0.0076326
      1.2589     0.57023      0.4791    0.011724
      1.2589     0.57023      0.4791    0.011724
      1.2589     0.57023      0.4791    0.011724
      1.2589     0.57023      0.4791    0.011724
      1.3916     0.62907      1.3751    0.026684
      1.1585     0.35537     0.77491    0.017887
     0.87075     0.35114     0.80621    0.020307
     0.88657     0.43254    0.086538    0.011181
     0.61878     0.70716    -0.34641   0.0032876
     0.61878     0.70716    -0.34641   0.0032876
     0.57605     0.70547    -0.30669   0.0034918
     0.57605     0.70547    -0.30669   0.0034918
     0.71535     0.68597     -0.4045   0.0033598
     0.72043     0.41987    0.090502    0.012223
     0.72043     0.41987    0.090502    0.012223
     0.72043     0.41987    0.090502    0.012223
     0.85043      0.7158    -0.36999   0.0074058
      1.0749     0.70461  0.00039052    0.011894
     0.94005     0.68487    -0.31015   0.0084015
     0.77802     0.80936    -0.29548   0.0096101
     0.77802     0.80936    -0.29548   0.0096101
      0.5222      0.8537    -0.27729   0.0061344
     0.73919      1.0991      0.2202    0.028499
     0.83281      1.1568     0.72501    0.048944
     0.56888     0.90145    -0.24092    0.010889
     0.56888     0.90145    -0.24092    0.010889
     0.84615     0.78372    -0.26082    0.011662
      1.0487     0.89505     0.49716    0.025109
     0.86076      1.0676     0.46658    0.038801
     0.75235     0.96527   -0.051358    0.021592
     0.75235     0.96527   -0.051358    0.021592
     0.93528     0.79458    -0.13792    0.013018
       1.044     0.75758    0.053533    0.016127
     0.87595     0.66641    -0.39671   0.0056528
     0.73983     0.59718    -0.42746   0.0026659
     0.49544     0.67019    -0.21809    0.004595
     0.74992     0.88797    -0.19163    0.013422
     0.74992     0.88797    -0.19163    0.013422
     0.83636     0.80805    -0.22849    0.012158
     0.73813     0.81211    -0.29641    0.010096
     0.47983     0.88347     -0.2682   0.0079037
     0.36221      0.8983     -0.2579   0.0052341
    0.076051     0.81713    -0.12271   0.0058239
   -0.031107     0.85812    -0.18154   0.0054764
    0.047941     0.80031    -0.10552   0.0057632
    0.047941     0.80031    -0.10552   0.0057632
   -0.044963     0.99859    -0.25864   0.0072246
      0.1527       1.193   -0.058932    0.023109
    0.037293      1.4122      0.6462    0.053055
    -0.10727      1.1495    -0.14057    0.014227
    -0.37933     0.92983    -0.26037    0.006999
    -0.55884      0.9542    -0.20989    0.011345
    -0.49104     0.72552    -0.24044   0.0046474
    -0.36931     0.96473    -0.24966   0.0078688
    -0.20833     0.98581    -0.24202    0.007087
    -0.28836      1.1088    -0.17899    0.011931
     -0.1212     0.91809      -0.235   0.0054304
    -0.15822     0.69675     0.05264   0.0069375
    -0.42193     0.70365    -0.17016   0.0050279
    -0.29802     0.47761     0.41401    0.010016
    -0.23885      0.3117      1.2698    0.016193
  -0.0029938     0.44065      1.0797    0.016131
   -0.044583     0.35326      1.8365    0.027572
     -0.2425     0.64807    0.090935   0.0065042
   -0.094995     0.56629     0.43821   0.0083635
     0.13098     0.75858   -0.051181   0.0062035
    -0.12797      0.6199     0.24642   0.0084761
     0.16826     0.57289      0.3453   0.0085948
     0.24543     0.49894     0.48587   0.0093709
     0.24543     0.49894     0.48587   0.0093709
      0.4887     0.61826    -0.17265   0.0046575
     0.52234     0.66391    -0.23821   0.0044648
     0.52234     0.66391    -0.23821   0.0044648
     0.74931     0.95155   -0.097165    0.015638
     0.60747     0.65534    -0.33862   0.0028686
     0.60747     0.65534    -0.33862   0.0028686
     0.60747     0.65534    -0.33862   0.0028686
     0.35762     0.55039     0.10415   0.0064858
     0.35762     0.55039     0.10415   0.0064858
     0.40887     0.61752   -0.051773   0.0064619
     0.40887     0.61752   -0.051773   0.0064619
     0.60457     0.56644    -0.29942   0.0038353
     0.37097     0.36686     0.49834   0.0093554
     0.37097     0.36686     0.49834   0.0093554
     0.37097     0.36686     0.49834   0.0093554
     0.37097     0.36686     0.49834   0.0093554
     0.49363     0.56575    -0.14378   0.0049739
     0.64294     0.48569    -0.22716   0.0065285
     0.92309     0.70426    -0.29687    0.010208
     0.92309     0.70426    -0.29687    0.010208
     0.89247     0.42448     0.15531    0.011292
     0.89247     0.42448     0.15531    0.011292
     0.89247     0.42448     0.15531    0.011292
     0.83475      0.4113     0.24286    0.014109
      1.0473      0.5795    -0.18388   0.0055079
     0.91986     0.69721    -0.32563   0.0075267
     0.86806     0.52345    -0.32723   0.0049459
     0.66554     0.67739    -0.37306   0.0034859
     0.40145     0.93143    -0.26411   0.0068824
     0.34196       1.065    -0.17518    0.016398
     0.26527      1.3379     0.38378    0.034063
   0.0033486      1.5634      1.4274    0.073523
   0.0033486      1.5634      1.4274    0.073523
     -0.0958      1.4627     0.92512     0.05601
   -0.077268      1.2049   -0.034705    0.019616
     0.10046      1.2794     0.13922    0.029238
   -0.093189     0.98181    -0.25175   0.0064542
   -0.092895      1.0463    -0.24354   0.0082164
    -0.27067      1.0049    -0.23099   0.0098597
    -0.44052      1.0348    -0.18695    0.011692
     -0.4551     0.85278    -0.26433   0.0055384
    -0.18371      1.0573    -0.22473   0.0087743
    -0.26654     0.82165    -0.18467   0.0052515
    -0.35612      0.5725    0.082787   0.0071075
    -0.35612      0.5725    0.082787   0.0071075
    -0.37171     0.34044     0.61322    0.013395
    -0.59612     0.41681    0.058601    0.010322
    -0.59612     0.41681    0.058601    0.010322
    -0.47128     0.36285     0.40136    0.011311
    -0.47128     0.36285     0.40136    0.011311
    -0.30376     0.40484     0.60995   0.0097398
    -0.40101     0.64433   -0.081876   0.0052823
    -0.49571     0.91885    -0.24557   0.0096613
    -0.31586     0.75871    -0.13705   0.0060271
    -0.60066     0.62089    -0.31648   0.0031321
    -0.58412     0.90417     -0.2622   0.0083448
    -0.58412     0.90417     -0.2622   0.0083448
    -0.85279     0.95447      0.1092    0.022767
     -1.1353     0.74318     0.30195    0.017229
     -1.1353     0.74318     0.30195    0.017229
    -0.93964     0.51301    -0.24906   0.0046531
     -1.0913     0.58499   -0.096442   0.0067224
    -0.98158     0.84783     0.10982    0.023392
    -0.98158     0.84783     0.10982    0.023392
    -0.79047     0.74318    -0.36634    0.005681
    -0.64753     0.76383    -0.34136    0.005055
    -0.55479     0.83124    -0.28863   0.0056518
    -0.62721     0.72181    -0.34346   0.0034156
    -0.34308     0.93681    -0.25809    0.006364
    -0.34308     0.93681    -0.25809    0.006364
    -0.52496      1.1811     0.15133    0.031972
    -0.55162      1.1849     0.19386    0.029745
    -0.74308      1.0154    0.072862     0.02421
    -0.82318      1.2487      1.1248    0.055062
    -0.82318      1.2487      1.1248    0.055062
      -0.882      1.1233     0.82285    0.045555
     -1.1407      1.1851       2.586    0.084053
     -1.1407      1.1851       2.586    0.084053
     -1.1407      1.1851       2.586    0.084053
     -1.1407      1.1851       2.586    0.084053
    -0.87238      1.3308       1.874    0.097635
    -0.59063      1.4537        1.81     0.10617
    -0.88161      1.3746       2.361     0.11117
    -0.60417      1.2304     0.43613    0.037864
      -0.606     0.97055    -0.19567    0.012096
    -0.49831        1.12   -0.018825    0.026046
    -0.39914      1.3372     0.46328    0.037999
    -0.67463      1.5229      2.3405     0.10512
    -0.56471      1.2392      0.3873    0.038255
    -0.56471      1.2392      0.3873    0.038255
    -0.56471      1.2392      0.3873    0.038255
    -0.56471      1.2392      0.3873    0.038255
    -0.70035      1.2025      0.5426    0.043521
    -0.70035      1.2025      0.5426    0.043521
    -0.55199      1.3373     0.71963    0.055888
    -0.35564      1.3554     0.62903    0.056084
    -0.35564      1.3554     0.62903    0.056084
    -0.38053      1.3175      0.4644    0.043219
    -0.14388      1.1211    -0.18539    0.011795
    -0.40155      1.2387     0.21814    0.039071
    -0.40155      1.2387     0.21814    0.039071
    -0.27571      1.1012    -0.16857    0.013433
    -0.27571      1.1012    -0.16857    0.013433
   -0.024487     0.85707    -0.16992   0.0048492
    0.064084      1.0808    -0.20963    0.017461
     0.29765      1.0232    -0.24683   0.0073399
     0.44468     0.95438    -0.25419   0.0086655
     0.41792      1.2044    0.088414    0.030678
