     ACCEPTANCE:
      0.81188
      0.81373
      0.81553
      0.81731
      0.81905
      0.82075
      0.82243
      0.82407
      0.82569
      0.82727
      0.82883
      0.83036
      0.83186
      0.83333
      0.82609
      0.81897
      0.82051
      0.82203
      0.82353
      0.81667
      0.81818
      0.81967
      0.82114
      0.81452
        0.808
      0.80952
      0.80315
      0.80469
       0.8062
      0.80769
      0.80916
      0.81061
      0.81203
      0.81343
      0.81481
      0.81618
      0.81752
      0.81884
      0.82014
      0.82143
       0.8156
      0.80986
      0.81119
       0.8125
      0.81379
      0.80822
      0.80952
      0.81081
      0.81208
      0.81333
      0.81457
      0.81579
      0.81699
      0.81818
      0.81935
      0.82051
      0.82166
      0.81646
      0.81761
      0.81875
      0.81988
      0.82099
      0.82209
      0.82317
      0.82424
       0.8253
      0.82635
      0.82738
       0.8284
      0.82941
      0.83041
       0.8314
      0.83237
      0.83333
      0.83429
      0.83523
      0.83616
      0.83708
      0.83799
      0.83889
      0.83978
      0.83516
      0.83607
      0.83696
      0.83784
      0.83871
      0.83957
      0.83511
      0.83069
      0.83158
      0.82723
      0.82292
      0.81865
      0.81959
      0.81538
      0.81122
      0.81218
      0.81313
      0.81407
        0.815
      0.81592
      0.81683
      0.81773
      0.81863
      0.81951
      0.82039
      0.82126
      0.82212
      0.82297
      0.82381
      0.82464
      0.82547
      0.82629
      0.82243
       0.8186
      0.81944
      0.81567
      0.81651
      0.81735
      0.81818
        0.819
      0.81982
      0.82063
      0.82143
      0.82222
      0.82301
      0.82379
      0.82456
      0.82533
      0.82609
      0.82251
      0.82328
      0.82403
      0.82479
      0.82553
      0.82627
        0.827
      0.82773
      0.82845
      0.82917
      0.82573
      0.82645
      0.82716
      0.82787
      0.82449
       0.8252
      0.82591
      0.82661
      0.82329
        0.824
       0.8247
       0.8254
      0.82213
      0.82283
      0.82353
      0.82422
       0.8249
      0.82558
      0.82625
      0.82692
      0.82759
      0.82824
       0.8289
      0.82576
      0.82264
      0.82331
      0.82397
      0.82463
      0.82528
      0.82222
      0.82288
      0.82353
      0.82051
      0.82117
      0.82182
      0.81884
      0.81949
      0.82014
       0.8172
      0.81786
      0.81851
      0.81915
      0.81625
       0.8169
      0.81754
      0.81818
      0.81882
      0.81597
      0.81661
      0.81724
      0.81787
      0.81507
      0.81229
      0.80952
      0.81017
      0.81081
      0.81145
      0.81208
      0.81271
         0.81
      0.81063
      0.81126
      0.81188
       0.8125
      0.81311
      0.81373
      0.81433
      0.81169
      0.80906
      0.80645
      0.80386
      0.80128
      0.80192
      0.79936
          0.8
      0.80063
      0.79811
      0.79874
      0.79937
          0.8
      0.80062
      0.80124
      0.79876
       0.7963
      0.79692
      0.79755
      0.79817
      0.79573
      0.79635
      0.79394
      0.79456
      0.79217
      0.79279
      0.79042
      0.79104
      0.79167
      0.79228
      0.78994
      0.79056
      0.79118
      0.79179
      0.78947
      0.79009
      0.78779
      0.78551
      0.78613
      0.78674
      0.78448
       0.7851
      0.78571
      0.78632
      0.78693
      0.78754
      0.78814
      0.78873
      0.78933
      0.78992
       0.7905
      0.79109
      0.79167
      0.79224
      0.79006
      0.79063
      0.79121
      0.78904
      0.78689
      0.78747
      0.78804
      0.78862
      0.78649
      0.78706
      0.78495
      0.78552
      0.78342
        0.784
      0.78457
      0.78515
      0.78571
      0.78364
      0.78158
      0.78215
      0.78272
      0.78329
      0.78385
      0.78442
      0.78497
      0.78553
      0.78608
      0.78663
      0.78718
      0.78772
      0.78827
      0.78626
      0.78426
      0.78228
      0.78283
      0.78086
      0.77889
      0.77945
         0.78
      0.78055
      0.77861
      0.77916
       0.7797
      0.78025
      0.78079
      0.78133
      0.78186
       0.7824
      0.78293
      0.78345
      0.78398
       0.7845
      0.78502
      0.78313
      0.78365
      0.78417
      0.78469
      0.78282
      0.78333
      0.78385
      0.78199
      0.78251
      0.78302
      0.78353
      0.78169
       0.7822
      0.78037
      0.78089
       0.7814
       0.7819
      0.78241
      0.78291
      0.78341
      0.78391
       0.7844
       0.7849
      0.78539
      0.78588
      0.78636
      0.78458
      0.78507
      0.78555
      0.78604
      0.78652
        0.787
      0.78747
      0.78795
      0.78842
      0.78889
      0.78936
      0.78982
      0.79029
      0.79075
      0.78901
      0.78947
      0.78993
      0.78821
      0.78649
      0.78478
      0.78525
      0.78355
      0.78402
      0.78233
       0.7828
      0.78326
      0.78158
      0.78205
      0.78252
      0.78298
      0.78344
       0.7839
      0.78436
      0.78481
      0.78526
      0.78361
      0.78197
      0.78243
      0.78288
      0.78333
      0.78378
      0.78423
      0.78468
      0.78512
      0.78557
      0.78601
      0.78645
      0.78689
      0.78528
      0.78571
      0.78615
      0.78659
      0.78499
      0.78543
      0.78586
      0.78629
      0.78672
      0.78715
      0.78758
        0.788
      0.78842
      0.78884
      0.78728
      0.78571
      0.78416
      0.78261
      0.78304
      0.78346
      0.78389
      0.78431
      0.78474
      0.78516
      0.78363
      0.78405
      0.78252
      0.78295
      0.78337
      0.78378
      0.78227
      0.78077
      0.77927
      0.77778
       0.7782
      0.77672
      0.77524
      0.77567
      0.77609
      0.77462
      0.77505
      0.77547
      0.77589
      0.77444
      0.77298
      0.77341
      0.77383
      0.77425
      0.77281
      0.77323
       0.7718
      0.77222
      0.77264
      0.77306
      0.77348
      0.77206
      0.77248
      0.77106
      0.77148
       0.7719
      0.77231
      0.77273
      0.77314
      0.77355
      0.77396
      0.77437
      0.77297
      0.77338
      0.77199
       0.7724
      0.77281
      0.77143
      0.77184
      0.77046
      0.77087
      0.77128
      0.77168
      0.77208
      0.77072
      0.77113
      0.76977
      0.77018
      0.77058
      0.76923
      0.76963
      0.77003
      0.77043
      0.77083
      0.77123
      0.77163
      0.77202
      0.77241
      0.77281
      0.77148
      0.77187
      0.77226
      0.77265
      0.77304
      0.77172
      0.77211
       0.7725
      0.77288
      0.77327
      0.77365
      0.77234
      0.77273
      0.77311
      0.77349
      0.77219
       0.7709
      0.77129
      0.77167
      0.77205
      0.77076
      0.76949
      0.76987
      0.77025
      0.76898
      0.76771
      0.76809
      0.76683
      0.76721
      0.76759
      0.76634
      0.76672
       0.7671
      0.76585
      0.76461
      0.76499
      0.76537
      0.76414
      0.76452
       0.7649
      0.76527
      0.76565
      0.76603
       0.7648
      0.76518
      0.76555
      0.76592
       0.7663
      0.76667
      0.76704
      0.76582
      0.76461
      0.76498
      0.76535
      0.76572
      0.76452
      0.76332
      0.76213
       0.7625
      0.76131
      0.76012
       0.7605
      0.75932
      0.75969
      0.76006
      0.75889
      0.75772
      0.75809
      0.75692
       0.7573
      0.75767
      0.75804
      0.75841
      0.75878
      0.75915
      0.75799
      0.75684
      0.75721
      0.75758
      0.75794
      0.75831
      0.75867
      0.75753
      0.75639
      0.75676
      0.75562
      0.75599
      0.75635
      0.75672
      0.75559
      0.75595
      0.75632
      0.75519
      0.75556
      0.75444
      0.75332
      0.75369
      0.75405
      0.75441
       0.7533
       0.7522
       0.7511
      0.75146
      0.75182
      0.75073
      0.75109
         0.75
      0.75036
      0.75072
      0.74964
      0.74855
      0.74892
      0.74928
      0.74964
         0.75
      0.75036
      0.74928
      0.74964
      0.74857
      0.74893
      0.74786
      0.74822
      0.74858
      0.74752
      0.74788
      0.74823
      0.74859
      0.74894
       0.7493
      0.74965
         0.75
      0.75035
       0.7507
      0.75105
       0.7514
      0.75174
      0.75209
      0.75243
      0.75278
      0.75312
      0.75346
      0.75242
      0.75138
      0.75172
      0.75207
      0.75241
      0.75137
      0.75171
      0.75205
      0.75239
      0.75137
      0.75171
      0.75204
      0.75238
      0.75272
      0.75305
      0.75339
      0.75372
      0.75405
      0.75439
      0.75472
      0.75505
      0.75538
       0.7557
      0.75603
      0.75636
      0.75668
      0.75701
      0.75733
      0.75766
      0.75665
      0.75697
      0.75597
      0.75629
      0.75529
      0.75561
      0.75594
      0.75494
      0.75526
      0.75427
      0.75328
      0.75229
      0.75131
      0.75163
      0.75196
      0.75228
       0.7526
      0.75293
      0.75325
      0.75357
      0.75389
       0.7542
      0.75452
      0.75484
      0.75515
      0.75547
       0.7545
      0.75481
      0.75385
      0.75416
       0.7532
      0.75351
      0.75383
      0.75414
      0.75445
      0.75476
      0.75508
      0.75539
       0.7557
      0.75601
      0.75631
      0.75536
      0.75567
      0.75472
      0.75377
      0.75408
      0.75439
      0.75469
        0.755
      0.75531
      0.75561
      0.75592
      0.75622
      0.75652
      0.75682
      0.75713
      0.75743
      0.75773
      0.75802
      0.75832
      0.75739
      0.75769
      0.75799
      0.75828
      0.75858
      0.75887
      0.75917
      0.75946
      0.75976
      0.76005
      0.76034
      0.76063
      0.76092
         0.76
      0.76029
      0.76058
      0.75966
      0.75995
      0.76024
      0.76053
      0.76082
       0.7611
      0.76139
      0.76168
      0.76196
      0.76225
      0.76253
      0.76162
       0.7619
      0.76219
      0.76128
      0.76157
      0.76185
      0.76213
      0.76241
      0.76269
      0.76297
      0.76325
      0.76353
      0.76381
      0.76291
      0.76319
      0.76347
      0.76374
      0.76402
      0.76429
      0.76457
      0.76484
      0.76512
      0.76539
      0.76566
      0.76593
      0.76505
      0.76532
      0.76559
      0.76471
      0.76498
      0.76525
      0.76552
      0.76579
      0.76606
      0.76632
      0.76659
      0.76686
      0.76712
      0.76625
      0.76651
      0.76678
      0.76591
      0.76617
      0.76644
       0.7667
      0.76697
      0.76723
      0.76749
      0.76776
      0.76689
      0.76715
      0.76742
      0.76768
      0.76794
       0.7682
      0.76846
      0.76872
      0.76897
      0.76923
      0.76949
      0.76863
      0.76889
      0.76915
      0.76829
      0.76744
       0.7677
      0.76796
      0.76821
      0.76847
      0.76762
      0.76678
      0.76703
      0.76619
      0.76535
      0.76561
      0.76586
      0.76612
      0.76528
      0.76445
      0.76362
      0.76387
      0.76304
       0.7633
      0.76356
      0.76381
      0.76299
      0.76216
      0.76134
       0.7616
      0.76185
      0.76211
      0.76237
      0.76262
       0.7618
      0.76206
      0.76124
       0.7615
      0.76175
      0.76094
      0.76013
      0.76038
      0.76064
      0.76089
      0.76115
      0.76034
      0.76059
      0.76085
       0.7611
      0.76135
      0.76055
       0.7608
      0.76105
       0.7613
      0.76155
      0.76076
      0.76101
      0.76126
      0.76151
      0.76176
        0.762
      0.76225
      0.76146
      0.76171
      0.76195
       0.7622
      0.76245
      0.76269
      0.76294
      0.76319
       0.7624
      0.76264
      0.76289
      0.76313
      0.76337
      0.76362
      0.76386
       0.7641
      0.76434
      0.76459
      0.76483
      0.76507
      0.76531
      0.76555
      0.76578
      0.76602
      0.76626
       0.7665
      0.76673
      0.76697
      0.76721
      0.76744
      0.76768
      0.76791
      0.76714
      0.76737
      0.76761
      0.76683
      0.76707
       0.7673
      0.76653
      0.76577
        0.766
      0.76523
      0.76547
      0.76471
      0.76494
      0.76517
      0.76441
      0.76365
       0.7629
      0.76313
      0.76337
       0.7636
      0.76285
      0.76308
      0.76233
      0.76158
      0.76181
      0.76205
      0.76228
      0.76251
      0.76275
      0.76298
      0.76321
      0.76344
      0.76367
      0.76293
      0.76316
      0.76339
      0.76362
      0.76385
      0.76408
      0.76431
      0.76453
      0.76476
      0.76499
      0.76522
      0.76544
      0.76471
      0.76493
      0.76516
      0.76442
      0.76465
      0.76392
      0.76414
      0.76437
      0.76459
      0.76482
      0.76504
      0.76527
      0.76454
      0.76476
      0.76499
      0.76426
      0.76448
      0.76471
      0.76493
       0.7642
      0.76443
      0.76465
      0.76487
      0.76509
      0.76532
       0.7646
      0.76482
      0.76504
      0.76526
      0.76548
      0.76476
      0.76498
       0.7652
      0.76449
      0.76377
      0.76306
      0.76328
       0.7635
      0.76372
      0.76394
      0.76416
      0.76438
       0.7646
      0.76481
      0.76503
      0.76433
      0.76362
      0.76292
      0.76313
      0.76243
      0.76265
      0.76287
      0.76217
      0.76239
       0.7626
      0.76282
      0.76212
      0.76234
      0.76164
      0.76186
      0.76208
       0.7623
      0.76251
      0.76273
