     ACCEPTANCE:
     0.079208
     0.078431
      0.07767
     0.076923
      0.07619
     0.075472
     0.074766
     0.074074
     0.073394
     0.072727
     0.072072
     0.071429
     0.070796
     0.070175
     0.069565
     0.068966
     0.068376
     0.067797
     0.067227
     0.066667
     0.066116
     0.065574
     0.065041
     0.064516
        0.064
     0.063492
     0.062992
       0.0625
     0.062016
     0.061538
     0.061069
     0.060606
      0.06015
     0.059701
     0.059259
     0.058824
     0.058394
     0.057971
     0.057554
     0.057143
     0.056738
     0.056338
     0.055944
     0.055556
     0.055172
     0.054795
     0.054422
     0.054054
     0.053691
     0.053333
      0.05298
     0.052632
     0.052288
     0.051948
     0.058065
     0.057692
     0.057325
     0.056962
     0.056604
      0.05625
     0.062112
     0.061728
      0.06135
     0.060976
     0.060606
     0.060241
      0.05988
     0.059524
     0.059172
     0.058824
      0.05848
      0.05814
     0.057803
     0.057471
     0.057143
     0.056818
     0.056497
      0.05618
     0.055866
     0.055556
     0.055249
     0.054945
     0.054645
     0.054348
     0.054054
     0.053763
     0.053476
     0.053191
      0.05291
     0.057895
     0.057592
     0.057292
     0.056995
     0.056701
      0.05641
     0.056122
     0.055838
     0.055556
     0.055276
        0.055
     0.054726
     0.054455
     0.054187
     0.058824
     0.058537
     0.063107
     0.067633
     0.067308
     0.066986
     0.066667
     0.066351
     0.066038
     0.070423
     0.070093
     0.069767
     0.074074
     0.073733
     0.073394
     0.073059
     0.072727
     0.072398
     0.072072
     0.071749
     0.071429
     0.071111
     0.070796
     0.070485
     0.070175
     0.069869
     0.069565
     0.069264
     0.068966
      0.06867
      0.07265
      0.07234
     0.072034
      0.07173
     0.071429
     0.075314
        0.075
     0.074689
      0.07438
     0.074074
      0.07377
     0.073469
     0.073171
     0.072874
     0.072581
     0.072289
        0.072
     0.071713
     0.071429
     0.071146
     0.070866
     0.070588
     0.070312
     0.070039
     0.073643
     0.073359
     0.073077
     0.072797
     0.072519
     0.072243
      0.07197
     0.071698
     0.071429
     0.071161
     0.070896
     0.070632
      0.07037
     0.070111
     0.069853
     0.069597
     0.069343
     0.069091
     0.068841
     0.068592
     0.071942
     0.071685
     0.071429
     0.074733
     0.074468
     0.074205
     0.073944
     0.073684
     0.073427
     0.073171
     0.076389
     0.076125
     0.075862
     0.075601
     0.075342
     0.075085
      0.07483
     0.074576
     0.074324
     0.074074
     0.073826
     0.073579
     0.073333
      0.07309
     0.072848
     0.072607
     0.072368
     0.072131
     0.071895
     0.071661
     0.071429
     0.071197
     0.070968
      0.07074
     0.070513
     0.070288
     0.070064
     0.069841
      0.06962
     0.069401
     0.069182
     0.068966
      0.06875
     0.068536
     0.068323
     0.068111
     0.067901
     0.067692
     0.067485
     0.067278
     0.067073
     0.069909
     0.069697
     0.069486
     0.069277
     0.069069
     0.068862
     0.071642
     0.071429
     0.071217
     0.071006
     0.070796
     0.070588
     0.070381
     0.070175
     0.069971
     0.069767
     0.069565
     0.069364
     0.069164
     0.068966
     0.068768
     0.068571
     0.068376
     0.071023
     0.070822
     0.070621
     0.070423
     0.070225
     0.070028
     0.069832
     0.069638
     0.069444
     0.069252
     0.069061
     0.068871
     0.068681
     0.068493
     0.068306
      0.06812
     0.067935
     0.067751
     0.067568
     0.067385
     0.067204
     0.067024
     0.066845
     0.066667
     0.066489
     0.066313
     0.066138
     0.065963
     0.065789
     0.065617
     0.065445
     0.065274
     0.065104
     0.064935
     0.064767
     0.064599
     0.064433
     0.064267
     0.064103
     0.063939
     0.063776
     0.063613
     0.063452
     0.063291
     0.063131
     0.062972
     0.062814
     0.062657
       0.0625
     0.062344
     0.062189
     0.062035
     0.061881
     0.061728
     0.061576
     0.061425
     0.061275
     0.061125
     0.060976
     0.060827
      0.06068
     0.060533
     0.060386
     0.060241
     0.060096
     0.059952
     0.059809
     0.059666
     0.061905
     0.061758
     0.061611
     0.061466
     0.061321
     0.061176
     0.061033
      0.06089
     0.060748
     0.062937
     0.062791
     0.062645
       0.0625
     0.062356
     0.062212
     0.062069
      0.06422
     0.064073
     0.063927
     0.063781
     0.063636
     0.063492
     0.063348
     0.063205
     0.065315
     0.065169
     0.065022
     0.064877
     0.064732
     0.064588
     0.064444
     0.064302
     0.064159
     0.064018
     0.063877
     0.063736
     0.063596
     0.063457
     0.063319
     0.063181
     0.063043
     0.062907
     0.062771
     0.062635
       0.0625
     0.062366
     0.062232
     0.062099
     0.061966
     0.061834
     0.061702
     0.063694
     0.063559
     0.063425
     0.063291
     0.063158
     0.063025
     0.062893
     0.062762
      0.06263
       0.0625
      0.06237
     0.062241
     0.062112
     0.061983
     0.061856
     0.061728
     0.061602
     0.063525
     0.063395
     0.063265
     0.065173
     0.067073
     0.066937
     0.066802
     0.068687
     0.068548
      0.06841
     0.070281
      0.07014
         0.07
      0.06986
     0.069721
     0.069583
     0.069444
     0.069307
      0.06917
     0.069034
     0.068898
     0.070727
     0.072549
     0.072407
     0.072266
     0.072125
     0.071984
     0.071845
     0.071705
     0.071567
     0.071429
     0.071291
     0.071154
     0.071017
     0.070881
     0.070746
     0.070611
     0.070476
     0.070342
     0.072106
      0.07197
     0.071834
     0.071698
     0.071563
     0.071429
     0.071295
     0.071161
     0.072897
     0.072761
     0.072626
     0.072491
     0.072356
     0.072222
     0.072089
     0.071956
     0.071823
     0.071691
      0.07156
     0.071429
     0.073126
     0.072993
      0.07286
     0.074545
      0.07441
     0.074275
     0.074141
     0.074007
     0.073874
      0.07554
     0.075404
     0.075269
     0.075134
        0.075
     0.074866
     0.074733
       0.0746
     0.074468
     0.074336
     0.074205
     0.074074
     0.075704
     0.075571
     0.075439
     0.075306
     0.075175
     0.075044
     0.074913
     0.074783
     0.074653
     0.074523
     0.074394
     0.074266
     0.074138
      0.07401
     0.073883
     0.073756
      0.07363
     0.073504
     0.073379
     0.073254
     0.073129
     0.073005
     0.072881
     0.072758
     0.072635
     0.072513
     0.074074
      0.07563
     0.075503
     0.075377
     0.075251
     0.075125
        0.075
     0.074875
     0.074751
     0.074627
     0.076159
     0.076033
     0.075908
     0.075783
     0.077303
     0.077176
     0.077049
      0.07856
     0.078431
     0.078303
     0.078176
     0.078049
     0.077922
     0.077796
      0.07767
     0.077544
     0.077419
     0.077295
      0.07717
     0.077047
     0.076923
       0.0768
     0.076677
      0.07815
     0.079618
     0.079491
     0.079365
     0.079239
     0.079114
     0.078989
     0.078864
      0.07874
     0.078616
     0.078493
      0.07837
     0.078247
     0.078125
     0.078003
     0.077882
     0.079316
     0.079193
      0.07907
     0.078947
     0.078825
     0.078704
     0.078582
     0.078462
     0.078341
     0.078221
     0.078101
     0.079511
     0.079389
     0.079268
     0.079148
     0.079027
     0.078907
     0.080303
     0.080182
      0.08006
     0.081448
     0.081325
     0.081203
     0.081081
      0.08096
     0.082335
     0.082212
     0.083582
     0.083458
     0.083333
      0.08321
     0.083086
     0.082963
      0.08284
     0.082718
     0.082596
     0.082474
     0.082353
     0.082232
     0.082111
     0.081991
     0.081871
     0.081752
     0.081633
     0.081514
     0.081395
     0.081277
     0.081159
     0.081042
     0.080925
     0.080808
     0.080692
     0.080576
      0.08046
     0.080344
     0.080229
     0.080114
         0.08
     0.079886
     0.079772
     0.079659
     0.079545
     0.079433
      0.07932
     0.079208
     0.079096
     0.078984
     0.078873
     0.078762
     0.078652
     0.078541
     0.078431
     0.078322
     0.078212
     0.078103
     0.077994
     0.077886
     0.079167
     0.079057
     0.078947
     0.078838
     0.078729
     0.078621
     0.078512
     0.078404
     0.078297
     0.078189
     0.078082
     0.077975
     0.077869
     0.077763
     0.077657
     0.077551
     0.077446
     0.077341
     0.077236
     0.077131
     0.077027
     0.076923
     0.076819
     0.076716
     0.076613
      0.07651
     0.076408
     0.076305
     0.076203
     0.076101
        0.076
     0.075899
     0.075798
     0.075697
     0.075597
     0.075497
     0.075397
     0.075297
     0.075198
     0.075099
        0.075
     0.074901
     0.074803
     0.074705
     0.074607
      0.07451
     0.074413
     0.074316
     0.075521
     0.076723
     0.076623
     0.076524
     0.076425
     0.076326
     0.076227
     0.076129
     0.076031
     0.075933
     0.075835
     0.077022
     0.076923
     0.076825
     0.076726
     0.076628
     0.076531
     0.077707
     0.077608
      0.07751
     0.077411
     0.077313
     0.078481
     0.078382
     0.079545
     0.079445
     0.079345
     0.079245
     0.079146
     0.079046
     0.078947
     0.078849
      0.07875
     0.078652
     0.078554
     0.078456
     0.078358
     0.078261
     0.078164
     0.078067
      0.07797
     0.077874
     0.077778
     0.077682
     0.077586
     0.077491
     0.077396
     0.077301
     0.077206
     0.077111
     0.077017
     0.076923
     0.076829
     0.076736
     0.076642
     0.076549
     0.076456
     0.076364
     0.076271
     0.076179
     0.076087
     0.075995
     0.075904
     0.075812
     0.075721
      0.07563
      0.07554
     0.075449
     0.075359
     0.075269
     0.075179
     0.075089
        0.075
     0.074911
     0.074822
     0.074733
     0.074645
     0.074556
     0.074468
      0.07438
     0.074292
     0.074205
     0.074118
     0.074031
     0.073944
     0.073857
      0.07377
     0.073684
     0.073598
     0.073512
     0.073427
     0.073341
     0.073256
     0.073171
     0.073086
     0.073001
     0.072917
     0.072832
     0.072748
     0.072664
     0.072581
     0.073648
     0.073563
     0.073479
     0.073394
      0.07331
     0.073227
     0.073143
     0.073059
     0.072976
     0.072893
      0.07281
     0.072727
     0.072645
     0.072562
     0.073613
     0.073529
     0.073446
     0.073363
     0.073281
     0.073198
     0.073116
     0.073034
     0.072952
      0.07287
     0.072788
     0.072707
     0.072626
     0.073661
     0.073579
      0.07461
     0.074527
     0.074444
     0.074362
     0.074279
     0.074197
     0.075221
     0.075138
     0.075055
     0.074972
      0.07489
     0.074807
     0.074725
     0.074643
     0.074561
      0.07448
     0.074398
      0.07541
     0.075328
     0.075245
     0.075163
     0.075082
        0.075
     0.074919
     0.074837
     0.074756
     0.074675
     0.074595
     0.074514
     0.074434
     0.074353
     0.074273
     0.075269
     0.075188
     0.075107
     0.076099
     0.076017
     0.075936
     0.075855
     0.075774
     0.075693
     0.075612
     0.075532
     0.075452
     0.075372
     0.075292
     0.075212
     0.075132
     0.075053
     0.074974
     0.074895
     0.074816
     0.074737
     0.074658
      0.07458
     0.074502
     0.074423
     0.074346
     0.074268
     0.075235
     0.075157
     0.075078
        0.075
     0.074922
     0.074844
     0.074766
     0.074689
     0.074611
     0.074534
     0.074457
      0.07438
     0.074303
     0.074227
      0.07415
     0.074074
     0.073998
     0.073922
     0.073846
      0.07377
     0.074719
     0.075665
     0.075587
      0.07551
     0.075433
     0.075356
     0.076297
      0.07622
     0.076142
     0.076065
     0.075988
     0.075911
     0.075834
     0.075758
     0.075681
     0.075605
     0.075529
     0.076459
     0.076382
     0.076305
     0.076229
     0.076152
     0.076076
        0.076
     0.075924
     0.075848
     0.075773
     0.075697
     0.075622
     0.075547
     0.075472
     0.075397
     0.075322
     0.075248
     0.075173
     0.075099
     0.075025
     0.074951
     0.074877
     0.075787
     0.075713
     0.075639
     0.075564
      0.07549
     0.075416
     0.075342
     0.075269
     0.075195
     0.075122
     0.075049
     0.074976
     0.074903
      0.07483
     0.075728
     0.075655
     0.075581
     0.075508
     0.075435
     0.075362
      0.07529
     0.075217
     0.075145
     0.075072
        0.075
     0.074928
     0.074856
     0.074784
     0.074713
     0.074641
      0.07457
     0.074499
     0.074427
     0.074357
     0.074286
     0.074215
     0.074144
     0.074074
     0.074004
     0.073934
     0.073864
     0.073794
     0.073724
     0.073654
     0.073585
     0.073516
     0.073446
     0.073377
     0.074248
     0.074178
     0.074109
     0.074039
      0.07397
     0.073901
     0.073832
     0.073763
     0.073694
     0.073625
     0.073557
     0.073488
      0.07342
     0.073352
     0.073284
     0.073216
     0.073148
      0.07308
     0.073013
     0.072946
     0.072878
     0.072811
     0.072744
     0.072677
      0.07261
     0.072544
     0.073394
     0.073327
      0.07326
     0.073193
     0.073126
     0.073059
     0.072993
     0.072926
      0.07286
     0.072793
     0.072727
