     ACCEPTANCE:
      0.81188
      0.81373
      0.81553
      0.81731
      0.81905
      0.82075
      0.82243
      0.82407
      0.82569
      0.82727
      0.82883
      0.83036
      0.83186
      0.83333
      0.82609
      0.81897
      0.82051
      0.82203
      0.82353
      0.81667
      0.81818
      0.81967
      0.82114
      0.81452
        0.808
      0.80952
      0.80315
      0.80469
       0.8062
      0.80769
      0.80916
      0.81061
      0.81203
      0.81343
      0.81481
      0.81618
      0.81752
      0.81884
      0.82014
      0.82143
       0.8156
      0.80986
      0.81119
       0.8125
      0.81379
      0.80822
      0.80952
      0.81081
      0.81208
      0.81333
      0.81457
      0.81579
      0.81699
      0.81818
      0.81935
      0.82051
      0.82166
      0.81646
      0.81761
      0.81875
      0.81988
      0.82099
      0.82209
      0.82317
      0.82424
       0.8253
      0.82635
      0.82738
       0.8284
      0.82941
      0.83041
       0.8314
      0.82659
      0.82759
      0.82857
      0.82955
      0.83051
      0.83146
       0.8324
      0.83333
      0.83425
      0.82967
       0.8306
      0.83152
      0.83243
      0.82796
      0.82888
      0.82979
       0.8254
      0.82632
      0.82723
      0.82292
      0.81865
      0.81959
      0.82051
      0.82143
      0.82234
      0.82323
      0.82412
        0.825
      0.82587
      0.82673
      0.82759
      0.82843
      0.82927
       0.8301
      0.83092
      0.83173
      0.83254
      0.83333
      0.83412
      0.83491
      0.83568
      0.83178
      0.83256
      0.83333
      0.82949
      0.83028
      0.83105
      0.83182
      0.83258
      0.83333
      0.83408
      0.83482
      0.83556
      0.83628
        0.837
      0.83772
      0.83843
      0.83913
       0.8355
      0.83621
      0.83691
      0.83761
       0.8383
      0.83898
      0.83966
      0.84034
        0.841
      0.84167
      0.83817
      0.83884
      0.83951
      0.84016
      0.84082
      0.84146
      0.84211
      0.84274
      0.83936
         0.84
      0.84064
      0.84127
       0.8419
      0.84252
      0.84314
      0.84375
      0.84436
      0.84496
       0.8417
      0.83846
      0.83908
      0.83969
       0.8403
      0.83712
      0.83396
      0.83459
      0.83521
      0.83582
      0.83643
      0.83704
      0.83764
      0.83824
      0.83516
      0.83577
      0.83636
      0.83333
      0.83394
      0.83453
      0.83154
      0.83214
      0.83274
      0.83333
      0.83039
      0.83099
      0.83158
      0.83217
      0.83275
      0.82986
      0.83045
      0.83103
      0.83162
      0.82877
      0.82594
      0.82313
      0.82373
      0.82432
      0.82492
       0.8255
      0.82609
      0.82333
      0.82392
       0.8245
      0.82508
      0.82566
      0.82623
       0.8268
      0.82736
      0.82468
      0.82201
      0.81935
      0.81672
       0.8141
       0.8147
       0.8121
       0.8127
      0.81329
      0.81073
      0.81132
      0.81191
       0.8125
      0.81308
      0.81366
      0.81115
      0.80864
      0.80923
      0.80982
       0.8104
      0.80793
      0.80851
      0.80606
      0.80665
      0.80422
       0.8048
       0.8024
      0.80299
      0.80357
      0.80415
      0.80178
      0.80236
      0.80294
      0.80352
      0.80409
      0.80466
      0.80233
          0.8
      0.79769
      0.79827
      0.79598
      0.79656
      0.79714
      0.79772
       0.7983
      0.79887
      0.79944
          0.8
      0.80056
      0.80112
      0.80168
      0.80223
      0.80278
      0.80332
       0.8011
      0.80165
       0.8022
          0.8
      0.79781
      0.79837
      0.79891
      0.79946
       0.7973
      0.79784
       0.7957
      0.79625
      0.79412
      0.79467
      0.79521
      0.79576
       0.7963
       0.7942
      0.79211
      0.79265
      0.79319
      0.79373
      0.79427
      0.79481
      0.79275
      0.79328
      0.79381
      0.79434
      0.79487
       0.7954
      0.79592
      0.79389
      0.79188
      0.78987
       0.7904
      0.79093
      0.78894
      0.78947
         0.79
      0.79052
      0.78856
      0.78908
       0.7896
      0.79012
      0.79064
      0.79115
      0.79167
      0.79218
      0.79268
      0.79319
      0.79369
      0.79419
      0.79469
      0.79277
      0.79327
      0.79376
      0.79426
      0.79236
      0.79286
      0.79335
      0.79147
      0.79196
      0.79009
      0.79059
      0.78873
      0.78923
      0.78738
      0.78788
      0.78837
      0.78886
      0.78935
      0.78984
      0.79032
       0.7908
      0.79128
      0.79176
      0.79224
      0.79271
      0.79318
      0.79138
      0.78959
      0.79007
      0.79054
      0.79101
      0.79148
      0.79195
      0.79241
      0.79287
      0.79333
      0.79379
      0.79425
       0.7947
      0.79515
      0.79341
      0.79386
      0.79431
      0.79258
      0.79085
      0.78913
      0.78959
      0.78788
      0.78834
      0.78664
       0.7871
      0.78755
      0.78587
      0.78632
      0.78678
      0.78723
      0.78769
      0.78814
      0.78858
      0.78903
      0.78947
      0.78782
      0.78616
      0.78661
      0.78497
      0.78542
      0.78586
      0.78631
      0.78675
      0.78719
      0.78763
      0.78807
       0.7885
      0.78893
      0.78732
      0.78776
      0.78819
      0.78862
      0.78702
      0.78745
      0.78788
      0.78831
      0.78873
      0.78916
      0.78958
         0.79
      0.79042
      0.79084
      0.78926
      0.78968
      0.78812
      0.78656
      0.78698
       0.7874
      0.78782
      0.78824
      0.78669
      0.78711
      0.78752
      0.78794
      0.78641
      0.78682
      0.78723
      0.78764
      0.78613
      0.78462
      0.78311
      0.78161
      0.78203
      0.78053
      0.77905
      0.77947
      0.77989
      0.77841
      0.77883
      0.77925
      0.77966
       0.7782
      0.77674
      0.77715
      0.77757
      0.77799
      0.77654
      0.77695
      0.77551
      0.77593
      0.77634
      0.77675
      0.77716
      0.77574
      0.77615
      0.77473
      0.77514
      0.77555
      0.77596
      0.77636
      0.77677
      0.77717
      0.77758
      0.77798
      0.77658
      0.77698
      0.77558
      0.77599
      0.77639
        0.775
       0.7754
       0.7758
       0.7762
       0.7766
      0.77699
      0.77739
      0.77601
      0.77641
      0.77504
      0.77544
      0.77408
      0.77273
      0.77312
      0.77352
      0.77391
      0.77431
       0.7747
      0.77509
      0.77547
      0.77586
      0.77625
      0.77491
       0.7753
      0.77568
      0.77607
      0.77645
      0.77683
      0.77551
      0.77419
      0.77288
      0.77327
      0.77365
      0.77403
      0.77441
      0.77479
      0.77517
      0.77387
      0.77258
      0.77295
      0.77167
      0.77205
      0.77243
      0.77114
      0.77152
       0.7719
      0.77228
        0.771
      0.77138
      0.77011
      0.77049
      0.77087
      0.76961
      0.76998
      0.77036
      0.76911
      0.76786
      0.76823
      0.76861
      0.76737
      0.76774
      0.76812
      0.76849
      0.76886
      0.76923
        0.768
      0.76837
      0.76874
      0.76911
      0.76948
      0.76984
      0.77021
      0.77057
      0.76935
      0.76972
      0.77008
      0.77044
      0.76923
      0.76959
      0.76839
      0.76875
      0.76755
      0.76636
      0.76672
      0.76553
      0.76589
      0.76625
      0.76662
      0.76543
      0.76425
      0.76308
      0.76344
       0.7638
      0.76417
      0.76453
      0.76489
      0.76524
      0.76408
      0.76292
      0.76328
      0.76364
      0.76399
      0.76435
      0.76471
      0.76506
      0.76391
      0.76426
      0.76312
      0.76347
      0.76383
      0.76418
      0.76304
      0.76339
      0.76374
      0.76261
      0.76296
      0.76183
      0.76071
      0.76106
      0.76141
      0.76176
      0.76065
        0.761
      0.75988
      0.75877
      0.75912
      0.75802
      0.75837
      0.75872
      0.75907
      0.75942
      0.75832
      0.75723
      0.75758
      0.75793
      0.75827
      0.75862
      0.75897
      0.75931
      0.75966
      0.75857
      0.75892
      0.75783
      0.75818
      0.75852
      0.75745
      0.75779
      0.75813
      0.75847
      0.75882
      0.75915
      0.75949
      0.75983
      0.76017
       0.7605
      0.76084
      0.76117
      0.76151
      0.76184
      0.76217
       0.7625
      0.76144
      0.76177
      0.76072
      0.76105
      0.76138
      0.76171
      0.76204
      0.76099
      0.76132
      0.76164
      0.76197
      0.76093
      0.76126
      0.76158
       0.7619
      0.76223
      0.76255
      0.76287
      0.76319
      0.76351
      0.76383
      0.76415
      0.76447
      0.76478
       0.7651
      0.76542
      0.76573
      0.76604
      0.76636
      0.76667
      0.76698
      0.76596
      0.76627
      0.76658
      0.76689
      0.76587
      0.76618
      0.76649
       0.7668
      0.76579
      0.76478
      0.76509
      0.76409
      0.76309
      0.76209
       0.7624
      0.76271
      0.76302
      0.76333
      0.76364
      0.76394
      0.76425
      0.76455
      0.76486
      0.76516
      0.76546
      0.76577
      0.76478
      0.76508
       0.7641
       0.7644
      0.76343
      0.76373
      0.76403
      0.76433
      0.76463
      0.76493
      0.76523
      0.76553
      0.76582
      0.76612
      0.76641
      0.76671
        0.767
      0.76604
      0.76508
      0.76537
      0.76566
      0.76596
      0.76625
      0.76654
      0.76683
      0.76712
      0.76741
       0.7677
      0.76799
      0.76828
      0.76856
      0.76885
      0.76914
      0.76942
      0.76847
      0.76876
      0.76904
      0.76933
      0.76961
      0.76989
      0.77017
      0.77045
      0.77073
      0.77101
      0.77129
      0.77157
      0.77184
      0.77091
      0.77119
      0.77146
      0.77174
      0.77201
      0.77229
      0.77256
      0.77284
      0.77191
      0.77218
      0.77246
      0.77273
        0.773
      0.77327
      0.77235
      0.77262
      0.77289
      0.77197
      0.77224
      0.77251
      0.77278
      0.77305
      0.77332
      0.77358
      0.77385
      0.77412
      0.77438
      0.77347
      0.77374
        0.774
      0.77427
      0.77453
       0.7748
      0.77506
      0.77532
      0.77558
      0.77584
       0.7761
      0.77636
      0.77546
      0.77572
      0.77598
      0.77624
       0.7765
      0.77675
      0.77701
      0.77612
      0.77638
      0.77663
      0.77689
      0.77714
      0.77626
      0.77537
      0.77563
      0.77588
        0.775
      0.77526
      0.77551
      0.77576
      0.77602
      0.77627
      0.77652
      0.77678
      0.77703
      0.77728
      0.77753
      0.77666
      0.77691
      0.77716
       0.7774
      0.77765
       0.7779
      0.77815
       0.7784
      0.77753
      0.77778
      0.77802
      0.77827
      0.77741
      0.77765
       0.7779
      0.77815
      0.77839
      0.77753
      0.77668
      0.77692
      0.77607
      0.77522
      0.77547
      0.77571
      0.77596
      0.77511
      0.77426
      0.77342
      0.77367
      0.77283
      0.77307
      0.77332
      0.77356
      0.77273
      0.77189
      0.77106
      0.77131
      0.77155
       0.7718
      0.77204
      0.77229
      0.77253
      0.77278
      0.77195
      0.77219
      0.77137
      0.77054
      0.76972
      0.76997
      0.77021
      0.77046
       0.7707
      0.76988
      0.77013
      0.77037
      0.77061
      0.77086
      0.77004
      0.77028
      0.77053
      0.77077
      0.77101
       0.7702
      0.77044
      0.77068
      0.77092
      0.77116
       0.7714
      0.77164
      0.77187
      0.77107
      0.77131
      0.77155
      0.77178
      0.77202
      0.77226
      0.77249
      0.77273
      0.77296
       0.7732
      0.77343
      0.77366
       0.7739
      0.77413
      0.77436
      0.77459
      0.77482
      0.77505
      0.77528
      0.77551
      0.77574
      0.77597
       0.7762
      0.77642
      0.77665
      0.77688
       0.7771
      0.77733
      0.77755
      0.77778
        0.778
      0.77722
      0.77744
      0.77767
      0.77688
       0.7761
      0.77533
      0.77455
      0.77377
        0.774
      0.77323
      0.77345
      0.77268
      0.77291
      0.77313
      0.77237
       0.7716
      0.77083
      0.77106
       0.7703
      0.77052
      0.76976
      0.76999
      0.77022
      0.76946
      0.76969
      0.76991
      0.77014
      0.77036
      0.77059
      0.77081
      0.77104
      0.77126
      0.77148
      0.77073
      0.77096
      0.77118
       0.7714
      0.77162
      0.77184
      0.77207
      0.77229
      0.77251
      0.77273
      0.77198
       0.7722
      0.77242
      0.77168
       0.7719
      0.77115
      0.77137
      0.77159
      0.77181
      0.77203
      0.77225
      0.77247
      0.77173
      0.77195
      0.77216
      0.77238
       0.7726
      0.77281
      0.77303
      0.77324
      0.77346
      0.77273
      0.77294
      0.77316
      0.77337
      0.77358
       0.7738
      0.77307
      0.77328
       0.7735
      0.77371
      0.77392
      0.77413
      0.77434
      0.77456
      0.77383
      0.77404
      0.77332
      0.77353
      0.77374
      0.77395
      0.77416
      0.77437
      0.77458
      0.77479
      0.77407
      0.77428
      0.77357
      0.77285
      0.77214
      0.77235
      0.77164
      0.77185
      0.77206
      0.77227
      0.77248
      0.77269
      0.77289
      0.77219
      0.77239
      0.77169
       0.7719
      0.77211
      0.77231
      0.77252
      0.77182
