     MU:      SIGMA:     E_MEASURED:    ERROR:
    0.019985     0.48816     0.78053    0.013959
     0.12109     0.78671   -0.097644   0.0062852
     0.29116       0.827    -0.20044   0.0056137
     0.22414     0.62875     0.14288    0.007717
     0.44917     0.51453   -0.002132   0.0055065
     0.57723     0.74415    -0.30942   0.0038298
     0.68174     0.71785    -0.37503     0.00441
     0.93252     0.79893    -0.11408    0.015037
     0.87741     0.52903    -0.32828   0.0042192
     0.97708     0.31271      1.2518    0.031257
     0.70273     0.59217    -0.40923   0.0020713
     0.78809     0.77845    -0.32615   0.0086166
     0.64765     0.62943    -0.37143   0.0026534
      0.7039     0.39013      0.3179    0.014682
      0.7039     0.39013      0.3179    0.014682
      0.7039     0.39013      0.3179    0.014682
     0.75468     0.63056    -0.43683   0.0024771
      1.0242     0.58888    -0.23237   0.0054582
     0.81539     0.80479    -0.27371    0.010349
     0.81539     0.80479    -0.27371    0.010349
     0.68332     0.85179    -0.28108   0.0092023
     0.95337     0.85798    0.042892    0.019244
     0.85328     0.97287     0.18777    0.024738
     0.85328     0.97287     0.18777    0.024738
     0.85328     0.97287     0.18777    0.024738
      0.6228       1.048   -0.052511    0.018149
      0.6228       1.048   -0.052511    0.018149
     0.89346     0.86352   -0.064867     0.01732
     0.65563       1.027   -0.018552     0.01934
     0.41381      1.1588  -0.0087456    0.022625
     0.41988      1.0885    -0.10269    0.021077
     0.67037     0.92988    -0.18724    0.014253
       0.577     0.85494    -0.28806   0.0064422
     0.86855     0.69917    -0.37631   0.0066345
      1.1127     0.50924    0.010727   0.0047816
     0.87043     0.78728    -0.21789    0.014178
      1.0737     0.82566     0.36826    0.027203
     0.98534     0.93746     0.39011    0.027357
      1.0891     0.84642     0.49757     0.03181
     0.83335      1.1357     0.62298     0.04524
     0.83335      1.1357     0.62298     0.04524
     0.83335      1.1357     0.62298     0.04524
     0.69494     0.90477    -0.20063    0.011108
      0.4438     0.68762    -0.17387   0.0041929
      0.4785     0.47002   0.0062424   0.0065817
      0.4785     0.47002   0.0062424   0.0065817
     0.39623     0.62406   -0.051385   0.0065387
     0.25572     0.72369   -0.056673   0.0063448
     0.33853     0.57108     0.12239   0.0074086
     0.50338     0.56723     -0.1474    0.004284
     0.30846      0.7692    -0.15442   0.0056434
     0.12409     0.63871      0.1986   0.0084094
     0.20542     0.57364     0.30833   0.0082886
    0.089333     0.85965     -0.1853    0.005181
    0.097627     0.91837     -0.2316   0.0046866
    -0.10735     0.68874    0.081416   0.0066357
     -0.3186     0.63229    0.026021   0.0073072
     -0.3186     0.63229    0.026021   0.0073072
    -0.20553     0.41225     0.91192    0.015296
    -0.34512     0.48891     0.28416    0.006804
    -0.26698     0.49155      0.4533     0.01034
   -0.067983     0.65487     0.16484   0.0073156
   -0.050912     0.79343   -0.090722   0.0059302
   -0.017509     0.55456     0.50151    0.010726
    -0.21911     0.64115     0.11792   0.0066999
    -0.19381     0.75884   -0.072604   0.0060099
    -0.35187     0.59303    0.058162   0.0068498
    -0.42683     0.76546    -0.22034   0.0052828
    -0.58089     0.55695    -0.26103   0.0041672
    -0.55405     0.50437    -0.16481   0.0052119
    -0.61875     0.69683    -0.34028   0.0039882
    -0.38926     0.88436    -0.25114   0.0070134
    -0.38926     0.88436    -0.25114   0.0070134
    -0.54576     0.98235    -0.21078    0.011072
    -0.48271     0.95912    -0.23673    0.010241
    -0.30909     0.70479   -0.073206     0.00572
    -0.26121     0.79168    -0.14494    0.005781
    -0.38754     0.57749    0.034507    0.006772
    -0.61748      0.6008    -0.33338   0.0029358
    -0.37256     0.50992     0.16975   0.0070199
    -0.11266     0.34081      1.8514    0.025785
    -0.11266     0.34081      1.8514    0.025785
    -0.39643     0.29167      1.0895     0.02248
    -0.22394     0.33397      1.2828    0.016784
    -0.48528     0.60309    -0.15572   0.0050718
    -0.48528     0.60309    -0.15572   0.0050718
    -0.64472     0.68899    -0.36321   0.0032898
    -0.60994     0.60438    -0.32067   0.0037562
    -0.60994     0.60438    -0.32067   0.0037562
    -0.64773     0.62564    -0.37156   0.0029885
    -0.93237     0.59548    -0.36214   0.0037437
    -0.93237     0.59548    -0.36214   0.0037437
    -0.93237     0.59548    -0.36214   0.0037437
      -1.229      0.6623     0.52047    0.020235
     -1.2733     0.42241     0.65289   0.0088471
      -1.498     0.59977      2.1573    0.025694
     -1.4538     0.61407       1.884    0.029598
     -1.3232     0.62083     0.93627    0.019151
     -1.1697     0.79907     0.65483    0.030099
     -1.0401     0.72594   -0.040924    0.013656
     -1.2035       1.021      2.0996    0.071975
     -1.1014     0.82697     0.49079    0.029478
    -0.99593     0.69059    -0.22251   0.0096508
     -1.0042      0.6481    -0.25115   0.0077057
    -0.75201     0.79274    -0.30905   0.0085003
    -0.84628      0.7356    -0.33502   0.0074552
    -0.77989     0.76314    -0.33067   0.0093038
    -0.90971     0.64663    -0.37757   0.0054243
    -0.80794     0.43846    -0.01285    0.011568
    -0.53692     0.60203    -0.22966   0.0037631
    -0.49267     0.52535   -0.095259   0.0047258
    -0.79124     0.48413     -0.2429   0.0059606
      -0.783     0.47931    -0.21955   0.0072631
      -0.783     0.47931    -0.21955   0.0072631
    -0.59225     0.38767     0.24181    0.012096
    -0.64683     0.41994    0.059428    0.011835
    -0.64683     0.41994    0.059428    0.011835
    -0.51461     0.46246   -0.034964   0.0065479
    -0.46649     0.67813     -0.1809   0.0042658
    -0.33098     0.92202    -0.25673   0.0053995
    -0.24158      1.1135      -0.196    0.012203
    -0.20083      1.0009    -0.25225   0.0099212
    -0.11267      1.1166    -0.18984    0.011417
     0.16275     0.85969    -0.19344   0.0047305
     0.43638      1.0879    -0.12662    0.016584
     0.14544       1.212   -0.019325    0.023313
   -0.054487      1.0783     -0.2124    0.011622
    -0.22461       1.247     0.08269    0.026846
    -0.05302      1.3968     0.62589    0.058507
    -0.31042      1.2749     0.16434    0.029409
    -0.31042      1.2749     0.16434    0.029409
    -0.51635      1.0486    -0.15193    0.013593
    -0.55907      0.7611    -0.30905   0.0042566
    -0.52616     0.82926    -0.29602   0.0047841
    -0.33874     0.59481    0.073057   0.0073598
    -0.13755     0.84412    -0.17564   0.0053904
    -0.24556     0.60847     0.16718   0.0080769
    -0.26521     0.82604    -0.19404   0.0048246
    -0.32745     0.66992   -0.032972   0.0064524
    -0.59868      0.3766     0.33762    0.016414
    -0.59868      0.3766     0.33762    0.016414
     -0.7744     0.38162     0.48543    0.017898
    -0.58479     0.49167    -0.18052   0.0061532
    -0.45707     0.61187    -0.11456   0.0049236
    -0.34131     0.36628     0.57281    0.010516
   -0.078352     0.38085      1.4787    0.020998
     0.18435     0.56694     0.35353   0.0093039
     0.28817     0.46042     0.47764   0.0090705
     0.28817     0.46042     0.47764   0.0090705
     0.18584     0.42385     0.91072    0.014981
     0.37784     0.64908    -0.07024   0.0058019
     0.52892     0.78962    -0.28004   0.0055699
     0.66348     0.87924     -0.2621     0.01077
     0.74911     0.87101    -0.20975    0.014202
     0.90006     0.70139    -0.33149   0.0072266
     0.63877     0.42457    0.034085    0.010487
     0.58063     0.30019      1.5098    0.028771
     0.56841      0.3163      1.1548    0.024708
     0.56841      0.3163      1.1548    0.024708
     0.56841      0.3163      1.1548    0.024708
     0.31554     0.54602     0.21014    0.008072
     0.50849     0.27162      2.0665    0.037541
     0.30569     0.23515      1.9809    0.037699
     0.30569     0.23515      1.9809    0.037699
     0.30569     0.23515      1.9809    0.037699
     0.53574     0.35471     0.53252    0.014764
     0.28351      0.6282    0.078559   0.0070575
     0.26737     0.78809    -0.15236   0.0050946
      0.1241      0.9014    -0.21266   0.0051203
     0.39961      1.0614    -0.18948    0.012239
     0.47745     0.95668    -0.23352   0.0093477
      0.7146      1.0626     0.12223    0.025203
      0.7146      1.0626     0.12223    0.025203
     0.56638      0.9482    -0.22433    0.012818
     0.67391      1.1067     0.16779    0.027119
     0.67391      1.1067     0.16779    0.027119
     0.64173      1.2268      0.4878    0.039919
      0.7547      1.2107     0.76543    0.059236
      0.7547      1.2107     0.76543    0.059236
     0.56085      1.4273      1.4114    0.074738
     0.45861      1.4181       1.042    0.060305
     0.19905      1.4626     0.84332    0.048832
     0.19905      1.4626     0.84332    0.048832
     0.32216      1.3159     0.35167    0.032705
     0.49597       1.123  -0.0027123    0.021362
     0.52686      1.3912     0.99549    0.057717
     0.24525      1.3855     0.54625    0.047059
     0.24525      1.3855     0.54625    0.047059
     0.32755      1.3441     0.51879    0.045167
     0.18152      1.4871       1.154    0.055568
   -0.012953      1.4859     0.98421    0.056798
   -0.012953      1.4859     0.98421    0.056798
   -0.012953      1.4859     0.98421    0.056798
   -0.012953      1.4859     0.98421    0.056798
     0.19558        1.54      1.4313    0.071583
     0.26351      1.4433     0.74693    0.054169
   0.0033331      1.4842      1.1109    0.081142
    -0.07338      1.3549     0.40677     0.04265
    -0.33667       1.358     0.49591     0.03459
    -0.33667       1.358     0.49591     0.03459
    -0.33528      1.5902      1.9937     0.11076
    -0.15643      1.4326     0.74159    0.067899
    -0.34093      1.3351      0.4347    0.037013
     -0.1752        1.13    -0.16839    0.015827
    -0.15882      1.1975     -0.0759    0.018892
    0.011555       1.111    -0.17736    0.011968
    -0.22434      1.2954      0.2389    0.039884
    -0.22434      1.2954      0.2389    0.039884
    -0.22434      1.2954      0.2389    0.039884
    -0.22434      1.2954      0.2389    0.039884
    -0.22434      1.2954      0.2389    0.039884
    -0.22434      1.2954      0.2389    0.039884
    -0.19169      1.5149      1.1189    0.061293
    -0.19169      1.5149      1.1189    0.061293
    -0.14649       1.437     0.77191    0.058912
    -0.13177      1.2424    0.061492    0.028581
    -0.13177      1.2424    0.061492    0.028581
    0.011245     0.96288    -0.24105   0.0052092
     0.17486     0.92399    -0.23557   0.0054262
   -0.056788     0.86335    -0.17685   0.0050592
     0.19484      0.6189     0.18969    0.008987
     0.47252     0.53921   -0.070585   0.0054586
     0.47252     0.53921   -0.070585   0.0054586
     0.47252     0.53921   -0.070585   0.0054586
      0.6458     0.62891    -0.36317    0.002574
     0.66571     0.68739    -0.37682    0.003185
     0.60196     0.42378    0.025906   0.0092849
     0.60196     0.42378    0.025906   0.0092849
     0.53454      0.3638     0.42835    0.017686
     0.53454      0.3638     0.42835    0.017686
     0.67715     0.66209    -0.39269   0.0027627
     0.67715     0.66209    -0.39269   0.0027627
     0.83367     0.81205    -0.25277    0.011047
     0.83367     0.81205    -0.25277    0.011047
     0.82424     0.90791   -0.086045    0.019342
     0.54395     0.62495    -0.24859   0.0035289
       0.594     0.42444    0.019686    0.010584
       0.594     0.42444    0.019686    0.010584
     0.31092     0.62012    0.070139   0.0072894
     0.19707     0.70996   0.0064029    0.007154
    0.032478     0.70833    0.058507   0.0077616
    -0.19207     0.55816     0.37409   0.0091554
    -0.37387     0.37716     0.45007    0.010064
    -0.37387     0.37716     0.45007    0.010064
    -0.37387     0.37716     0.45007    0.010064
    -0.37387     0.37716     0.45007    0.010064
    -0.12862     0.61941     0.23663   0.0074629
    -0.12862     0.61941     0.23663   0.0074629
     0.10583     0.39297      1.3023    0.016535
    -0.14507     0.59841     0.30094   0.0092028
    -0.37456     0.61799  -0.0053753   0.0061487
    -0.32144     0.60763    0.072194   0.0066979
   -0.031976     0.76848   -0.053668   0.0056797
    -0.32961      1.0202     -0.2299    0.011886
     -0.5996     0.79902    -0.30707   0.0058079
    -0.40821     0.59747   -0.028613    0.005732
    -0.70799     0.71679    -0.38241   0.0046893
    -0.73568     0.53818    -0.37196   0.0043264
    -0.53307     0.65132    -0.25368   0.0041405
    -0.76535     0.89946    -0.13694    0.019355
    -0.69783     0.83608    -0.27117    0.010406
    -0.69783     0.83608    -0.27117    0.010406
    -0.78736     0.73481    -0.36595   0.0080379
    -0.56546     0.45278   -0.075682   0.0078672
    -0.56546     0.45278   -0.075682   0.0078672
    -0.56546     0.45278   -0.075682   0.0078672
    -0.63975     0.68207    -0.35875   0.0035556
    -0.88116     0.49882    -0.24923   0.0056223
    -0.62552     0.42663    0.013439   0.0098983
    -0.62552     0.42663    0.013439   0.0098983
    -0.46976      0.4009     0.19223   0.0091088
    -0.46976      0.4009     0.19223   0.0091088
    -0.76647     0.34871     0.84721    0.019702
    -0.76647     0.34871     0.84721    0.019702
    -0.93053     0.29475      1.5398    0.031341
    -0.97989     0.54407    -0.26741   0.0040392
    -0.74603      0.8022    -0.30601   0.0091655
    -0.67615     0.94887    -0.16962     0.01219
    -0.67615     0.94887    -0.16962     0.01219
    -0.67615     0.94887    -0.16962     0.01219
    -0.50795       1.225     0.32114    0.042835
    -0.41337      1.2935     0.36118    0.037191
    -0.43827      1.4023      0.8887    0.040939
    -0.40737      1.6615      2.8671     0.13252
    -0.14327      1.6217      1.9864    0.098296
    -0.14327      1.6217      1.9864    0.098296
    -0.41192      1.5746      2.0446    0.097346
    -0.34693      1.7036      3.0596      0.1352
    -0.23802      1.4242     0.85258    0.061132
    -0.18504      1.1467    -0.15015    0.014952
    0.044697     0.91728     -0.2246   0.0044299
     0.34001      1.1843   -0.035924    0.016661
     0.34001      1.1843   -0.035924    0.016661
     0.34001      1.1843   -0.035924    0.016661
     0.34001      1.1843   -0.035924    0.016661
     0.23264      1.4284     0.76891    0.047907
     0.29837      1.5825      1.8127    0.081994
     0.29837      1.5825      1.8127    0.081994
     0.48566      1.5306      1.8715     0.10695
     0.56837      1.7044      4.1378      0.1679
     0.40027      1.6405      2.7735     0.12178
     0.40027      1.6405      2.7735     0.12178
     0.65778      1.7268      4.4356     0.17222
     0.76944      1.5159      2.8501     0.11628
     0.84745      1.2385      1.3292    0.079785
     0.78651      1.3539      1.6039     0.09158
     0.73039      1.4945      2.4627     0.10438
     0.80729      1.4464      2.4022    0.097282
      0.8411      1.2627      1.3669    0.066026
      1.0342        0.99     0.78519    0.050641
      1.0848       1.275      2.9413     0.11668
     0.93339      1.4818      3.6854     0.15418
      1.1875      1.4027      5.0772     0.18137
      1.1183      1.2332      2.6184      0.1036
      1.1183      1.2332      2.6184      0.1036
      1.2145      1.4666       6.278     0.23076
      1.2344      1.2645      4.0622     0.12141
      1.1693      1.3713      4.5121     0.16884
      1.1693      1.3713      4.5121     0.16884
      1.2344      1.4196      5.8014     0.17178
      1.3866      1.2096      5.6326     0.15291
      1.3866      1.2096      5.6326     0.15291
      1.1351      1.2909      3.2396     0.11678
      1.1351      1.2909      3.2396     0.11678
     0.84449      1.3338      1.8223     0.10602
     0.84449      1.3338      1.8223     0.10602
     0.69955      1.3502      1.2717    0.075934
     0.69955      1.3502      1.2717    0.075934
     0.52732      1.3204     0.71984    0.055262
     0.61314      1.0418   -0.072573    0.019081
      0.3485     0.95371    -0.23261    0.007947
     0.13559     0.85639    -0.18516   0.0049289
      0.4009      1.1537  -0.0012389    0.021179
     0.53691     0.94016    -0.23516    0.010657
     0.79196     0.76321    -0.34276   0.0069199
     0.92995     0.74995    -0.22412    0.012646
      0.7291     0.53333    -0.36644   0.0044826
     0.61122     0.71125    -0.34054   0.0036415
     0.78378     0.72749    -0.37385   0.0068731
     0.88185     0.73719    -0.31151   0.0088345
     0.88185     0.73719    -0.31151   0.0088345
     0.88185     0.73719    -0.31151   0.0088345
     0.89008     0.58012    -0.40583   0.0028223
     0.81021     0.54475    -0.39152   0.0038768
      1.0548     0.38771     0.46641    0.012316
      1.0869     0.51348   -0.046973   0.0044879
      1.0407     0.38076     0.46909    0.012367
     0.99371     0.38657     0.41099    0.014944
      1.1197     0.42276     0.27396    0.008137
      1.3419     0.63044     0.99426    0.020387
      1.3805     0.78444      2.1316    0.048134
      1.3516     0.87583      2.3045    0.060435
      1.4162     0.57906       1.411    0.022159
      1.4618     0.38784       1.655    0.014164
      1.4618     0.38784       1.655    0.014164
      1.4289     0.65912      1.8111    0.031708
      1.2461     0.46079     0.46664   0.0076533
      1.2461     0.46079     0.46664   0.0076533
      1.2461     0.46079     0.46664   0.0076533
      1.2461     0.46079     0.46664   0.0076533
      1.2753     0.62349     0.65712    0.016131
      1.2753     0.62349     0.65712    0.016131
       1.338      0.6958      1.3228    0.029983
       1.338      0.6958      1.3228    0.029983
      1.1928     0.59967     0.24065    0.012371
      1.1959     0.47679     0.26671   0.0061469
      1.1959     0.47679     0.26671   0.0061469
       1.189     0.55054     0.18746   0.0078061
      1.2655     0.77395       1.179    0.034253
      1.1065      0.5562   -0.049257   0.0057995
      1.0544     0.55467    -0.15848   0.0046822
     0.79553     0.71942     -0.3886   0.0054632
     0.57772     0.96901     -0.2081    0.013054
     0.69683      0.6786    -0.39921   0.0030535
     0.66985     0.50448    -0.28799   0.0060538
     0.66985     0.50448    -0.28799   0.0060538
     0.66985     0.50448    -0.28799   0.0060538
     0.51265      0.7969    -0.28144   0.0047477
     0.51265      0.7969    -0.28144   0.0047477
     0.70657     0.89526    -0.22423    0.012235
      0.7336     0.60206    -0.42984   0.0022661
     0.77131     0.80075    -0.31532   0.0090218
     0.81809     0.93347   -0.026665    0.019208
     0.72106      1.1016     0.21246    0.026847
     0.56697      1.0153    -0.13901    0.015007
     0.72493     0.82412    -0.30331   0.0088832
     0.88045     0.75836    -0.26749    0.011051
      1.0297     0.71456   -0.087443    0.015137
      1.0297     0.71456   -0.087443    0.015137
     0.86894     0.48621    -0.21439   0.0078281
     0.87239     0.56412    -0.39611     0.00352
     0.71985      0.5539    -0.38735   0.0034113
     0.71985      0.5539    -0.38735   0.0034113
     0.50081      0.7736    -0.27255   0.0051939
     0.62355     0.67841     -0.3425   0.0029474
     0.80664     0.52747    -0.35765   0.0051874
     0.94476     0.81854   -0.071896    0.015538
     0.86773      0.8666   -0.088147    0.018806
     0.62858     0.98001   -0.091644    0.019122
     0.85218     0.84689    -0.17135    0.012506
     0.76371     0.97321   -0.019961     0.01894
     0.87758     0.83138    -0.13253      0.0154
     0.87758     0.83138    -0.13253      0.0154
      1.1049     0.70239     0.11539     0.01389
      1.1049     0.70239     0.11539     0.01389
      1.1049     0.70239     0.11539     0.01389
      0.8701     0.43139    0.062826    0.011129
       1.062     0.45373     0.08742   0.0065538
       1.079     0.46885    0.057919    0.005442
      1.1326     0.48229     0.10869   0.0047421
      1.1326     0.48229     0.10869   0.0047421
      1.3797      0.4274      1.0789    0.010428
      1.3748     0.58251       1.112    0.019538
      1.0971       0.881     0.63442    0.031627
      1.0971       0.881     0.63442    0.031627
      1.0716     0.63173    -0.11807   0.0084883
      1.1426     0.65114     0.11728    0.011247
      1.3179     0.44767     0.73787   0.0088136
      1.3179     0.44767     0.73787   0.0088136
      1.3179     0.44767     0.73787   0.0088136
      1.3179     0.44767     0.73787   0.0088136
      1.3179     0.44767     0.73787   0.0088136
      1.3256     0.37147      1.0625    0.016338
      1.3256     0.37147      1.0625    0.016338
      1.3256     0.37147      1.0625    0.016338
      1.2213     0.49358     0.32487   0.0065892
      1.2684     0.48955     0.47078   0.0085046
      1.2684     0.48955     0.47078   0.0085046
      1.4876     0.34102      2.1625     0.02235
       1.284     0.63416     0.72942    0.021041
      1.1158     0.39064     0.46602    0.013626
      1.1158     0.39064     0.46602    0.013626
      1.1158     0.39064     0.46602    0.013626
     0.88338     0.50017    -0.25425    0.005802
      0.7318     0.48728    -0.26716   0.0075636
     0.54455        0.52    -0.16817   0.0049834
     0.54455        0.52    -0.16817   0.0049834
     0.52424     0.55176    -0.17849   0.0048736
     0.52424     0.55176    -0.17849   0.0048736
     0.67819     0.75968    -0.35024   0.0055016
     0.82981     0.52435    -0.34748    0.004734
     0.53772     0.33427     0.77614    0.020354
     0.52675     0.24069      3.3437    0.051649
     0.52675     0.24069      3.3437    0.051649
     0.80962     0.41658     0.17573    0.013076
     0.80962     0.41658     0.17573    0.013076
     0.93154     0.43628    0.071963    0.010157
      1.2211     0.68645     0.57413     0.02299
      1.0476     0.78264      0.1115    0.020169
      1.0574     0.81429     0.20988    0.021502
      1.2045     0.79878     0.86384    0.027336
      1.3246     0.70763      1.2928    0.027809
      1.1237     0.57415  -0.0044559   0.0083114
     0.90188      0.5277    -0.31914   0.0044115
     0.90188      0.5277    -0.31914   0.0044115
     0.91196     0.51561    -0.27486   0.0048224
     0.91196     0.51561    -0.27486   0.0048224
     0.92223     0.68123    -0.34803    0.007508
     0.77358     0.86614    -0.19935     0.01169
     0.77358     0.86614    -0.19935     0.01169
     0.77165      1.1084     0.38413    0.033381
     0.84869       1.268      1.4152     0.07678
     0.90911      1.0603     0.61051    0.041653
     0.88139       1.192      1.0866    0.078591
      1.0185      1.1152       1.253    0.060499
     0.72818      1.0174    0.078271    0.026308
     0.72818      1.0174    0.078271    0.026308
     0.67514     0.97432    -0.12728    0.017678
     0.67514     0.97432    -0.12728    0.017678
     0.52973      1.0838   -0.033286    0.022868
     0.52973      1.0838   -0.033286    0.022868
     0.52973      1.0838   -0.033286    0.022868
     0.32504      1.0619    -0.19433    0.012509
     0.16285     0.84749    -0.17796    0.005111
    0.074737     0.75685   -0.056007   0.0070717
     0.20727     0.50971     0.49839   0.0096695
    0.086851     0.55136     0.48734    0.010396
  -0.0075218     0.32719       2.249    0.030299
     0.27989     0.46401     0.50127    0.010111
     0.35927     0.44596     0.34097   0.0079038
     0.53353     0.34432     0.66136    0.017551
     0.53353     0.34432     0.66136    0.017551
     0.57627     0.60895    -0.28535   0.0033093
     0.33069     0.82568    -0.20866   0.0055593
     0.35576     0.78366    -0.19661   0.0048869
     0.05911     0.66203      0.1586   0.0072588
     0.30923      0.4131     0.56601   0.0089103
     0.30923      0.4131     0.56601   0.0089103
     0.30923      0.4131     0.56601   0.0089103
     0.30923      0.4131     0.56601   0.0089103
    0.039852     0.67269     0.13046   0.0073466
     0.29241     0.55082     0.24075   0.0082368
  -0.0062639     0.33524      2.0583    0.031387
    0.093675     0.25555      3.2408    0.047702
    0.078851     0.24169      3.7931    0.058453
     0.25545     0.29901       1.279    0.014352
     0.25545     0.29901       1.279    0.014352
     0.25545     0.29901       1.279    0.014352
  -0.0051842     0.57243     0.42618     0.01066
  -0.0051842     0.57243     0.42618     0.01066
     0.20375     0.61764     0.19401   0.0091507
       0.124     0.47309     0.77714    0.013466
       0.124     0.47309     0.77714    0.013466
     0.16657     0.66818    0.089529   0.0075191
    0.011668     0.85236    -0.17524   0.0051039
    -0.15877      1.0754    -0.22417    0.011801
    -0.15877      1.0754    -0.22417    0.011801
    -0.29799     0.87344    -0.24361   0.0044856
    -0.29799     0.87344    -0.24361   0.0044856
    -0.41271     0.64402    -0.10187   0.0061032
    -0.52077     0.82399    -0.27318   0.0061402
    -0.52077     0.82399    -0.27318   0.0061402
    -0.58038     0.95065    -0.20382    0.012254
    -0.62419       1.169     0.28868    0.032984
    -0.62419       1.169     0.28868    0.032984
    -0.62419       1.169     0.28868    0.032984
    -0.74603     0.89212    -0.18242    0.014026
     -0.6585     0.60756    -0.37624   0.0022698
     -0.6585     0.60756    -0.37624   0.0022698
    -0.72407     0.61999    -0.42167   0.0025047
    -0.55737     0.76201    -0.29982   0.0041989
    -0.36793      1.0271    -0.22769   0.0095948
    -0.22421      1.2348    0.044537    0.030151
    -0.37964      1.0304    -0.18159    0.015243
    -0.37964      1.0304    -0.18159    0.015243
    -0.36611      1.2527     0.20426    0.035854
    -0.35658      1.2482     0.15221    0.025311
    -0.31765      1.2046   0.0060235    0.021633
    -0.49213     0.97951    -0.22869    0.010098
    -0.30562      1.0026    -0.24468   0.0093356
    -0.42792      1.0299    -0.18152    0.012661
    -0.53392      1.1786     0.14836    0.029337
    -0.53392      1.1786     0.14836    0.029337
    -0.46486     0.90775    -0.26279   0.0063574
     -0.7302      1.0727     0.21543    0.035346
    -0.96685       1.193      1.4742    0.065283
    -0.96685       1.193      1.4742    0.065283
     -1.2479      1.0243      2.3659    0.061002
     -1.2479      1.0243      2.3659    0.061002
    -0.99057      1.0068     0.73538    0.040925
    -0.99057      1.0068     0.73538    0.040925
    -0.99057      1.0068     0.73538    0.040925
     -1.0027     0.96494     0.51541    0.034829
     -1.0027     0.96494     0.51541    0.034829
    -0.97059     0.72818    -0.19828    0.010142
     -1.1214     0.65038    0.066056    0.012042
     -1.3109     0.69166      1.0912    0.024965
     -1.3109     0.69166      1.0912    0.024965
     -1.3109     0.69166      1.0912    0.024965
     -1.3109     0.69166      1.0912    0.024965
     -1.0136      0.6674    -0.22883    0.008346
    -0.82464      0.6761    -0.41714   0.0049841
    -0.89675     0.59111    -0.40729   0.0032977
    -0.88668     0.61445    -0.41613    0.003134
    -0.99999     0.63707    -0.26961   0.0069662
     -1.2392     0.86007      1.3066    0.037069
     -1.2392     0.86007      1.3066    0.037069
     -1.2392     0.86007      1.3066    0.037069
    -0.97018     0.67856    -0.27459   0.0091247
    -0.94041     0.62264    -0.36792   0.0039697
    -0.68291     0.83495    -0.28027    0.011681
    -0.97584     0.64135    -0.31217   0.0057526
    -0.84894     0.68136    -0.40407    0.005049
    -0.81395     0.49508    -0.27429   0.0070045
    -0.81395     0.49508    -0.27429   0.0070045
     -1.0454     0.71398   -0.072518    0.013859
     -1.0454     0.71398   -0.072518    0.013859
     -1.2189     0.67871     0.51809    0.018432
     -1.3238     0.72779      1.3183    0.030821
     -1.3074     0.77313      1.4406    0.035598
     -1.3074     0.77313      1.4406    0.035598
      -1.126     0.57961   0.0084417   0.0076584
    -0.96985     0.75247    -0.14241    0.013149
    -0.96985     0.75247    -0.14241    0.013149
    -0.99628     0.83374    0.084926    0.019974
    -0.99628     0.83374    0.084926    0.019974
    -0.99628     0.83374    0.084926    0.019974
      -1.102     0.64715   -0.011315     0.01142
    -0.98448     0.46752   -0.054396     0.00637
     -1.1354     0.32735      1.0852    0.022143
     -1.1354     0.32735      1.0852    0.022143
     -1.3946     0.55002      1.1786     0.01821
     -1.3946     0.55002      1.1786     0.01821
     -1.3946     0.55002      1.1786     0.01821
     -1.3066     0.43683     0.71707   0.0088546
     -1.3066     0.43683     0.71707   0.0088546
     -1.3514         0.7      1.3877    0.028197
     -1.4986     0.90283      4.3394     0.08538
       -1.38      1.1575      5.1699     0.13087
     -1.1766      1.2955      3.9713     0.13087
     -1.1766      1.2955      3.9713     0.13087
     -1.1766      1.2955      3.9713     0.13087
    -0.92622      1.2034       1.297    0.065134
    -0.63585      1.2313     0.50095    0.043331
    -0.88243      1.0244     0.37453     0.03675
     -1.0649     0.86426     0.45508    0.025291
      -1.143     0.65218     0.11097    0.014542
       -1.27     0.42097     0.64142    0.010058
     -1.1777     0.46459     0.25329   0.0063133
     -1.1777     0.46459     0.25329   0.0063133
     -1.0156     0.41931     0.19554    0.010359
     -1.0156     0.41931     0.19554    0.010359
    -0.84319     0.26312      2.3753    0.048555
    -0.92367     0.39582     0.36174      0.0127
    -0.92367     0.39582     0.36174      0.0127
    -0.70043     0.60046    -0.41032   0.0027047
    -0.69349     0.42886    0.020566    0.011732
    -0.73291     0.58063    -0.42018   0.0026785
    -0.72362     0.45824    -0.14398   0.0080796
     -0.8455     0.54868    -0.38678   0.0035719
     -1.0442     0.63947    -0.16432   0.0077957
    -0.85934     0.93367    0.081684    0.022786
    -0.56868      1.1605     0.16837     0.02588
    -0.38022     0.86449    -0.24959   0.0048566
    -0.51889      1.1153    0.021328    0.023173
    -0.77968      1.0145    0.093134    0.024083
     -1.0199     0.91941     0.47114    0.032717
    -0.97295     0.62588    -0.32117   0.0059956
    -0.97695     0.39514     0.34374      0.0129
     -0.9027      0.4808    -0.16907   0.0068745
     -0.9027      0.4808    -0.16907   0.0068745
    -0.79875     0.50827    -0.31462   0.0056606
    -0.79875     0.50827    -0.31462   0.0056606
    -0.62721      0.3976     0.20895    0.013215
    -0.43826     0.53462  -0.0060034   0.0063618
    -0.41665     0.67174    -0.13327   0.0046477
    -0.25095     0.90034    -0.23409   0.0048193
    -0.25095     0.90034    -0.23409   0.0048193
    -0.40267      1.0074    -0.20968    0.010893
    -0.61218      1.0402   -0.053874    0.018794
    -0.49157      1.1753    0.090999    0.027023
    -0.49157      1.1753    0.090999    0.027023
    -0.45812     0.88193    -0.27367     0.00592
    -0.55129     0.69761    -0.28642   0.0037991
    -0.84694     0.97298     0.13032    0.021517
    -0.74465       1.092     0.29757    0.035828
    -0.83066     0.82709    -0.21688    0.011469
    -0.94172     0.59862    -0.35636    0.004025
     -1.1089     0.64372    0.037655    0.013702
    -0.86513     0.68976    -0.37893   0.0060473
    -0.93313     0.77268    -0.19765    0.013793
    -0.83302     0.76061    -0.31304   0.0088438
    -0.96663     0.74041    -0.18142    0.011137
    -0.66854      1.0342   -0.014101    0.024127
    -0.41702       1.016    -0.21776    0.010883
    -0.68152     0.89348    -0.24499    0.012087
    -0.97094     0.88266     0.20691     0.02789
    -0.82217      0.6237    -0.44038   0.0026523
    -0.57233     0.67629    -0.30205   0.0037457
    -0.87131     0.76164    -0.29954   0.0096905
    -0.92359     0.89286     0.15064    0.026408
    -0.92359     0.89286     0.15064    0.026408
     -1.2099     0.63876     0.38669    0.016597
     -1.1682     0.48158     0.19504   0.0056542
     -1.3656       0.391      1.1222    0.013004
     -1.3656       0.391      1.1222    0.013004
     -1.5858     0.63666      3.3564    0.038127
      -1.552     0.44311      2.2734    0.019093
     -1.5936     0.46892      2.6792    0.024561
     -1.5936     0.46892      2.6792    0.024561
     -1.5936     0.46892      2.6792    0.024561
     -1.3899     0.32362        1.76    0.024145
     -1.3899     0.32362        1.76    0.024145
     -1.3899     0.32362        1.76    0.024145
     -1.3899     0.32362        1.76    0.024145
     -1.6562     0.40981      3.3658    0.022892
     -1.4949     0.36568      2.0208    0.018864
     -1.5061      0.3806      2.0469    0.018404
     -1.4103     0.31055      2.0681    0.028012
      -1.197     0.50642     0.23989   0.0058754
     -1.1723     0.77731     0.58831     0.03153
     -1.0558     0.93102      0.6085    0.028833
    -0.88242     0.82295    -0.15526    0.016533
    -0.94482     0.57271    -0.34682   0.0030492
     -0.7422      0.6152    -0.43014   0.0028219
    -0.70003     0.48593    -0.25518    0.007316
    -0.58351     0.28134      2.0242    0.029686
    -0.58351     0.28134      2.0242    0.029686
    -0.60098     0.32287      1.1386     0.02389
    -0.60098     0.32287      1.1386     0.02389
    -0.38197      0.5115     0.15432    0.007095
    -0.38197      0.5115     0.15432    0.007095
    -0.11165     0.62585     0.23162   0.0079488
    -0.25835     0.73201   -0.081773   0.0057224
    -0.34722     0.59096    0.070805   0.0069237
    -0.56072     0.50362    -0.16922   0.0047777
    -0.41664     0.64316   -0.099668   0.0056981
    -0.54591     0.93337     -0.2614   0.0078549
     -0.8334     0.64628     -0.4311   0.0034398
    -0.79534      0.6757    -0.41198   0.0057776
     -1.0001     0.65909    -0.24445   0.0089779
     -1.1112     0.66896    0.042894    0.013096
    -0.96129     0.57618    -0.32873   0.0036621
      -1.015     0.75177   -0.047043    0.014804
      -1.015     0.75177   -0.047043    0.014804
      -1.015     0.75177   -0.047043    0.014804
    -0.73318     0.95621    -0.07982    0.020946
    -0.53937     0.90648    -0.26326   0.0080667
    -0.29423     0.60985     0.12517   0.0061606
    -0.37603     0.83237    -0.23326   0.0045721
    -0.49605      1.0142    -0.19113    0.012045
    -0.53861     0.76263     -0.2887   0.0050579
    -0.29852      1.0589    -0.22414    0.010526
    -0.58644       1.298     0.71821     0.05421
    -0.36764      1.1692   -0.042112    0.020817
    -0.27684       1.273      0.1786    0.031043
    -0.11397      1.0938    -0.19727    0.013087
    -0.22927      1.0634    -0.22678    0.010657
    -0.32885      1.2968     0.31812    0.034827
     -0.3047      1.1364     -0.1296    0.018464
     -0.3699      1.1448   -0.053888    0.023961
     -0.3699      1.1448   -0.053888    0.023961
    -0.55061      1.0482    -0.10979    0.017705
    -0.74615      1.2343     0.82344    0.054958
    -0.58227      1.0723   -0.053278    0.021323
    -0.38553      1.0357    -0.22089    0.012079
    -0.49153      1.2958     0.51663    0.053773
    -0.27566      1.1355    -0.10339    0.020092
    -0.15442     0.99278    -0.25046   0.0068244
    -0.38033     0.77303    -0.18847   0.0050665
    -0.23346     0.95351    -0.25209   0.0074737
 -0.00050019       1.175   -0.096947    0.020728
    -0.26866      1.0808        -0.2     0.01165
    -0.51268      1.1697     0.15566    0.027246
    -0.51268      1.1697     0.15566    0.027246
     -0.2796      1.2364     0.12082    0.028622
     -0.1935      1.1349     -0.1582    0.016698
    -0.12818      1.4214     0.70079    0.054625
    -0.22758      1.4491     0.91465    0.067324
    0.056538      1.2149   -0.027948    0.023819
     0.19707     0.96491    -0.24712    0.006766
     0.32503      1.1859   -0.051856    0.021721
     0.32503      1.1859   -0.051856    0.021721
      0.1098      1.2555    0.070163    0.026326
  0.00032935      1.4049     0.65948    0.054653
     0.11404      1.5068      1.0735    0.073994
     0.30433      1.3968     0.68467    0.052499
     0.41172      1.2347     0.16282    0.028776
     0.41172      1.2347     0.16282    0.028776
     0.44842       1.149    0.004303    0.034226
      0.2592      1.2026   -0.020667    0.020062
      0.2592      1.2026   -0.020667    0.020062
     0.30619      1.4647      1.0091    0.052628
     0.35633      1.3917     0.81434    0.052408
     0.36373      1.4845       1.256    0.073234
     0.14012      1.6195      2.2585     0.11146
   -0.083526      1.3288     0.28215    0.035207
   -0.054848      1.1912    -0.07563    0.021731
     0.14879      1.0101    -0.25305   0.0071321
     0.02922      1.0958    -0.19836    0.013893
    -0.10686      1.0799    -0.21281     0.01397
    -0.10686      1.0799    -0.21281     0.01397
     0.11992      1.3294       0.302    0.037209
     0.11429      1.0515    -0.23922    0.011376
    -0.10942      1.0458    -0.24535   0.0093836
  -0.0068267      1.1901    -0.13978    0.013599
    -0.20385      1.2646     0.13737     0.02754
    -0.15794      1.3545      0.4148    0.039769
    0.015379      1.2152   -0.042247    0.019474
   -0.039688     0.92161    -0.22359   0.0057569
     0.24469     0.87123    -0.22317   0.0047209
     0.19395     0.96589    -0.25438    0.005814
     0.28627     0.84406    -0.19769   0.0053897
     0.28627     0.84406    -0.19769   0.0053897
      0.1456      1.0693    -0.21888   0.0092216
     0.09939     0.93622    -0.23037   0.0047216
     0.12451     0.64888     0.16093   0.0073277
     0.29741     0.49318     0.37418   0.0086384
     0.34564     0.61879    0.027801   0.0067263
     0.53238     0.49683    -0.12372   0.0056815
     0.53238     0.49683    -0.12372   0.0056815
     0.83137     0.46602    -0.14234   0.0086084
      0.7052      0.4715    -0.19097   0.0082186
     0.45028     0.71881     -0.2082   0.0046406
     0.21438      1.0081    -0.26015   0.0072616
     0.21438      1.0081    -0.26015   0.0072616
     0.21438      1.0081    -0.26015   0.0072616
     0.31349       1.062    -0.21972      0.0115
     0.11395      1.1735    -0.12788    0.014631
     0.11395      1.1735    -0.12788    0.014631
     0.37062     0.88424    -0.25434    0.006108
     0.34469      1.1166    -0.12433    0.016622
     0.44394      1.0692    -0.14882    0.016804
     0.46675      1.1915     0.10319    0.023808
     0.28753      1.0362    -0.23048   0.0083411
     0.23192       1.134    -0.12552    0.020037
     0.32191      1.2774     0.15707    0.028663
      0.1081        1.47     0.99986    0.068506
     0.11613      1.1803   -0.085701    0.016385
     0.18944     0.96395    -0.24165   0.0063418
     0.18944     0.96395    -0.24165   0.0063418
     0.27668     0.77682    -0.13567   0.0055782
     0.53374      1.0096    -0.18504    0.011629
     0.54837     0.77328    -0.29037   0.0045516
     0.82029     0.78443    -0.29999   0.0095458
     0.73442     0.67516    -0.41417   0.0029402
     0.46816      0.6265    -0.14719   0.0052499
     0.58373     0.61651    -0.29672   0.0030352
     0.58373     0.61651    -0.29672   0.0030352
     0.85267     0.54403    -0.37557   0.0038675
     0.97307     0.47969    -0.10739   0.0062481
      1.0371     0.54722    -0.18663   0.0047069
      1.0371     0.54722    -0.18663   0.0047069
      1.0628     0.56134     -0.1395   0.0050562
      1.2746     0.63371      0.6732    0.018089
       1.324     0.50194      0.7152     0.01092
      1.2282     0.31526      1.3499    0.026558
      1.2282     0.31526      1.3499    0.026558
      1.2282     0.31526      1.3499    0.026558
      1.4147     0.41647      1.2667    0.015415
      1.4147     0.41647      1.2667    0.015415
      1.4147     0.41647      1.2667    0.015415
      1.3063     0.35491      1.1182    0.018467
       1.015       0.274      1.9159    0.039841
     0.94653     0.26624      2.2575     0.04216
     0.94653     0.26624      2.2575     0.04216
     0.94653     0.26624      2.2575     0.04216
     0.94653     0.26624      2.2575     0.04216
      1.1735     0.40693     0.45476    0.010442
      1.1735     0.40693     0.45476    0.010442
     0.91019      0.5006    -0.23234   0.0069881
      1.1155     0.57786   -0.018766   0.0073909
      1.4033     0.48469      1.1631    0.013651
      1.4033     0.48469      1.1631    0.013651
      1.4033     0.48469      1.1631    0.013651
      1.4033     0.48469      1.1631    0.013651
       1.536     0.54353      2.3209    0.025028
      1.3029     0.26983      2.3364    0.041917
      1.0151     0.26561      2.1601    0.044468
      1.0309     0.34701     0.83146    0.019712
     0.76315     0.62162    -0.43742   0.0022955
     0.57414     0.43815   -0.034786    0.008492
     0.53141     0.43647 -3.3052e-06   0.0071857
     0.53141     0.43647 -3.3052e-06   0.0071857
     0.67071     0.41697    0.090483     0.01149
     0.67071     0.41697    0.090483     0.01149
     0.67071     0.41697    0.090483     0.01149
     0.67071     0.41697    0.090483     0.01149
      0.8007     0.71289    -0.38715    0.006398
      1.0252      0.7017    -0.15331     0.01026
     0.89033     0.68197     -0.3721    0.006542
     0.72829     0.80646    -0.30022   0.0087386
     0.72829     0.80646    -0.30022   0.0087386
     0.47248     0.85079    -0.26374   0.0047386
     0.68946      1.0962     0.11433    0.027808
     0.78308      1.1539     0.53901    0.041367
     0.51915     0.89855    -0.26099     0.01092
     0.51915     0.89855    -0.26099     0.01092
     0.79642     0.78081    -0.31714   0.0090423
     0.99893     0.89214     0.32435    0.022764
     0.81104      1.0647     0.29713    0.031988
     0.70262     0.96236    -0.12509    0.015502
     0.70262     0.96236    -0.12509    0.015502
     0.88555     0.79167    -0.22772    0.012713
     0.99431     0.75467   -0.085419    0.013487
     0.82623      0.6635    -0.42255   0.0039643
      0.6901     0.59427    -0.39763   0.0027826
     0.44571     0.66729    -0.15842   0.0046144
     0.70019     0.88506    -0.21898    0.011948
     0.96078      1.0645     0.74476    0.043912
     0.96078      1.0645     0.74476    0.043912
     0.86255      1.0685     0.48516    0.041099
     0.60425      1.1399     0.14389    0.033286
     0.48664      1.1547    0.018243    0.023389
     0.20047      1.0735     -0.1676    0.017219
    0.093314      1.1145    -0.19581     0.01367
     0.17236      1.0567    -0.22663    0.010886
     0.42978     0.77816    -0.22388   0.0047406
     0.33688     0.97644    -0.25945   0.0079817
     0.53454      1.1708      0.1328    0.030902
     0.41914        1.39     0.78409    0.059251
     0.27457      1.1274    -0.12243    0.015176
   0.0025137     0.90768      -0.221   0.0050806
      -0.177     0.93205    -0.23571    0.005652
     -0.1092     0.70337    0.049935   0.0064364
    0.012537     0.94258    -0.24133   0.0046327
     0.17351     0.96366    -0.24171   0.0068425
    0.093483      1.0866    -0.22221    0.010868
     0.26064     0.89594    -0.23849   0.0051307
     0.22362      0.6746    0.050582   0.0065056
   -0.040088     0.68151     0.10939   0.0073666
    0.083819     0.45546      0.9143    0.017321
     0.14299     0.28955      2.2079    0.033237
     0.37885      0.4185     0.32789    0.008715
     0.33726     0.33111     0.72927    0.014091
     0.13935     0.62592     0.21969   0.0072269
     0.28685     0.54414     0.27391   0.0082078
     0.51282     0.73643     -0.2678   0.0042789
     0.25387     0.59775     0.18094   0.0081656
      0.5501     0.55074    -0.21315    0.004631
     0.62727     0.47679    -0.18173   0.0060391
     0.62727     0.47679    -0.18173   0.0060391
     0.87055     0.59611    -0.41767   0.0026913
     0.90418     0.64176    -0.40279   0.0044635
     0.90418     0.64176    -0.40279   0.0044635
     0.90418     0.64176    -0.40279   0.0044635
     0.90418     0.64176    -0.40279   0.0044635
     0.90418     0.64176    -0.40279   0.0044635
     0.90418     0.64176    -0.40279   0.0044635
     0.65432     0.53681    -0.32934   0.0044842
     0.65432     0.53681    -0.32934   0.0044842
     0.70557     0.60393    -0.40941    0.002317
     0.70557     0.60393    -0.40941    0.002317
     0.90127     0.55286    -0.36154   0.0033696
     0.66768     0.35328     0.72969    0.020125
     0.66768     0.35328     0.72969    0.020125
     0.66768     0.35328     0.72969    0.020125
     0.66768     0.35328     0.72969    0.020125
     0.79034     0.55217    -0.40786   0.0037555
     0.79034     0.55217    -0.40786   0.0037555
      1.0705     0.77074     0.15336    0.019374
      1.0705     0.77074     0.15336    0.019374
      1.0399     0.49096   -0.071282   0.0051106
      1.2964     0.27033      2.3372    0.048395
      1.2964     0.27033      2.3372    0.048395
      1.2387     0.25715      2.4391    0.052682
      1.4513     0.42535      1.4949    0.013698
      1.3238     0.54306     0.75477    0.013429
       1.272      0.3693     0.90723    0.015463
      1.0695     0.52324   -0.086963   0.0041806
      0.8054     0.77728    -0.31583   0.0082049
     0.74592     0.91089    -0.14583    0.016993
     0.66922      1.1838     0.38328    0.030803
      0.4073      1.4092     0.81892    0.049199
      0.4073      1.4092     0.81892    0.049199
     0.30816      1.3085     0.32641    0.034988
     0.32669      1.0508    -0.20426     0.01094
     0.50442      1.1253   0.0069514    0.026757
     0.31077     0.82766    -0.21126   0.0055343
     0.31106     0.89212    -0.24566   0.0063439
     0.13328      0.8507    -0.17859   0.0046316
   -0.036562     0.88068    -0.19858    0.004724
   -0.051149     0.69863    0.084787   0.0074259
     0.22024     0.90311    -0.24174   0.0054072
     0.22024     0.90311    -0.24174   0.0054072
     0.13066     0.65397     0.14367   0.0068933
     0.36813     0.43412     0.33217    0.007144
     0.36813     0.43412     0.33217    0.007144
     0.14371     0.51049     0.59872    0.011917
     0.14371     0.51049     0.59872    0.011917
     0.26856     0.45653     0.54064   0.0094475
     0.17581     0.28488       2.019    0.026519
     0.34332     0.32687     0.75336    0.015351
     0.24608     0.56636     0.28168   0.0080634
     0.15137     0.84088    -0.17301   0.0054915
     0.33123     0.68074   -0.047512    0.006024
     0.33123     0.68074   -0.047512    0.006024
     0.34777     0.96402    -0.25548   0.0082806
    0.077753      1.1469    -0.13262    0.017287
    -0.19092      1.1972   -0.056805    0.018001
    -0.47347     0.98589    -0.23076   0.0098354
    -0.64347      1.0107   -0.070156    0.020056
    -0.44778     0.78055    -0.23398    0.004649
    -0.59944     0.85253    -0.30577   0.0066135
    -0.48972      1.1154   -0.049217    0.022145
    -0.48972      1.1154   -0.049217    0.022145
    -0.29861      1.0107    -0.26296   0.0071635
    -0.15566      1.0314    -0.24864   0.0079896
   -0.062927      1.0988    -0.20853    0.012753
    -0.13535     0.98935    -0.25225   0.0074501
     0.14878      1.2043   -0.032891    0.022393
     0.14878      1.2043   -0.032891    0.022393
   -0.033095      1.4487     0.79624    0.069445
   -0.059756      1.4524     0.83869    0.059306
    -0.25122       1.283     0.21063    0.030786
    -0.33132      1.5162      1.3617    0.059544
    -0.62986      1.6178      3.3054     0.15588
    -0.68867      1.4925      2.3133      0.1027
    -0.94739      1.5542      4.3806     0.17001
    -0.94739      1.5542      4.3806     0.17001
     -1.1811      1.4689      5.7173     0.18868
     -1.1811      1.4689      5.7173     0.18868
    -0.91275      1.6146      4.7784     0.18035
      -0.631      1.7375      4.8049     0.21571
    -0.92198      1.6585      5.8403     0.26864
    -0.64453      1.5142      2.1734     0.10044
    -0.64637      1.2544      0.6258    0.048298
    -0.53868      1.4038      1.1076    0.075684
    -0.43951      1.6211      2.3739     0.13318
    -0.43951      1.6211      2.3739     0.13318
    -0.32959      1.3373     0.43245    0.038068
    -0.32959      1.3373     0.43245    0.038068
    -0.32959      1.3373     0.43245    0.038068
    -0.32959      1.3373     0.43245    0.038068
    -0.46523      1.3007     0.45047    0.039744
    -0.46523      1.3007     0.45047    0.039744
    -0.31687      1.4355     0.86874    0.062385
    -0.12052      1.4535     0.89616     0.06794
    -0.28838      1.6137      2.2964     0.09726
    -0.31327      1.5758      2.0477      0.1106
   -0.076621      1.3794     0.45865    0.048418
    -0.33429       1.497      1.4504    0.098129
    -0.33429       1.497      1.4504    0.098129
    -0.20845      1.3595     0.45558    0.042684
    -0.20845      1.3595     0.45558    0.042684
    0.042772      1.1154    -0.18542    0.011163
     0.13134      1.3391     0.33528    0.065747
     0.36491      1.2815     0.22313    0.029078
     0.51194      1.2127     0.26083    0.033562
     0.51194      1.2127     0.26083    0.033562
