     MU:      SIGMA:     E_MEASURED:    ERROR:
    -0.74952     0.61892    -0.43813   0.0021039
    -0.74952     0.61892    -0.43813   0.0021039
    -0.74952     0.61892    -0.43813   0.0021039
    -0.74952     0.61892    -0.43813   0.0021039
    -0.74952     0.61892    -0.43813   0.0021039
    -0.74952     0.61892    -0.43813   0.0021039
    -0.74952     0.61892    -0.43813   0.0021039
    -0.74952     0.61892    -0.43813   0.0021039
    -0.74952     0.61892    -0.43813   0.0021039
    -0.74952     0.61892    -0.43813   0.0021039
    -0.74952     0.61892    -0.43813   0.0021039
    -0.74952     0.61892    -0.43813   0.0021039
    -0.74952     0.61892    -0.43813   0.0021039
    -0.74952     0.61892    -0.43813   0.0021039
    -0.74952     0.61892    -0.43813   0.0021039
    -0.74952     0.61892    -0.43813   0.0021039
    -0.74952     0.61892    -0.43813   0.0021039
    -0.74952     0.61892    -0.43813   0.0021039
    -0.74952     0.61892    -0.43813   0.0021039
    -0.74952     0.61892    -0.43813   0.0021039
    -0.74952     0.61892    -0.43813   0.0021039
    -0.74952     0.61892    -0.43813   0.0021039
    -0.74952     0.61892    -0.43813   0.0021039
    -0.74952     0.61892    -0.43813   0.0021039
    -0.74952     0.61892    -0.43813   0.0021039
    -0.74952     0.61892    -0.43813   0.0021039
    -0.74952     0.61892    -0.43813   0.0021039
    -0.74952     0.61892    -0.43813   0.0021039
    -0.74952     0.61892    -0.43813   0.0021039
    -0.74952     0.61892    -0.43813   0.0021039
    -0.74345     0.54861    -0.39791    0.003593
    -0.74345     0.54861    -0.39791    0.003593
    -0.74345     0.54861    -0.39791    0.003593
    -0.74345     0.54861    -0.39791    0.003593
    -0.74345     0.54861    -0.39791    0.003593
    -0.74345     0.54861    -0.39791    0.003593
    -0.74345     0.54861    -0.39791    0.003593
    -0.83183     0.66042    -0.42158    0.004718
    -0.72808     0.56938     -0.4152   0.0027019
    -0.72808     0.56938     -0.4152   0.0027019
    -0.72808     0.56938     -0.4152   0.0027019
    -0.72808     0.56938     -0.4152   0.0027019
    -0.72808     0.56938     -0.4152   0.0027019
    -0.72808     0.56938     -0.4152   0.0027019
    -0.72808     0.56938     -0.4152   0.0027019
    -0.72808     0.56938     -0.4152   0.0027019
    -0.81035     0.72342    -0.37055   0.0070813
    -0.81035     0.72342    -0.37055   0.0070813
    -0.72754      0.5708    -0.41046   0.0031079
    -0.72754      0.5708    -0.41046   0.0031079
    -0.72754      0.5708    -0.41046   0.0031079
    -0.72754      0.5708    -0.41046   0.0031079
    -0.72754      0.5708    -0.41046   0.0031079
    -0.72754      0.5708    -0.41046   0.0031079
    -0.71925     0.62952    -0.41778   0.0024902
    -0.71925     0.62952    -0.41778   0.0024902
    -0.71925     0.62952    -0.41778   0.0024902
    -0.71925     0.62952    -0.41778   0.0024902
    -0.71925     0.62952    -0.41778   0.0024902
    -0.71925     0.62952    -0.41778   0.0024902
    -0.64111     0.63216    -0.36022   0.0025598
    -0.64111     0.63216    -0.36022   0.0025598
    -0.62404     0.77071    -0.33078   0.0059321
    -0.62404     0.77071    -0.33078   0.0059321
    -0.62404     0.77071    -0.33078   0.0059321
    -0.62404     0.77071    -0.33078   0.0059321
    -0.78211      0.6049    -0.43895   0.0028513
    -0.78211      0.6049    -0.43895   0.0028513
    -0.78211      0.6049    -0.43895   0.0028513
    -0.78211      0.6049    -0.43895   0.0028513
    -0.78211      0.6049    -0.43895   0.0028513
    -0.78211      0.6049    -0.43895   0.0028513
    -0.78211      0.6049    -0.43895   0.0028513
    -0.78211      0.6049    -0.43895   0.0028513
    -0.78211      0.6049    -0.43895   0.0028513
    -0.78211      0.6049    -0.43895   0.0028513
    -0.73423     0.69179    -0.40944   0.0034313
    -0.73423     0.69179    -0.40944   0.0034313
    -0.73423     0.69179    -0.40944   0.0034313
    -0.73423     0.69179    -0.40944   0.0034313
    -0.73423     0.69179    -0.40944   0.0034313
    -0.73423     0.69179    -0.40944   0.0034313
    -0.73423     0.69179    -0.40944   0.0034313
    -0.56174     0.73409    -0.30599   0.0035015
    -0.56174     0.73409    -0.30599   0.0035015
    -0.56174     0.73409    -0.30599   0.0035015
    -0.72118        0.82    -0.29146   0.0084117
     -0.6864     0.73539    -0.36654   0.0045644
     -0.6864     0.73539    -0.36654   0.0045644
    -0.72419     0.75664    -0.36909   0.0057515
    -0.72419     0.75664    -0.36909   0.0057515
    -0.72419     0.75664    -0.36909   0.0057515
    -0.72419     0.75664    -0.36909   0.0057515
    -0.72419     0.75664    -0.36909   0.0057515
    -0.72419     0.75664    -0.36909   0.0057515
    -0.72419     0.75664    -0.36909   0.0057515
    -0.68003     0.77095    -0.33889   0.0069619
    -0.68003     0.77095    -0.33889   0.0069619
    -0.68003     0.77095    -0.33889   0.0069619
    -0.68003     0.77095    -0.33889   0.0069619
    -0.68003     0.77095    -0.33889   0.0069619
    -0.68003     0.77095    -0.33889   0.0069619
    -0.57459     0.63457    -0.29349   0.0037136
    -0.58291     0.59208    -0.28427    0.004107
    -0.58291     0.59208    -0.28427    0.004107
    -0.67718     0.53494    -0.34383   0.0048086
    -0.61079     0.56248    -0.30654   0.0040485
    -0.61079     0.56248    -0.30654   0.0040485
    -0.61079     0.56248    -0.30654   0.0040485
    -0.61079     0.56248    -0.30654   0.0040485
    -0.61079     0.56248    -0.30654   0.0040485
    -0.90937     0.52126    -0.30179   0.0048119
    -0.90937     0.52126    -0.30179   0.0048119
    -0.90937     0.52126    -0.30179   0.0048119
    -0.90937     0.52126    -0.30179   0.0048119
    -0.96395     0.55353    -0.29868   0.0035132
    -0.96395     0.55353    -0.29868   0.0035132
    -0.83173     0.59605    -0.43749   0.0026384
    -0.83173     0.59605    -0.43749   0.0026384
    -0.83173     0.59605    -0.43749   0.0026384
    -0.83173     0.59605    -0.43749   0.0026384
    -0.83173     0.59605    -0.43749   0.0026384
    -0.83173     0.59605    -0.43749   0.0026384
    -0.83173     0.59605    -0.43749   0.0026384
    -0.83173     0.59605    -0.43749   0.0026384
    -0.83173     0.59605    -0.43749   0.0026384
    -0.83173     0.59605    -0.43749   0.0026384
    -0.83173     0.59605    -0.43749   0.0026384
    -0.66014     0.74581    -0.35239   0.0043965
    -0.91754     0.62395    -0.38081   0.0043156
    -0.91754     0.62395    -0.38081   0.0043156
    -0.91754     0.62395    -0.38081   0.0043156
    -0.91754     0.62395    -0.38081   0.0043156
    -0.88463     0.69212    -0.37179   0.0066737
    -0.88463     0.69212    -0.37179   0.0066737
    -0.88463     0.69212    -0.37179   0.0066737
    -0.88463     0.69212    -0.37179   0.0066737
    -0.88463     0.69212    -0.37179   0.0066737
    -0.88463     0.69212    -0.37179   0.0066737
    -0.88463     0.69212    -0.37179   0.0066737
    -0.88463     0.69212    -0.37179   0.0066737
    -0.88463     0.69212    -0.37179   0.0066737
    -0.69501     0.80217    -0.32766   0.0072856
    -0.69501     0.80217    -0.32766   0.0072856
    -0.69501     0.80217    -0.32766   0.0072856
    -0.69501     0.80217    -0.32766   0.0072856
    -0.69501     0.80217    -0.32766   0.0072856
     -0.5912     0.69566    -0.32098   0.0035098
    -0.86324     0.66115    -0.41903   0.0038158
    -0.86324     0.66115    -0.41903   0.0038158
    -0.86324     0.66115    -0.41903   0.0038158
    -0.86324     0.66115    -0.41903   0.0038158
    -0.86324     0.66115    -0.41903   0.0038158
    -0.77761     0.65291    -0.43794     0.00267
    -0.77761     0.65291    -0.43794     0.00267
    -0.77761     0.65291    -0.43794     0.00267
    -0.83576     0.52853    -0.35791   0.0042782
    -0.84798     0.54464    -0.37506   0.0040016
    -0.84798     0.54464    -0.37506   0.0040016
    -0.84798     0.54464    -0.37506   0.0040016
    -0.84798     0.54464    -0.37506   0.0040016
    -0.84798     0.54464    -0.37506   0.0040016
    -0.84798     0.54464    -0.37506   0.0040016
    -0.84798     0.54464    -0.37506   0.0040016
    -0.84798     0.54464    -0.37506   0.0040016
    -0.84798     0.54464    -0.37506   0.0040016
    -0.84798     0.54464    -0.37506   0.0040016
    -0.86411     0.70452    -0.37879   0.0057555
    -0.86411     0.70452    -0.37879   0.0057555
    -0.86411     0.70452    -0.37879   0.0057555
    -0.78627     0.59985    -0.44333   0.0025736
    -0.78627     0.59985    -0.44333   0.0025736
    -0.78627     0.59985    -0.44333   0.0025736
    -0.78627     0.59985    -0.44333   0.0025736
    -0.78627     0.59985    -0.44333   0.0025736
    -0.78627     0.59985    -0.44333   0.0025736
    -0.78627     0.59985    -0.44333   0.0025736
     -0.6733     0.58381    -0.38526   0.0028573
     -0.6733     0.58381    -0.38526   0.0028573
     -0.6733     0.58381    -0.38526   0.0028573
    -0.77554     0.57467    -0.42494   0.0025455
    -0.77554     0.57467    -0.42494   0.0025455
    -0.77554     0.57467    -0.42494   0.0025455
    -0.77554     0.57467    -0.42494   0.0025455
    -0.77554     0.57467    -0.42494   0.0025455
    -0.77554     0.57467    -0.42494   0.0025455
    -0.77554     0.57467    -0.42494   0.0025455
    -0.77554     0.57467    -0.42494   0.0025455
    -0.77554     0.57467    -0.42494   0.0025455
    -0.77554     0.57467    -0.42494   0.0025455
    -0.77554     0.57467    -0.42494   0.0025455
    -0.77554     0.57467    -0.42494   0.0025455
    -0.77554     0.57467    -0.42494   0.0025455
    -0.77554     0.57467    -0.42494   0.0025455
    -0.77554     0.57467    -0.42494   0.0025455
    -0.77554     0.57467    -0.42494   0.0025455
    -0.77554     0.57467    -0.42494   0.0025455
    -0.77554     0.57467    -0.42494   0.0025455
    -0.77554     0.57467    -0.42494   0.0025455
    -0.77554     0.57467    -0.42494   0.0025455
    -0.77554     0.57467    -0.42494   0.0025455
    -0.77554     0.57467    -0.42494   0.0025455
    -0.77554     0.57467    -0.42494   0.0025455
    -0.77554     0.57467    -0.42494   0.0025455
    -0.75916     0.64221    -0.43791    0.002266
    -0.75916     0.64221    -0.43791    0.002266
    -0.75916     0.64221    -0.43791    0.002266
    -0.75916     0.64221    -0.43791    0.002266
    -0.75916     0.64221    -0.43791    0.002266
    -0.75916     0.64221    -0.43791    0.002266
    -0.75916     0.64221    -0.43791    0.002266
    -0.75916     0.64221    -0.43791    0.002266
    -0.75916     0.64221    -0.43791    0.002266
    -0.75916     0.64221    -0.43791    0.002266
    -0.75916     0.64221    -0.43791    0.002266
    -0.75916     0.64221    -0.43791    0.002266
    -0.75916     0.64221    -0.43791    0.002266
    -0.75916     0.64221    -0.43791    0.002266
    -0.75916     0.64221    -0.43791    0.002266
    -0.75916     0.64221    -0.43791    0.002266
    -0.75916     0.64221    -0.43791    0.002266
    -0.75916     0.64221    -0.43791    0.002266
    -0.75916     0.64221    -0.43791    0.002266
    -0.75916     0.64221    -0.43791    0.002266
    -0.75916     0.64221    -0.43791    0.002266
    -0.75916     0.64221    -0.43791    0.002266
    -0.75916     0.64221    -0.43791    0.002266
    -0.75916     0.64221    -0.43791    0.002266
    -0.82657     0.58223    -0.43218   0.0027219
    -0.82657     0.58223    -0.43218   0.0027219
    -0.82657     0.58223    -0.43218   0.0027219
    -0.82657     0.58223    -0.43218   0.0027219
    -0.82657     0.58223    -0.43218   0.0027219
    -0.82657     0.58223    -0.43218   0.0027219
      -0.836     0.67809      -0.418   0.0041917
      -0.836     0.67809      -0.418   0.0041917
      -0.836     0.67809      -0.418   0.0041917
      -0.836     0.67809      -0.418   0.0041917
      -0.836     0.67809      -0.418   0.0041917
      -0.836     0.67809      -0.418   0.0041917
      -0.836     0.67809      -0.418   0.0041917
      -0.836     0.67809      -0.418   0.0041917
      -0.836     0.67809      -0.418   0.0041917
      -0.836     0.67809      -0.418   0.0041917
      -0.836     0.67809      -0.418   0.0041917
      -0.836     0.67809      -0.418   0.0041917
      -0.836     0.67809      -0.418   0.0041917
      -0.836     0.67809      -0.418   0.0041917
      -0.836     0.67809      -0.418   0.0041917
      -0.836     0.67809      -0.418   0.0041917
      -0.836     0.67809      -0.418   0.0041917
    -0.78288     0.66773    -0.42548   0.0041336
    -0.78288     0.66773    -0.42548   0.0041336
    -0.78288     0.66773    -0.42548   0.0041336
    -0.78288     0.66773    -0.42548   0.0041336
    -0.78288     0.66773    -0.42548   0.0041336
    -0.78288     0.66773    -0.42548   0.0041336
    -0.78288     0.66773    -0.42548   0.0041336
    -0.78288     0.66773    -0.42548   0.0041336
    -0.78288     0.66773    -0.42548   0.0041336
    -0.71537     0.60435    -0.41951   0.0023503
    -0.71537     0.60435    -0.41951   0.0023503
    -0.71537     0.60435    -0.41951   0.0023503
    -0.71537     0.60435    -0.41951   0.0023503
    -0.71537     0.60435    -0.41951   0.0023503
    -0.71537     0.60435    -0.41951   0.0023503
    -0.71537     0.60435    -0.41951   0.0023503
    -0.71537     0.60435    -0.41951   0.0023503
    -0.71537     0.60435    -0.41951   0.0023503
    -0.71537     0.60435    -0.41951   0.0023503
    -0.71537     0.60435    -0.41951   0.0023503
    -0.71537     0.60435    -0.41951   0.0023503
    -0.71537     0.60435    -0.41951   0.0023503
    -0.71537     0.60435    -0.41951   0.0023503
    -0.87943     0.55039     -0.3725   0.0038062
    -0.87943     0.55039     -0.3725   0.0038062
    -0.87943     0.55039     -0.3725   0.0038062
    -0.80956     0.69705     -0.4033   0.0053288
    -0.80956     0.69705     -0.4033   0.0053288
    -0.80956     0.69705     -0.4033   0.0053288
    -0.80956     0.69705     -0.4033   0.0053288
    -0.80956     0.69705     -0.4033   0.0053288
    -0.80956     0.69705     -0.4033   0.0053288
    -0.80956     0.69705     -0.4033   0.0053288
    -0.80956     0.69705     -0.4033   0.0053288
    -0.80956     0.69705     -0.4033   0.0053288
    -0.80956     0.69705     -0.4033   0.0053288
    -0.80956     0.69705     -0.4033   0.0053288
    -0.80956     0.69705     -0.4033   0.0053288
    -0.80956     0.69705     -0.4033   0.0053288
    -0.80956     0.69705     -0.4033   0.0053288
    -0.80956     0.69705     -0.4033   0.0053288
    -0.80956     0.69705     -0.4033   0.0053288
    -0.80956     0.69705     -0.4033   0.0053288
    -0.80956     0.69705     -0.4033   0.0053288
    -0.80956     0.69705     -0.4033   0.0053288
    -0.80956     0.69705     -0.4033   0.0053288
    -0.80956     0.69705     -0.4033   0.0053288
    -0.80956     0.69705     -0.4033   0.0053288
    -0.80956     0.69705     -0.4033   0.0053288
    -0.80956     0.69705     -0.4033   0.0053288
    -0.80956     0.69705     -0.4033   0.0053288
    -0.80956     0.69705     -0.4033   0.0053288
    -0.80956     0.69705     -0.4033   0.0053288
    -0.80956     0.69705     -0.4033   0.0053288
    -0.80956     0.69705     -0.4033   0.0053288
    -0.80956     0.69705     -0.4033   0.0053288
    -0.73265     0.64896    -0.42342   0.0031546
    -0.73265     0.64896    -0.42342   0.0031546
    -0.73265     0.64896    -0.42342   0.0031546
    -0.73265     0.64896    -0.42342   0.0031546
    -0.73265     0.64896    -0.42342   0.0031546
    -0.73265     0.64896    -0.42342   0.0031546
    -0.73265     0.64896    -0.42342   0.0031546
    -0.73265     0.64896    -0.42342   0.0031546
    -0.73265     0.64896    -0.42342   0.0031546
    -0.73265     0.64896    -0.42342   0.0031546
    -0.73265     0.64896    -0.42342   0.0031546
    -0.73265     0.64896    -0.42342   0.0031546
    -0.66758     0.69723    -0.37558   0.0029657
    -0.66758     0.69723    -0.37558   0.0029657
    -0.66758     0.69723    -0.37558   0.0029657
    -0.66758     0.69723    -0.37558   0.0029657
    -0.66758     0.69723    -0.37558   0.0029657
    -0.66758     0.69723    -0.37558   0.0029657
    -0.66758     0.69723    -0.37558   0.0029657
    -0.81251     0.71366    -0.38607   0.0057568
    -0.81251     0.71366    -0.38607   0.0057568
    -0.81251     0.71366    -0.38607   0.0057568
    -0.81251     0.71366    -0.38607   0.0057568
    -0.81251     0.71366    -0.38607   0.0057568
    -0.81251     0.71366    -0.38607   0.0057568
    -0.81251     0.71366    -0.38607   0.0057568
    -0.81251     0.71366    -0.38607   0.0057568
    -0.81251     0.71366    -0.38607   0.0057568
    -0.67452     0.70041    -0.37959   0.0040068
    -0.67452     0.70041    -0.37959   0.0040068
    -0.67452     0.70041    -0.37959   0.0040068
    -0.67452     0.70041    -0.37959   0.0040068
    -0.67452     0.70041    -0.37959   0.0040068
    -0.67452     0.70041    -0.37959   0.0040068
    -0.67452     0.70041    -0.37959   0.0040068
    -0.67452     0.70041    -0.37959   0.0040068
    -0.75439     0.66504    -0.42949   0.0025344
    -0.75439     0.66504    -0.42949   0.0025344
    -0.75439     0.66504    -0.42949   0.0025344
    -0.80065     0.53231    -0.37658   0.0052599
     -0.8476     0.53813    -0.37432   0.0042072
    -0.72163     0.57432    -0.41469   0.0029438
    -0.72163     0.57432    -0.41469   0.0029438
    -0.72163     0.57432    -0.41469   0.0029438
    -0.75052      0.6657    -0.42465   0.0035538
    -0.75052      0.6657    -0.42465   0.0035538
    -0.75052      0.6657    -0.42465   0.0035538
    -0.75052      0.6657    -0.42465   0.0035538
    -0.75052      0.6657    -0.42465   0.0035538
    -0.75052      0.6657    -0.42465   0.0035538
    -0.75052      0.6657    -0.42465   0.0035538
    -0.75052      0.6657    -0.42465   0.0035538
    -0.75052      0.6657    -0.42465   0.0035538
    -0.75052      0.6657    -0.42465   0.0035538
    -0.75052      0.6657    -0.42465   0.0035538
    -0.75052      0.6657    -0.42465   0.0035538
    -0.75052      0.6657    -0.42465   0.0035538
    -0.89567     0.56957    -0.38733   0.0029955
    -0.89567     0.56957    -0.38733   0.0029955
    -0.89567     0.56957    -0.38733   0.0029955
    -0.90257     0.64332     -0.3899   0.0059527
    -0.90257     0.64332     -0.3899   0.0059527
    -0.90257     0.64332     -0.3899   0.0059527
    -0.90257     0.64332     -0.3899   0.0059527
    -0.90257     0.64332     -0.3899   0.0059527
    -0.90257     0.64332     -0.3899   0.0059527
    -0.90257     0.64332     -0.3899   0.0059527
    -0.90257     0.64332     -0.3899   0.0059527
    -0.90257     0.64332     -0.3899   0.0059527
    -0.90257     0.64332     -0.3899   0.0059527
    -0.90257     0.64332     -0.3899   0.0059527
    -0.90257     0.64332     -0.3899   0.0059527
    -0.70865     0.74168    -0.37306   0.0042013
    -0.70865     0.74168    -0.37306   0.0042013
    -0.70865     0.74168    -0.37306   0.0042013
    -0.70865     0.74168    -0.37306   0.0042013
    -0.70865     0.74168    -0.37306   0.0042013
    -0.86274     0.65538    -0.42025   0.0041573
    -0.86274     0.65538    -0.42025   0.0041573
    -0.70722     0.58962    -0.40627   0.0025494
    -0.70722     0.58962    -0.40627   0.0025494
    -0.70722     0.58962    -0.40627   0.0025494
    -0.70722     0.58962    -0.40627   0.0025494
    -0.70377     0.66753    -0.40627   0.0028979
    -0.85631     0.65731    -0.42164   0.0046388
    -0.85631     0.65731    -0.42164   0.0046388
    -0.85631     0.65731    -0.42164   0.0046388
    -0.73357     0.56212    -0.40916   0.0033144
    -0.73357     0.56212    -0.40916   0.0033144
    -0.73357     0.56212    -0.40916   0.0033144
    -0.81059     0.61018    -0.44231   0.0029149
    -0.81059     0.61018    -0.44231   0.0029149
    -0.81059     0.61018    -0.44231   0.0029149
    -0.81059     0.61018    -0.44231   0.0029149
    -0.81059     0.61018    -0.44231   0.0029149
    -0.81059     0.61018    -0.44231   0.0029149
    -0.81059     0.61018    -0.44231   0.0029149
    -0.81059     0.61018    -0.44231   0.0029149
    -0.81059     0.61018    -0.44231   0.0029149
    -0.81059     0.61018    -0.44231   0.0029149
    -0.81059     0.61018    -0.44231   0.0029149
    -0.79359     0.62531    -0.44456   0.0022624
       -0.74     0.63874     -0.4309   0.0025665
       -0.74     0.63874     -0.4309   0.0025665
       -0.74     0.63874     -0.4309   0.0025665
       -0.74     0.63874     -0.4309   0.0025665
       -0.74     0.63874     -0.4309   0.0025665
       -0.74     0.63874     -0.4309   0.0025665
       -0.74     0.63874     -0.4309   0.0025665
       -0.74     0.63874     -0.4309   0.0025665
       -0.74     0.63874     -0.4309   0.0025665
       -0.74     0.63874     -0.4309   0.0025665
       -0.74     0.63874     -0.4309   0.0025665
       -0.74     0.63874     -0.4309   0.0025665
       -0.74     0.63874     -0.4309   0.0025665
       -0.74     0.63874     -0.4309   0.0025665
       -0.74     0.63874     -0.4309   0.0025665
       -0.74     0.63874     -0.4309   0.0025665
       -0.74     0.63874     -0.4309   0.0025665
    -0.69291     0.63471    -0.40374   0.0023481
    -0.69291     0.63471    -0.40374   0.0023481
    -0.69291     0.63471    -0.40374   0.0023481
    -0.69291     0.63471    -0.40374   0.0023481
    -0.69291     0.63471    -0.40374   0.0023481
    -0.69291     0.63471    -0.40374   0.0023481
    -0.69291     0.63471    -0.40374   0.0023481
    -0.69291     0.63471    -0.40374   0.0023481
    -0.84449     0.62182     -0.4352    0.003483
    -0.84449     0.62182     -0.4352    0.003483
    -0.84449     0.62182     -0.4352    0.003483
    -0.84449     0.62182     -0.4352    0.003483
    -0.84449     0.62182     -0.4352    0.003483
    -0.84449     0.62182     -0.4352    0.003483
    -0.84449     0.62182     -0.4352    0.003483
    -0.84449     0.62182     -0.4352    0.003483
    -0.85546     0.52824    -0.34342   0.0046672
    -0.85546     0.52824    -0.34342   0.0046672
    -0.85546     0.52824    -0.34342   0.0046672
    -0.85546     0.52824    -0.34342   0.0046672
    -0.73353     0.54794    -0.38475   0.0035525
    -0.73353     0.54794    -0.38475   0.0035525
    -0.90698     0.64412    -0.38739   0.0047422
    -0.89721     0.67578    -0.38616    0.005081
    -0.75006     0.66026    -0.42572   0.0032411
    -0.75006     0.66026    -0.42572   0.0032411
    -0.75006     0.66026    -0.42572   0.0032411
    -0.75006     0.66026    -0.42572   0.0032411
    -0.75006     0.66026    -0.42572   0.0032411
    -0.73997     0.64818    -0.42657    0.002372
    -0.73997     0.64818    -0.42657    0.002372
    -0.73997     0.64818    -0.42657    0.002372
    -0.73997     0.64818    -0.42657    0.002372
    -0.73997     0.64818    -0.42657    0.002372
    -0.73997     0.64818    -0.42657    0.002372
    -0.73997     0.64818    -0.42657    0.002372
    -0.73997     0.64818    -0.42657    0.002372
    -0.73997     0.64818    -0.42657    0.002372
    -0.73997     0.64818    -0.42657    0.002372
    -0.73997     0.64818    -0.42657    0.002372
    -0.73997     0.64818    -0.42657    0.002372
    -0.79302     0.60511    -0.44577   0.0022196
    -0.79302     0.60511    -0.44577   0.0022196
    -0.79302     0.60511    -0.44577   0.0022196
    -0.79302     0.60511    -0.44577   0.0022196
    -0.79302     0.60511    -0.44577   0.0022196
    -0.79302     0.60511    -0.44577   0.0022196
    -0.79302     0.60511    -0.44577   0.0022196
    -0.79302     0.60511    -0.44577   0.0022196
    -0.79302     0.60511    -0.44577   0.0022196
    -0.79302     0.60511    -0.44577   0.0022196
    -0.79302     0.60511    -0.44577   0.0022196
    -0.79302     0.60511    -0.44577   0.0022196
    -0.79302     0.60511    -0.44577   0.0022196
    -0.79302     0.60511    -0.44577   0.0022196
    -0.79302     0.60511    -0.44577   0.0022196
    -0.79302     0.60511    -0.44577   0.0022196
    -0.79302     0.60511    -0.44577   0.0022196
    -0.79302     0.60511    -0.44577   0.0022196
    -0.79302     0.60511    -0.44577   0.0022196
    -0.79302     0.60511    -0.44577   0.0022196
    -0.79302     0.60511    -0.44577   0.0022196
    -0.79302     0.60511    -0.44577   0.0022196
    -0.79302     0.60511    -0.44577   0.0022196
    -0.79302     0.60511    -0.44577   0.0022196
    -0.79302     0.60511    -0.44577   0.0022196
    -0.79302     0.60511    -0.44577   0.0022196
    -0.69308     0.52542    -0.34164    0.005045
    -0.70791     0.51156    -0.32103    0.005647
    -0.70791     0.51156    -0.32103    0.005647
    -0.70791     0.51156    -0.32103    0.005647
    -0.70791     0.51156    -0.32103    0.005647
    -0.70791     0.51156    -0.32103    0.005647
    -0.70791     0.51156    -0.32103    0.005647
    -0.70791     0.51156    -0.32103    0.005647
    -0.70791     0.51156    -0.32103    0.005647
    -0.70791     0.51156    -0.32103    0.005647
    -0.66534     0.70665    -0.36508   0.0033768
    -0.66534     0.70665    -0.36508   0.0033768
    -0.66534     0.70665    -0.36508   0.0033768
    -0.66534     0.70665    -0.36508   0.0033768
    -0.66534     0.70665    -0.36508   0.0033768
    -0.66534     0.70665    -0.36508   0.0033768
    -0.66534     0.70665    -0.36508   0.0033768
    -0.66534     0.70665    -0.36508   0.0033768
    -0.66534     0.70665    -0.36508   0.0033768
    -0.66534     0.70665    -0.36508   0.0033768
    -0.66534     0.70665    -0.36508   0.0033768
    -0.66534     0.70665    -0.36508   0.0033768
     -0.8526     0.72236    -0.36305   0.0062464
     -0.8526     0.72236    -0.36305   0.0062464
     -0.8526     0.72236    -0.36305   0.0062464
     -0.8526     0.72236    -0.36305   0.0062464
     -0.8526     0.72236    -0.36305   0.0062464
     -0.8526     0.72236    -0.36305   0.0062464
     -0.8526     0.72236    -0.36305   0.0062464
     -0.8526     0.72236    -0.36305   0.0062464
     -0.8526     0.72236    -0.36305   0.0062464
     -0.8526     0.72236    -0.36305   0.0062464
     -0.8526     0.72236    -0.36305   0.0062464
    -0.84307     0.71784    -0.37081    0.005655
    -0.80414     0.67423    -0.42438   0.0034345
    -0.80414     0.67423    -0.42438   0.0034345
    -0.80414     0.67423    -0.42438   0.0034345
    -0.80414     0.67423    -0.42438   0.0034345
    -0.80414     0.67423    -0.42438   0.0034345
    -0.80414     0.67423    -0.42438   0.0034345
    -0.80414     0.67423    -0.42438   0.0034345
    -0.80414     0.67423    -0.42438   0.0034345
    -0.80414     0.67423    -0.42438   0.0034345
    -0.80414     0.67423    -0.42438   0.0034345
    -0.80414     0.67423    -0.42438   0.0034345
    -0.80414     0.67423    -0.42438   0.0034345
    -0.80414     0.67423    -0.42438   0.0034345
    -0.80414     0.67423    -0.42438   0.0034345
    -0.80414     0.67423    -0.42438   0.0034345
    -0.81627     0.63235    -0.44318   0.0026695
    -0.81627     0.63235    -0.44318   0.0026695
    -0.81627     0.63235    -0.44318   0.0026695
    -0.81627     0.63235    -0.44318   0.0026695
    -0.81627     0.63235    -0.44318   0.0026695
    -0.81627     0.63235    -0.44318   0.0026695
    -0.81627     0.63235    -0.44318   0.0026695
    -0.81627     0.63235    -0.44318   0.0026695
    -0.81627     0.63235    -0.44318   0.0026695
    -0.81627     0.63235    -0.44318   0.0026695
    -0.88839     0.54737    -0.37136   0.0037616
    -0.87831     0.57071    -0.40529   0.0027327
    -0.87831     0.57071    -0.40529   0.0027327
    -0.87831     0.57071    -0.40529   0.0027327
    -0.87831     0.57071    -0.40529   0.0027327
    -0.87831     0.57071    -0.40529   0.0027327
    -0.87831     0.57071    -0.40529   0.0027327
    -0.87831     0.57071    -0.40529   0.0027327
    -0.87831     0.57071    -0.40529   0.0027327
    -0.87831     0.57071    -0.40529   0.0027327
    -0.75141     0.61072    -0.43628   0.0024906
    -0.75141     0.61072    -0.43628   0.0024906
    -0.75141     0.61072    -0.43628   0.0024906
    -0.75141     0.61072    -0.43628   0.0024906
    -0.75141     0.61072    -0.43628   0.0024906
    -0.92484     0.57544    -0.36534   0.0035972
    -0.92484     0.57544    -0.36534   0.0035972
    -0.90845     0.62078    -0.39038   0.0047698
    -0.90845     0.62078    -0.39038   0.0047698
    -0.90845     0.62078    -0.39038   0.0047698
    -0.90845     0.62078    -0.39038   0.0047698
    -0.90845     0.62078    -0.39038   0.0047698
    -0.90845     0.62078    -0.39038   0.0047698
    -0.90845     0.62078    -0.39038   0.0047698
    -0.90845     0.62078    -0.39038   0.0047698
    -0.90845     0.62078    -0.39038   0.0047698
    -0.90845     0.62078    -0.39038   0.0047698
    -0.90845     0.62078    -0.39038   0.0047698
    -0.90845     0.62078    -0.39038   0.0047698
    -0.90845     0.62078    -0.39038   0.0047698
    -0.90845     0.62078    -0.39038   0.0047698
    -0.90845     0.62078    -0.39038   0.0047698
    -0.90845     0.62078    -0.39038   0.0047698
    -0.90845     0.62078    -0.39038   0.0047698
    -0.90845     0.62078    -0.39038   0.0047698
    -0.90845     0.62078    -0.39038   0.0047698
    -0.90845     0.62078    -0.39038   0.0047698
    -0.90845     0.62078    -0.39038   0.0047698
    -0.90845     0.62078    -0.39038   0.0047698
    -0.90845     0.62078    -0.39038   0.0047698
    -0.90845     0.62078    -0.39038   0.0047698
    -0.90845     0.62078    -0.39038   0.0047698
    -0.90845     0.62078    -0.39038   0.0047698
    -0.90845     0.62078    -0.39038   0.0047698
    -0.90845     0.62078    -0.39038   0.0047698
    -0.90845     0.62078    -0.39038   0.0047698
    -0.81614      0.6644    -0.42784    0.003737
    -0.81614      0.6644    -0.42784    0.003737
    -0.81614      0.6644    -0.42784    0.003737
    -0.81614      0.6644    -0.42784    0.003737
    -0.81614      0.6644    -0.42784    0.003737
    -0.81614      0.6644    -0.42784    0.003737
    -0.81614      0.6644    -0.42784    0.003737
    -0.81614      0.6644    -0.42784    0.003737
    -0.81614      0.6644    -0.42784    0.003737
    -0.81614      0.6644    -0.42784    0.003737
    -0.80685     0.54201      -0.388   0.0043417
    -0.92873     0.63245    -0.37254   0.0046336
    -0.92873     0.63245    -0.37254   0.0046336
    -0.92873     0.63245    -0.37254   0.0046336
    -0.92873     0.63245    -0.37254   0.0046336
    -0.92873     0.63245    -0.37254   0.0046336
    -0.92873     0.63245    -0.37254   0.0046336
    -0.92873     0.63245    -0.37254   0.0046336
    -0.92873     0.63245    -0.37254   0.0046336
    -0.92873     0.63245    -0.37254   0.0046336
    -0.92873     0.63245    -0.37254   0.0046336
    -0.85448     0.71811    -0.36763   0.0068772
     -0.6636     0.54662    -0.34703   0.0043092
     -0.6636     0.54662    -0.34703   0.0043092
     -0.6636     0.54662    -0.34703   0.0043092
     -0.6636     0.54662    -0.34703   0.0043092
     -0.6636     0.54662    -0.34703   0.0043092
    -0.64199     0.68373     -0.3651   0.0030404
    -0.64199     0.68373     -0.3651   0.0030404
    -0.64199     0.68373     -0.3651   0.0030404
    -0.64199     0.68373     -0.3651   0.0030404
     -0.8515     0.71648     -0.3596   0.0065612
     -0.8515     0.71648     -0.3596   0.0065612
     -0.8515     0.71648     -0.3596   0.0065612
     -0.8515     0.71648     -0.3596   0.0065612
     -0.8515     0.71648     -0.3596   0.0065612
     -0.8515     0.71648     -0.3596   0.0065612
     -0.8515     0.71648     -0.3596   0.0065612
     -0.8515     0.71648     -0.3596   0.0065612
     -0.8515     0.71648     -0.3596   0.0065612
     -0.8515     0.71648     -0.3596   0.0065612
     -0.8515     0.71648     -0.3596   0.0065612
     -0.8515     0.71648     -0.3596   0.0065612
    -0.75139      0.7044    -0.40123   0.0041301
    -0.75139      0.7044    -0.40123   0.0041301
    -0.75139      0.7044    -0.40123   0.0041301
    -0.75139      0.7044    -0.40123   0.0041301
    -0.75139      0.7044    -0.40123   0.0041301
    -0.75139      0.7044    -0.40123   0.0041301
    -0.75139      0.7044    -0.40123   0.0041301
    -0.75139      0.7044    -0.40123   0.0041301
    -0.75139      0.7044    -0.40123   0.0041301
    -0.75139      0.7044    -0.40123   0.0041301
    -0.75139      0.7044    -0.40123   0.0041301
    -0.75139      0.7044    -0.40123   0.0041301
    -0.75139      0.7044    -0.40123   0.0041301
    -0.75139      0.7044    -0.40123   0.0041301
    -0.75139      0.7044    -0.40123   0.0041301
    -0.75139      0.7044    -0.40123   0.0041301
    -0.71755     0.51085    -0.32634   0.0053342
    -0.75919     0.53666    -0.37801    0.004003
    -0.75919     0.53666    -0.37801    0.004003
    -0.75919     0.53666    -0.37801    0.004003
    -0.75919     0.53666    -0.37801    0.004003
    -0.75919     0.53666    -0.37801    0.004003
    -0.75919     0.53666    -0.37801    0.004003
    -0.75919     0.53666    -0.37801    0.004003
    -0.75919     0.53666    -0.37801    0.004003
    -0.75919     0.53666    -0.37801    0.004003
    -0.77035     0.55158    -0.40554   0.0038109
    -0.77035     0.55158    -0.40554   0.0038109
    -0.77035     0.55158    -0.40554   0.0038109
    -0.74567     0.82247    -0.29672   0.0096657
    -0.74567     0.82247    -0.29672   0.0096657
    -0.57233      0.7144    -0.30618   0.0039629
    -0.57233      0.7144    -0.30618   0.0039629
    -0.57233      0.7144    -0.30618   0.0039629
    -0.57233      0.7144    -0.30618   0.0039629
    -0.57233      0.7144    -0.30618   0.0039629
    -0.57233      0.7144    -0.30618   0.0039629
    -0.58981     0.75594    -0.31763   0.0039367
    -0.73065     0.52428    -0.34904   0.0045618
    -0.73065     0.52428    -0.34904   0.0045618
    -0.73065     0.52428    -0.34904   0.0045618
    -0.73065     0.52428    -0.34904   0.0045618
    -0.87735     0.63044    -0.41747   0.0033682
    -0.87735     0.63044    -0.41747   0.0033682
    -0.87735     0.63044    -0.41747   0.0033682
    -0.87735     0.63044    -0.41747   0.0033682
    -0.87735     0.63044    -0.41747   0.0033682
    -0.87735     0.63044    -0.41747   0.0033682
    -0.83929     0.65987     -0.4222   0.0037551
    -0.83929     0.65987     -0.4222   0.0037551
    -0.83929     0.65987     -0.4222   0.0037551
    -0.83929     0.65987     -0.4222   0.0037551
    -0.83929     0.65987     -0.4222   0.0037551
    -0.83929     0.65987     -0.4222   0.0037551
    -0.83929     0.65987     -0.4222   0.0037551
    -0.83929     0.65987     -0.4222   0.0037551
    -0.83929     0.65987     -0.4222   0.0037551
    -0.83929     0.65987     -0.4222   0.0037551
    -0.83929     0.65987     -0.4222   0.0037551
    -0.83929     0.65987     -0.4222   0.0037551
    -0.83929     0.65987     -0.4222   0.0037551
    -0.83929     0.65987     -0.4222   0.0037551
    -0.83929     0.65987     -0.4222   0.0037551
    -0.83929     0.65987     -0.4222   0.0037551
    -0.83929     0.65987     -0.4222   0.0037551
    -0.83929     0.65987     -0.4222   0.0037551
    -0.83929     0.65987     -0.4222   0.0037551
    -0.83929     0.65987     -0.4222   0.0037551
    -0.83929     0.65987     -0.4222   0.0037551
    -0.83929     0.65987     -0.4222   0.0037551
    -0.83929     0.65987     -0.4222   0.0037551
    -0.83929     0.65987     -0.4222   0.0037551
    -0.83929     0.65987     -0.4222   0.0037551
    -0.83929     0.65987     -0.4222   0.0037551
    -0.83929     0.65987     -0.4222   0.0037551
    -0.83929     0.65987     -0.4222   0.0037551
    -0.83929     0.65987     -0.4222   0.0037551
    -0.83929     0.65987     -0.4222   0.0037551
    -0.83929     0.65987     -0.4222   0.0037551
    -0.83929     0.65987     -0.4222   0.0037551
    -0.83929     0.65987     -0.4222   0.0037551
    -0.83929     0.65987     -0.4222   0.0037551
    -0.83929     0.65987     -0.4222   0.0037551
    -0.83929     0.65987     -0.4222   0.0037551
    -0.83929     0.65987     -0.4222   0.0037551
    -0.75319     0.55838    -0.40843   0.0032335
    -0.75319     0.55838    -0.40843   0.0032335
    -0.85259     0.58615    -0.42721   0.0026477
    -0.85259     0.58615    -0.42721   0.0026477
    -0.85259     0.58615    -0.42721   0.0026477
    -0.85259     0.58615    -0.42721   0.0026477
    -0.85259     0.58615    -0.42721   0.0026477
    -0.85259     0.58615    -0.42721   0.0026477
    -0.85259     0.58615    -0.42721   0.0026477
    -0.73888     0.68798    -0.40913   0.0033931
    -0.73888     0.68798    -0.40913   0.0033931
    -0.73888     0.68798    -0.40913   0.0033931
    -0.73888     0.68798    -0.40913   0.0033931
    -0.70218     0.60232     -0.4092   0.0029158
    -0.89139     0.65585    -0.40084   0.0053016
    -0.89139     0.65585    -0.40084   0.0053016
    -0.89139     0.65585    -0.40084   0.0053016
    -0.84125     0.58285    -0.43017   0.0025359
    -0.84125     0.58285    -0.43017   0.0025359
    -0.84125     0.58285    -0.43017   0.0025359
    -0.84125     0.58285    -0.43017   0.0025359
    -0.84125     0.58285    -0.43017   0.0025359
    -0.84125     0.58285    -0.43017   0.0025359
    -0.84125     0.58285    -0.43017   0.0025359
    -0.84125     0.58285    -0.43017   0.0025359
    -0.84125     0.58285    -0.43017   0.0025359
    -0.84125     0.58285    -0.43017   0.0025359
    -0.84125     0.58285    -0.43017   0.0025359
    -0.84125     0.58285    -0.43017   0.0025359
    -0.84125     0.58285    -0.43017   0.0025359
    -0.84125     0.58285    -0.43017   0.0025359
    -0.79534     0.67267    -0.42756   0.0036421
    -0.79534     0.67267    -0.42756   0.0036421
    -0.79534     0.67267    -0.42756   0.0036421
    -0.79534     0.67267    -0.42756   0.0036421
    -0.79534     0.67267    -0.42756   0.0036421
    -0.79534     0.67267    -0.42756   0.0036421
    -0.79534     0.67267    -0.42756   0.0036421
    -0.79534     0.67267    -0.42756   0.0036421
    -0.79534     0.67267    -0.42756   0.0036421
    -0.79534     0.67267    -0.42756   0.0036421
    -0.79534     0.67267    -0.42756   0.0036421
    -0.79534     0.67267    -0.42756   0.0036421
    -0.79534     0.67267    -0.42756   0.0036421
    -0.79534     0.67267    -0.42756   0.0036421
    -0.79534     0.67267    -0.42756   0.0036421
    -0.79534     0.67267    -0.42756   0.0036421
    -0.79534     0.67267    -0.42756   0.0036421
    -0.79534     0.67267    -0.42756   0.0036421
    -0.79534     0.67267    -0.42756   0.0036421
    -0.79534     0.67267    -0.42756   0.0036421
    -0.79534     0.67267    -0.42756   0.0036421
    -0.79534     0.67267    -0.42756   0.0036421
    -0.79534     0.67267    -0.42756   0.0036421
    -0.79534     0.67267    -0.42756   0.0036421
    -0.79534     0.67267    -0.42756   0.0036421
    -0.69609     0.62533    -0.40756   0.0022443
    -0.69609     0.62533    -0.40756   0.0022443
    -0.69609     0.62533    -0.40756   0.0022443
    -0.69609     0.62533    -0.40756   0.0022443
    -0.69609     0.62533    -0.40756   0.0022443
    -0.69609     0.62533    -0.40756   0.0022443
    -0.69609     0.62533    -0.40756   0.0022443
    -0.69609     0.62533    -0.40756   0.0022443
    -0.69609     0.62533    -0.40756   0.0022443
    -0.69609     0.62533    -0.40756   0.0022443
    -0.69609     0.62533    -0.40756   0.0022443
    -0.69609     0.62533    -0.40756   0.0022443
    -0.69609     0.62533    -0.40756   0.0022443
    -0.69609     0.62533    -0.40756   0.0022443
    -0.69609     0.62533    -0.40756   0.0022443
    -0.58052     0.61534    -0.29506   0.0032682
    -0.58052     0.61534    -0.29506   0.0032682
    -0.58052     0.61534    -0.29506   0.0032682
    -0.58052     0.61534    -0.29506   0.0032682
    -0.58052     0.61534    -0.29506   0.0032682
    -0.58052     0.61534    -0.29506   0.0032682
    -0.58052     0.61534    -0.29506   0.0032682
    -0.58052     0.61534    -0.29506   0.0032682
    -0.58052     0.61534    -0.29506   0.0032682
    -0.58052     0.61534    -0.29506   0.0032682
    -0.58052     0.61534    -0.29506   0.0032682
    -0.58052     0.61534    -0.29506   0.0032682
    -0.58052     0.61534    -0.29506   0.0032682
    -0.58052     0.61534    -0.29506   0.0032682
    -0.58052     0.61534    -0.29506   0.0032682
    -0.68891     0.55378    -0.37592   0.0037317
    -0.68891     0.55378    -0.37592   0.0037317
    -0.75737     0.54601    -0.39229   0.0037122
    -0.75737     0.54601    -0.39229   0.0037122
    -0.75737     0.54601    -0.39229   0.0037122
    -0.75737     0.54601    -0.39229   0.0037122
    -0.75737     0.54601    -0.39229   0.0037122
    -0.75737     0.54601    -0.39229   0.0037122
    -0.75737     0.54601    -0.39229   0.0037122
    -0.75737     0.54601    -0.39229   0.0037122
    -0.75737     0.54601    -0.39229   0.0037122
    -0.75737     0.54601    -0.39229   0.0037122
    -0.75737     0.54601    -0.39229   0.0037122
    -0.75737     0.54601    -0.39229   0.0037122
    -0.75737     0.54601    -0.39229   0.0037122
    -0.75737     0.54601    -0.39229   0.0037122
    -0.75737     0.54601    -0.39229   0.0037122
    -0.74155     0.62741     -0.4362   0.0021614
    -0.74155     0.62741     -0.4362   0.0021614
    -0.74155     0.62741     -0.4362   0.0021614
    -0.78428     0.62573    -0.44489   0.0024327
    -0.78428     0.62573    -0.44489   0.0024327
    -0.78428     0.62573    -0.44489   0.0024327
    -0.78428     0.62573    -0.44489   0.0024327
    -0.78428     0.62573    -0.44489   0.0024327
    -0.78428     0.62573    -0.44489   0.0024327
    -0.78428     0.62573    -0.44489   0.0024327
    -0.78428     0.62573    -0.44489   0.0024327
    -0.78428     0.62573    -0.44489   0.0024327
    -0.78428     0.62573    -0.44489   0.0024327
    -0.78428     0.62573    -0.44489   0.0024327
    -0.78428     0.62573    -0.44489   0.0024327
    -0.78428     0.62573    -0.44489   0.0024327
    -0.78428     0.62573    -0.44489   0.0024327
    -0.78428     0.62573    -0.44489   0.0024327
    -0.78428     0.62573    -0.44489   0.0024327
    -0.78428     0.62573    -0.44489   0.0024327
    -0.78428     0.62573    -0.44489   0.0024327
    -0.78428     0.62573    -0.44489   0.0024327
    -0.78428     0.62573    -0.44489   0.0024327
    -0.78428     0.62573    -0.44489   0.0024327
    -0.78428     0.62573    -0.44489   0.0024327
    -0.78428     0.62573    -0.44489   0.0024327
    -0.78428     0.62573    -0.44489   0.0024327
    -0.78428     0.62573    -0.44489   0.0024327
    -0.78428     0.62573    -0.44489   0.0024327
    -0.78428     0.62573    -0.44489   0.0024327
    -0.78428     0.62573    -0.44489   0.0024327
    -0.78428     0.62573    -0.44489   0.0024327
    -0.78428     0.62573    -0.44489   0.0024327
    -0.78428     0.62573    -0.44489   0.0024327
    -0.78428     0.62573    -0.44489   0.0024327
    -0.78428     0.62573    -0.44489   0.0024327
    -0.78428     0.62573    -0.44489   0.0024327
    -0.70523     0.56792    -0.39721   0.0028584
    -0.70523     0.56792    -0.39721   0.0028584
    -0.70523     0.56792    -0.39721   0.0028584
    -0.70523     0.56792    -0.39721   0.0028584
    -0.70523     0.56792    -0.39721   0.0028584
    -0.70523     0.56792    -0.39721   0.0028584
    -0.70523     0.56792    -0.39721   0.0028584
    -0.88474     0.59229     -0.4087   0.0035633
    -0.88474     0.59229     -0.4087   0.0035633
    -0.88474     0.59229     -0.4087   0.0035633
    -0.72377     0.61337    -0.42441   0.0024102
     -0.8038     0.73632    -0.37775   0.0062108
     -0.8038     0.73632    -0.37775   0.0062108
     -0.8038     0.73632    -0.37775   0.0062108
     -0.8038     0.73632    -0.37775   0.0062108
     -0.8038     0.73632    -0.37775   0.0062108
    -0.74462     0.57042     -0.4197   0.0030151
    -0.74462     0.57042     -0.4197   0.0030151
    -0.74462     0.57042     -0.4197   0.0030151
    -0.74462     0.57042     -0.4197   0.0030151
    -0.74462     0.57042     -0.4197   0.0030151
    -0.74462     0.57042     -0.4197   0.0030151
    -0.74462     0.57042     -0.4197   0.0030151
    -0.74462     0.57042     -0.4197   0.0030151
    -0.74462     0.57042     -0.4197   0.0030151
    -0.74462     0.57042     -0.4197   0.0030151
    -0.74462     0.57042     -0.4197   0.0030151
    -0.71099     0.61607     -0.4151   0.0023319
    -0.71099     0.61607     -0.4151   0.0023319
    -0.71099     0.61607     -0.4151   0.0023319
    -0.71099     0.61607     -0.4151   0.0023319
    -0.71099     0.61607     -0.4151   0.0023319
    -0.71099     0.61607     -0.4151   0.0023319
    -0.71099     0.61607     -0.4151   0.0023319
    -0.71099     0.61607     -0.4151   0.0023319
    -0.65974     0.68319    -0.37317   0.0034426
    -0.65974     0.68319    -0.37317   0.0034426
    -0.65974     0.68319    -0.37317   0.0034426
    -0.65974     0.68319    -0.37317   0.0034426
    -0.65974     0.68319    -0.37317   0.0034426
    -0.65974     0.68319    -0.37317   0.0034426
    -0.65974     0.68319    -0.37317   0.0034426
    -0.65974     0.68319    -0.37317   0.0034426
    -0.65974     0.68319    -0.37317   0.0034426
    -0.65974     0.68319    -0.37317   0.0034426
    -0.65974     0.68319    -0.37317   0.0034426
    -0.65974     0.68319    -0.37317   0.0034426
    -0.65974     0.68319    -0.37317   0.0034426
    -0.65974     0.68319    -0.37317   0.0034426
    -0.71746     0.67001    -0.41378   0.0028669
    -0.71746     0.67001    -0.41378   0.0028669
    -0.71746     0.67001    -0.41378   0.0028669
    -0.71746     0.67001    -0.41378   0.0028669
    -0.71746     0.67001    -0.41378   0.0028669
    -0.71746     0.67001    -0.41378   0.0028669
    -0.71746     0.67001    -0.41378   0.0028669
    -0.71746     0.67001    -0.41378   0.0028669
    -0.71746     0.67001    -0.41378   0.0028669
    -0.71746     0.67001    -0.41378   0.0028669
    -0.81661     0.56927    -0.42523   0.0031981
    -0.81661     0.56927    -0.42523   0.0031981
    -0.63888     0.64374    -0.36559    0.002854
    -0.63888     0.64374    -0.36559    0.002854
    -0.63859      0.7082    -0.35525   0.0035152
    -0.81637     0.66678    -0.42075   0.0041725
    -0.81637     0.66678    -0.42075   0.0041725
    -0.81637     0.66678    -0.42075   0.0041725
    -0.81637     0.66678    -0.42075   0.0041725
    -0.81637     0.66678    -0.42075   0.0041725
    -0.81637     0.66678    -0.42075   0.0041725
    -0.81637     0.66678    -0.42075   0.0041725
    -0.81637     0.66678    -0.42075   0.0041725
    -0.81637     0.66678    -0.42075   0.0041725
    -0.81637     0.66678    -0.42075   0.0041725
    -0.81637     0.66678    -0.42075   0.0041725
    -0.81637     0.66678    -0.42075   0.0041725
    -0.81637     0.66678    -0.42075   0.0041725
    -0.81637     0.66678    -0.42075   0.0041725
    -0.81637     0.66678    -0.42075   0.0041725
    -0.81637     0.66678    -0.42075   0.0041725
    -0.81637     0.66678    -0.42075   0.0041725
    -0.81637     0.66678    -0.42075   0.0041725
    -0.81637     0.66678    -0.42075   0.0041725
    -0.81637     0.66678    -0.42075   0.0041725
    -0.81637     0.66678    -0.42075   0.0041725
    -0.81637     0.66678    -0.42075   0.0041725
    -0.81637     0.66678    -0.42075   0.0041725
    -0.81637     0.66678    -0.42075   0.0041725
    -0.81637     0.66678    -0.42075   0.0041725
    -0.81637     0.66678    -0.42075   0.0041725
    -0.81637     0.66678    -0.42075   0.0041725
    -0.81637     0.66678    -0.42075   0.0041725
    -0.81637     0.66678    -0.42075   0.0041725
    -0.81637     0.66678    -0.42075   0.0041725
    -0.81637     0.66678    -0.42075   0.0041725
    -0.81637     0.66678    -0.42075   0.0041725
    -0.81637     0.66678    -0.42075   0.0041725
    -0.84303     0.67056    -0.41211   0.0051584
    -0.84303     0.67056    -0.41211   0.0051584
    -0.84303     0.67056    -0.41211   0.0051584
    -0.84303     0.67056    -0.41211   0.0051584
    -0.84303     0.67056    -0.41211   0.0051584
    -0.84303     0.67056    -0.41211   0.0051584
    -0.84303     0.67056    -0.41211   0.0051584
    -0.84303     0.67056    -0.41211   0.0051584
    -0.84303     0.67056    -0.41211   0.0051584
    -0.84303     0.67056    -0.41211   0.0051584
    -0.84303     0.67056    -0.41211   0.0051584
    -0.84303     0.67056    -0.41211   0.0051584
    -0.84303     0.67056    -0.41211   0.0051584
    -0.84303     0.67056    -0.41211   0.0051584
    -0.84303     0.67056    -0.41211   0.0051584
    -0.84303     0.67056    -0.41211   0.0051584
    -0.84303     0.67056    -0.41211   0.0051584
    -0.84303     0.67056    -0.41211   0.0051584
    -0.84303     0.67056    -0.41211   0.0051584
    -0.84303     0.67056    -0.41211   0.0051584
    -0.84303     0.67056    -0.41211   0.0051584
    -0.84303     0.67056    -0.41211   0.0051584
    -0.84303     0.67056    -0.41211   0.0051584
    -0.84303     0.67056    -0.41211   0.0051584
    -0.84303     0.67056    -0.41211   0.0051584
    -0.84303     0.67056    -0.41211   0.0051584
    -0.86791     0.63269    -0.42472   0.0049444
    -0.86791     0.63269    -0.42472   0.0049444
    -0.86791     0.63269    -0.42472   0.0049444
    -0.86791     0.63269    -0.42472   0.0049444
    -0.86791     0.63269    -0.42472   0.0049444
    -0.86791     0.63269    -0.42472   0.0049444
    -0.86791     0.63269    -0.42472   0.0049444
    -0.86791     0.63269    -0.42472   0.0049444
    -0.86791     0.63269    -0.42472   0.0049444
    -0.86791     0.63269    -0.42472   0.0049444
    -0.86791     0.63269    -0.42472   0.0049444
