     ACCEPTANCE:
      0.11881
      0.11765
       0.1165
      0.11538
      0.11429
      0.11321
      0.11215
      0.11111
      0.11009
      0.10909
      0.10811
      0.10714
      0.10619
      0.10526
      0.10435
      0.10345
      0.10256
      0.10169
      0.10084
          0.1
     0.099174
     0.098361
     0.097561
     0.096774
        0.096
     0.095238
     0.094488
      0.09375
     0.093023
     0.092308
     0.099237
     0.098485
     0.097744
     0.097015
     0.096296
     0.095588
     0.094891
      0.10145
      0.10791
      0.10714
      0.10638
      0.10563
       0.1049
      0.10417
      0.10345
      0.10274
      0.10884
      0.10811
      0.11409
      0.11333
      0.11258
      0.11184
      0.11111
      0.11039
      0.11613
      0.11538
      0.11465
      0.11392
      0.11321
       0.1125
      0.11801
      0.11728
       0.1227
      0.12195
      0.12121
      0.12048
      0.12575
        0.125
      0.12426
      0.12353
      0.12281
      0.12209
      0.12139
      0.12069
         0.12
      0.11932
      0.12429
       0.1236
      0.12291
      0.12222
      0.12155
      0.12088
      0.12022
        0.125
      0.12432
      0.12366
      0.12834
      0.13298
      0.13228
      0.13684
      0.13613
      0.13542
      0.13472
      0.13402
      0.13333
      0.13265
      0.13706
      0.13636
      0.13568
        0.135
      0.13433
      0.13366
      0.13793
      0.14216
      0.14146
      0.14563
      0.14976
      0.14904
      0.14833
      0.14762
      0.14692
      0.15094
      0.15023
      0.14953
      0.14884
      0.15278
      0.15207
      0.15596
      0.15525
      0.15455
      0.15385
      0.15315
      0.15247
      0.15179
      0.15111
      0.15044
      0.14978
      0.14912
      0.15284
      0.15652
      0.15584
      0.15517
      0.15451
      0.15812
      0.15745
      0.15678
      0.15612
      0.15546
      0.15481
      0.15417
      0.15353
      0.15289
      0.15638
      0.15574
       0.1551
      0.15447
      0.15385
      0.15726
      0.16064
         0.16
      0.15936
      0.15873
       0.1581
      0.16142
      0.16078
      0.16016
      0.16342
      0.16667
      0.16602
      0.16538
      0.16475
      0.16412
       0.1635
      0.16288
      0.16226
      0.16165
      0.16105
      0.16418
      0.16357
      0.16296
      0.16605
      0.16544
      0.16484
      0.16423
      0.16364
      0.16304
      0.16245
      0.16547
      0.16487
      0.16429
      0.16726
      0.16667
      0.16608
      0.16549
      0.16491
      0.16434
      0.16376
      0.16319
      0.16263
      0.16207
      0.16151
      0.16096
      0.16041
      0.15986
      0.15932
      0.15878
      0.15825
      0.15772
      0.15719
      0.15667
      0.15615
      0.15563
      0.15512
      0.15461
      0.15738
      0.15686
      0.15635
      0.15584
      0.15534
      0.15484
      0.15434
      0.15385
      0.15335
      0.15287
      0.15238
       0.1519
      0.15142
      0.15094
      0.15047
         0.15
      0.14953
      0.14907
      0.14861
      0.14815
      0.14769
      0.14724
      0.14679
      0.14634
      0.14894
      0.14848
      0.14804
      0.14759
      0.14715
      0.14671
      0.14925
      0.14881
      0.14837
      0.14793
      0.14749
      0.14706
      0.14663
       0.1462
      0.14577
      0.14535
      0.14493
      0.14451
      0.14409
      0.14368
      0.14327
      0.14286
      0.14245
      0.14489
      0.14448
      0.14407
      0.14366
      0.14326
      0.14286
      0.14246
      0.14206
      0.14167
      0.14404
      0.14365
      0.14325
      0.14286
      0.14247
      0.14208
      0.14169
       0.1413
      0.14092
      0.14054
      0.14016
      0.13978
      0.13941
      0.13904
      0.14133
      0.14096
      0.14058
      0.14286
      0.14248
      0.14211
      0.14173
      0.14136
      0.14099
      0.14062
      0.14026
       0.1399
      0.13953
      0.13918
      0.13882
      0.13846
      0.13811
      0.13776
       0.1374
      0.13706
      0.13671
      0.13636
      0.13602
      0.13568
      0.13534
        0.135
      0.13466
      0.13433
        0.134
      0.13366
      0.13333
        0.133
      0.13268
       0.1348
      0.13447
      0.13415
      0.13382
       0.1335
      0.13317
      0.13285
      0.13253
      0.13221
      0.13189
      0.13158
      0.13126
      0.13333
      0.13302
       0.1327
      0.13239
      0.13208
      0.13176
      0.13146
      0.13349
      0.13318
      0.13287
      0.13256
      0.13225
      0.13194
      0.13164
      0.13134
      0.13103
      0.13303
      0.13272
      0.13242
      0.13212
      0.13182
      0.13152
      0.13122
      0.13093
      0.13288
      0.13258
      0.13229
      0.13423
      0.13616
      0.13808
      0.13778
      0.13747
      0.13938
      0.13907
      0.13877
      0.13846
      0.13816
      0.13786
      0.13755
      0.13725
      0.13696
      0.13666
      0.13636
      0.13607
      0.13578
      0.13763
      0.13734
      0.13704
      0.13889
      0.13859
       0.1383
        0.138
      0.13771
      0.13742
      0.13713
      0.13684
      0.13655
      0.13627
      0.13598
       0.1357
       0.1375
      0.13721
      0.13693
      0.13665
      0.13636
      0.13814
      0.13786
      0.13963
      0.13934
      0.13906
      0.13878
      0.14053
      0.14228
      0.14199
       0.1417
      0.14343
      0.14315
      0.14286
      0.14458
      0.14429
        0.144
      0.14371
      0.14343
      0.14314
      0.14286
      0.14257
      0.14229
      0.14201
      0.14173
      0.14342
       0.1451
      0.14481
      0.14453
      0.14425
      0.14397
      0.14369
      0.14341
      0.14313
      0.14286
      0.14258
      0.14231
      0.14203
      0.14176
      0.14149
      0.14122
      0.14095
      0.14068
      0.14231
      0.14205
      0.14178
      0.14151
      0.14124
      0.14098
      0.14071
      0.14045
      0.14206
      0.14179
      0.14153
      0.14126
        0.141
      0.14074
      0.14048
      0.14022
       0.1418
      0.14154
      0.14128
      0.14103
       0.1426
      0.14234
       0.1439
      0.14545
      0.14701
      0.14674
      0.14647
      0.14621
      0.14595
      0.14748
      0.14722
      0.14695
      0.14669
      0.14643
      0.14617
      0.14591
      0.14565
      0.14539
      0.14513
      0.14488
      0.14462
      0.14613
      0.14587
      0.14561
      0.14536
       0.1451
      0.14485
       0.1446
      0.14435
       0.1441
      0.14385
       0.1436
      0.14335
       0.1431
      0.14286
      0.14261
      0.14237
      0.14212
      0.14188
      0.14164
       0.1414
      0.14116
      0.14092
      0.14068
      0.14044
       0.1402
      0.13997
      0.14141
      0.14286
      0.14262
      0.14238
      0.14214
       0.1419
      0.14167
      0.14143
       0.1412
      0.14096
      0.14238
      0.14215
      0.14191
      0.14168
      0.14145
      0.14122
      0.14098
      0.14075
      0.14052
      0.14029
      0.14007
      0.13984
      0.14123
        0.141
      0.14078
      0.14055
      0.14032
       0.1401
      0.13987
      0.13965
      0.13942
       0.1392
      0.13898
      0.14035
      0.14172
      0.14149
      0.14127
      0.14105
      0.14082
       0.1406
      0.14038
      0.14016
      0.13994
      0.13972
       0.1395
      0.13928
      0.13906
      0.13885
      0.13863
      0.13997
      0.13975
      0.13953
      0.13932
       0.1391
      0.13889
      0.13867
      0.13846
      0.13825
      0.13804
      0.13936
      0.14067
      0.14046
      0.14024
      0.14003
      0.13982
      0.13961
      0.13939
      0.13918
      0.13897
      0.14027
      0.14006
      0.13985
      0.13964
      0.13943
      0.14072
      0.14051
      0.14179
      0.14158
      0.14137
      0.14116
      0.14095
      0.14074
      0.14053
      0.14032
      0.14012
      0.13991
      0.13971
       0.1395
       0.1393
      0.13909
      0.13889
      0.13869
      0.13848
      0.13828
      0.13808
      0.13788
      0.13768
      0.13748
      0.13728
      0.13709
      0.13689
      0.13669
      0.13649
       0.1363
       0.1361
      0.13734
      0.13714
      0.13695
      0.13675
      0.13656
      0.13636
      0.13617
      0.13598
      0.13579
      0.13559
      0.13681
      0.13803
      0.13783
      0.13764
      0.13745
      0.13725
      0.13706
      0.13687
      0.13668
      0.13649
       0.1363
       0.1375
       0.1387
       0.1385
      0.13831
      0.13812
      0.13793
      0.13912
      0.13893
      0.13874
      0.13855
      0.13973
      0.13953
      0.13934
      0.13915
      0.13896
      0.13878
      0.13859
       0.1384
      0.13821
      0.13802
      0.13784
      0.13765
      0.13881
      0.13863
      0.13844
      0.13826
      0.13807
      0.13788
       0.1377
      0.13752
      0.13733
      0.13715
      0.13697
      0.13679
       0.1366
      0.13642
      0.13624
      0.13606
       0.1372
      0.13834
      0.13816
      0.13798
       0.1378
      0.13761
      0.13743
      0.13725
      0.13708
       0.1369
      0.13802
      0.13784
      0.13766
      0.13878
       0.1386
      0.13972
      0.13953
      0.13935
      0.13918
        0.139
      0.13882
      0.13992
      0.14103
      0.14085
      0.14066
      0.14049
      0.14158
       0.1414
      0.14122
      0.14104
      0.14086
      0.14068
      0.14177
      0.14159
      0.14141
      0.14124
      0.14106
      0.14088
       0.1407
      0.14053
      0.14035
      0.14018
         0.14
      0.13983
      0.13965
      0.13948
       0.1393
      0.13913
      0.13896
      0.13879
      0.13861
      0.13844
      0.13827
       0.1381
      0.13793
      0.13776
      0.13759
      0.13742
      0.13725
      0.13709
      0.13692
      0.13675
      0.13659
      0.13642
      0.13625
      0.13609
      0.13592
      0.13576
      0.13559
      0.13664
      0.13647
      0.13752
      0.13735
      0.13718
      0.13702
      0.13685
      0.13669
      0.13653
      0.13756
       0.1374
      0.13723
      0.13707
       0.1381
      0.13912
      0.13895
      0.13879
      0.13981
      0.13964
      0.13948
      0.13932
      0.13915
      0.13899
      0.13882
      0.13866
       0.1385
      0.13834
      0.13817
      0.13801
      0.13785
      0.13769
      0.13869
      0.13853
      0.13837
      0.13821
      0.13805
      0.13789
      0.13773
      0.13757
      0.13741
      0.13725
       0.1371
      0.13694
      0.13678
      0.13662
      0.13647
      0.13631
      0.13616
        0.136
      0.13584
      0.13569
      0.13554
      0.13538
      0.13523
      0.13507
      0.13492
       0.1359
      0.13575
      0.13559
      0.13544
      0.13529
      0.13514
      0.13498
      0.13483
      0.13468
      0.13453
      0.13438
      0.13423
      0.13408
      0.13393
      0.13378
      0.13474
      0.13459
      0.13444
       0.1343
      0.13415
        0.134
      0.13385
       0.1337
      0.13355
      0.13341
      0.13326
      0.13311
      0.13297
      0.13282
      0.13268
      0.13363
      0.13348
      0.13443
      0.13428
      0.13413
      0.13399
      0.13384
       0.1337
      0.13355
      0.13341
      0.13326
      0.13312
      0.13297
      0.13283
      0.13269
      0.13254
       0.1324
      0.13333
      0.13319
      0.13305
      0.13398
      0.13383
      0.13369
      0.13355
       0.1334
      0.13326
      0.13312
      0.13298
      0.13284
       0.1327
      0.13256
      0.13242
      0.13228
      0.13214
        0.132
      0.13186
      0.13172
      0.13158
      0.13144
       0.1313
      0.13116
      0.13103
      0.13089
      0.13075
      0.13062
      0.13048
      0.13034
      0.13021
      0.13007
      0.12994
       0.1298
      0.12967
      0.12953
       0.1294
       0.1303
      0.13017
      0.13003
       0.1299
      0.12976
      0.12963
       0.1295
      0.13039
      0.13026
      0.13012
      0.13101
       0.1319
      0.13177
      0.13163
       0.1315
      0.13136
      0.13225
      0.13211
      0.13198
      0.13185
      0.13171
      0.13158
      0.13145
      0.13131
      0.13118
      0.13105
      0.13092
      0.13179
      0.13166
      0.13153
      0.13139
      0.13126
      0.13113
        0.131
      0.13087
      0.13174
      0.13161
      0.13147
      0.13134
      0.13121
      0.13108
      0.13095
      0.13082
      0.13069
      0.13056
      0.13043
      0.13031
      0.13018
      0.13005
      0.13091
      0.13078
      0.13065
      0.13052
      0.13039
      0.13026
      0.13014
      0.13001
      0.12988
      0.12976
       0.1306
      0.13048
      0.13132
       0.1312
      0.13204
      0.13288
      0.13275
      0.13262
       0.1325
      0.13237
      0.13224
      0.13211
      0.13198
      0.13186
      0.13173
       0.1316
      0.13148
      0.13135
      0.13123
       0.1311
      0.13098
      0.13085
      0.13073
       0.1306
      0.13048
      0.13035
      0.13023
       0.1301
      0.12998
      0.12986
      0.12973
      0.12961
      0.12949
      0.12937
      0.12925
      0.12912
        0.129
      0.12888
       0.1297
      0.12958
      0.12946
      0.12933
      0.12921
      0.12909
      0.12897
      0.12885
      0.12873
      0.12861
      0.12849
      0.12837
      0.12825
      0.12813
      0.12801
       0.1279
      0.12778
      0.12766
      0.12754
      0.12742
      0.12731
      0.12719
      0.12707
      0.12695
      0.12684
      0.12672
      0.12752
      0.12741
      0.12729
      0.12717
      0.12706
      0.12694
      0.12682
      0.12671
      0.12659
      0.12648
      0.12636
