     ACCEPTANCE:
      0.77228
      0.77451
       0.7767
      0.77885
      0.78095
      0.78302
      0.78505
      0.78704
      0.77982
      0.78182
      0.78378
      0.78571
      0.78761
      0.78947
      0.78261
      0.77586
      0.77778
      0.77966
      0.77311
      0.76667
       0.7686
      0.77049
      0.77236
      0.76613
         0.76
       0.7619
      0.75591
      0.75781
      0.75969
      0.76154
      0.76336
      0.76515
      0.76692
      0.76866
      0.77037
      0.77206
      0.77372
      0.77536
      0.77698
      0.77857
      0.77305
      0.76761
      0.76923
      0.77083
      0.77241
      0.76712
      0.76871
      0.77027
      0.77181
      0.77333
      0.77483
      0.77632
      0.77778
      0.77922
      0.78065
      0.78205
      0.78344
      0.78481
      0.78616
       0.7875
      0.78882
      0.79012
      0.79141
      0.79268
      0.79394
      0.79518
      0.79641
      0.79762
      0.79882
          0.8
      0.79532
      0.79651
      0.79769
      0.79885
          0.8
      0.79545
      0.79661
      0.79775
      0.79888
          0.8
       0.8011
       0.7967
      0.79781
      0.79891
          0.8
      0.80108
      0.80214
      0.80319
      0.79894
          0.8
      0.79581
      0.79167
      0.78756
      0.78351
      0.77949
      0.77551
      0.77665
      0.77778
      0.77889
         0.78
      0.78109
      0.78218
      0.78325
      0.78431
      0.78537
      0.78641
      0.78744
      0.78846
      0.78947
      0.79048
      0.78673
      0.78774
      0.78873
      0.78505
       0.7814
      0.78241
       0.7788
      0.77982
      0.78082
      0.78182
      0.78281
      0.78378
      0.78475
      0.78571
      0.78222
      0.78319
      0.78414
      0.78509
      0.78603
      0.78696
      0.78355
      0.78448
      0.78541
      0.78632
      0.78723
      0.78814
      0.78903
      0.78992
      0.79079
       0.7875
      0.78838
      0.78926
      0.79012
      0.79098
      0.78776
      0.78862
      0.78947
      0.79032
      0.78715
        0.788
      0.78884
      0.78968
      0.78656
       0.7874
      0.78824
      0.78516
      0.78599
      0.78682
      0.78764
      0.78462
      0.78544
      0.78626
      0.78707
      0.78409
      0.78113
      0.78195
      0.78277
      0.77985
      0.78067
      0.77778
       0.7786
      0.77941
      0.77656
      0.77737
      0.77818
      0.77536
      0.77256
      0.77338
      0.77061
      0.77143
      0.77224
      0.77305
      0.77032
      0.77113
      0.77193
      0.76923
      0.77003
      0.77083
      0.77163
      0.77241
       0.7732
      0.77055
      0.76792
      0.76531
       0.7661
      0.76689
      0.76768
      0.76846
      0.76923
      0.76667
      0.76744
      0.76821
      0.76898
      0.76974
      0.77049
      0.76797
      0.76873
      0.76623
      0.76375
      0.76129
      0.75884
      0.75641
      0.75719
      0.75478
      0.75556
      0.75633
      0.75394
      0.75157
      0.75235
      0.75313
      0.75389
      0.75155
      0.74923
      0.74691
      0.74769
      0.74847
      0.74924
         0.75
      0.75076
      0.75152
      0.75227
         0.75
      0.75075
       0.7515
      0.75224
      0.75298
      0.75371
      0.75148
      0.75221
      0.75294
      0.75367
      0.75146
      0.74927
      0.74709
      0.74493
      0.74566
       0.7464
      0.74425
      0.74499
      0.74571
      0.74644
      0.74716
      0.74788
      0.74576
      0.74648
      0.74719
       0.7479
       0.7486
       0.7493
         0.75
      0.75069
      0.75138
      0.75207
      0.75275
      0.75068
      0.74863
      0.74932
         0.75
      0.75068
      0.75135
      0.75202
         0.75
      0.75067
      0.74866
      0.74933
         0.75
      0.75066
      0.75132
      0.74934
      0.74737
      0.74803
      0.74869
      0.74674
      0.74479
      0.74545
      0.74611
      0.74677
      0.74742
      0.74807
      0.74872
      0.74936
         0.75
      0.75064
      0.74873
      0.74684
      0.74747
      0.74559
      0.74372
      0.74185
         0.74
      0.74065
      0.73881
      0.73945
       0.7401
      0.74074
      0.74138
      0.74201
      0.74265
      0.74328
       0.7439
      0.74453
      0.74515
      0.74334
      0.74396
      0.74217
      0.74279
      0.74341
      0.74402
      0.74224
      0.74286
      0.74347
      0.74171
      0.74232
      0.74057
      0.74118
      0.73944
      0.74005
      0.73832
      0.73893
      0.73953
      0.74014
      0.74074
      0.74134
      0.73963
      0.74023
      0.74083
      0.73913
      0.73973
      0.74032
      0.74091
      0.73923
      0.73756
      0.73815
      0.73874
      0.73933
      0.73991
      0.74049
      0.74107
      0.74165
      0.74222
      0.74058
      0.74115
      0.74172
      0.74009
      0.73846
      0.73684
      0.73523
      0.73362
      0.73203
      0.73043
      0.73102
      0.72944
      0.72786
      0.72629
      0.72688
      0.72747
      0.72591
       0.7265
      0.72708
      0.72766
      0.72824
      0.72881
      0.72939
      0.72996
      0.73053
      0.72899
      0.72746
      0.72803
      0.72651
      0.72708
      0.72765
      0.72822
      0.72878
      0.72934
       0.7299
      0.73045
      0.73101
      0.73156
      0.73006
      0.73061
      0.73116
      0.73171
      0.73225
      0.73279
      0.73333
      0.73387
      0.73441
      0.73494
      0.73547
        0.736
      0.73453
      0.73506
       0.7336
      0.73214
      0.73069
      0.72925
      0.72978
      0.73031
      0.73084
      0.73137
       0.7319
      0.73047
      0.73099
      0.73152
       0.7301
      0.73062
      0.73114
      0.73166
      0.73025
      0.72885
      0.72745
      0.72605
      0.72658
      0.72519
      0.72381
      0.72433
      0.72486
      0.72348
      0.72401
      0.72453
      0.72505
      0.72368
      0.72233
      0.72285
      0.72336
      0.72388
      0.72253
      0.72305
      0.72171
      0.72222
      0.72274
       0.7214
      0.72192
      0.72243
      0.72294
      0.72161
      0.72212
       0.7208
      0.72131
      0.72182
      0.72232
      0.72283
      0.72333
      0.72202
      0.72072
      0.72122
      0.72172
      0.72043
      0.72093
      0.71964
      0.72014
      0.71886
      0.71936
      0.71986
      0.72035
      0.72085
      0.71958
      0.72007
       0.7188
       0.7193
      0.71804
      0.71678
      0.71728
      0.71777
      0.71652
      0.71701
       0.7175
      0.71799
      0.71848
      0.71897
      0.71773
      0.71649
      0.71698
      0.71747
      0.71795
      0.71843
      0.71721
      0.71769
      0.71817
      0.71864
      0.71912
      0.71959
      0.71838
      0.71886
      0.71933
       0.7198
      0.71859
      0.71739
      0.71786
      0.71833
       0.7188
      0.71761
      0.71642
      0.71689
      0.71736
      0.71617
      0.71499
      0.71546
      0.71429
      0.71475
      0.71522
      0.71405
      0.71289
      0.71336
       0.7122
      0.71104
      0.71151
      0.71036
      0.70921
      0.70806
      0.70853
        0.709
      0.70787
      0.70833
       0.7072
      0.70607
      0.70654
      0.70701
      0.70588
      0.70635
      0.70681
       0.7057
      0.70458
      0.70505
      0.70551
       0.7044
       0.7033
      0.70219
       0.7011
      0.70156
      0.70047
      0.69938
      0.69984
      0.69876
      0.69767
      0.69814
      0.69706
      0.69599
      0.69646
      0.69538
      0.69585
      0.69632
      0.69678
      0.69725
      0.69771
      0.69817
      0.69711
      0.69605
      0.69651
      0.69697
      0.69743
      0.69789
      0.69834
      0.69729
      0.69624
       0.6967
      0.69715
       0.6976
      0.69656
      0.69701
      0.69598
      0.69643
      0.69688
      0.69585
       0.6963
      0.69527
      0.69424
      0.69469
      0.69367
      0.69412
       0.6931
      0.69208
      0.69107
      0.69006
      0.68905
      0.68805
       0.6885
       0.6875
      0.68795
      0.68841
      0.68741
      0.68642
      0.68687
      0.68732
      0.68777
      0.68822
      0.68723
      0.68625
      0.68526
      0.68429
      0.68474
      0.68376
      0.68421
      0.68466
      0.68369
      0.68414
      0.68458
      0.68503
      0.68547
      0.68592
      0.68636
       0.6868
      0.68724
      0.68768
      0.68811
      0.68855
      0.68898
      0.68942
      0.68985
      0.69028
      0.68932
      0.68975
       0.6888
      0.68785
      0.68828
      0.68871
      0.68913
      0.68956
      0.68999
      0.69041
      0.69083
      0.68989
      0.69031
      0.69074
      0.69116
      0.69158
      0.69199
      0.69241
      0.69283
      0.69324
      0.69366
      0.69407
      0.69448
      0.69489
       0.6953
      0.69571
      0.69612
      0.69652
      0.69693
      0.69733
      0.69774
      0.69681
      0.69721
      0.69629
      0.69669
      0.69577
      0.69485
      0.69525
      0.69565
      0.69474
      0.69514
      0.69554
      0.69463
      0.69372
      0.69281
      0.69321
      0.69361
      0.69401
      0.69441
      0.69481
       0.6952
       0.6956
      0.69599
      0.69638
      0.69677
      0.69716
      0.69755
      0.69666
      0.69705
      0.69615
      0.69654
      0.69565
      0.69604
      0.69643
      0.69682
       0.6972
      0.69759
      0.69797
      0.69835
      0.69873
      0.69912
      0.69949
      0.69987
      0.70025
      0.69937
      0.69849
      0.69887
      0.69925
      0.69962
          0.7
      0.70037
      0.70075
      0.70112
      0.70025
      0.70062
      0.70099
      0.70136
      0.70173
       0.7021
      0.70247
      0.70284
       0.7032
      0.70357
      0.70393
      0.70429
      0.70343
      0.70379
      0.70416
       0.7033
      0.70366
      0.70402
      0.70438
      0.70474
       0.7051
      0.70424
       0.7046
      0.70496
      0.70411
      0.70446
      0.70482
      0.70397
      0.70433
      0.70348
      0.70384
      0.70299
      0.70335
       0.7037
      0.70406
      0.70322
      0.70357
      0.70392
      0.70428
      0.70463
      0.70498
      0.70414
      0.70449
      0.70484
      0.70519
      0.70554
      0.70588
      0.70623
       0.7054
      0.70574
      0.70609
      0.70643
      0.70678
      0.70712
      0.70746
       0.7078
      0.70814
      0.70848
      0.70882
      0.70915
      0.70833
      0.70867
      0.70785
      0.70704
      0.70737
      0.70771
      0.70805
      0.70723
      0.70757
       0.7079
      0.70709
      0.70629
      0.70548
      0.70468
      0.70501
      0.70535
      0.70455
      0.70488
      0.70522
      0.70555
      0.70588
      0.70621
      0.70655
      0.70688
      0.70721
      0.70754
      0.70787
      0.70707
       0.7074
      0.70773
      0.70805
      0.70838
      0.70871
      0.70903
      0.70935
      0.70857
      0.70778
      0.70699
      0.70732
      0.70653
      0.70686
      0.70718
       0.7064
      0.70673
      0.70595
      0.70517
      0.70549
      0.70472
      0.70395
      0.70427
       0.7046
      0.70492
      0.70415
      0.70338
      0.70261
      0.70294
      0.70217
       0.7025
      0.70174
      0.70098
      0.70022
      0.70054
      0.69978
      0.70011
      0.69935
      0.69968
          0.7
      0.70032
      0.70064
      0.70096
      0.70021
      0.70053
      0.70085
      0.70011
      0.69936
      0.69968
          0.7
      0.70032
      0.70064
      0.69989
      0.70021
      0.70053
      0.69979
      0.70011
      0.69937
      0.69968
          0.7
      0.70032
      0.70063
      0.70094
      0.70126
      0.70157
      0.70188
      0.70219
      0.70251
      0.70282
      0.70208
      0.70239
       0.7027
      0.70301
      0.70332
      0.70363
      0.70393
      0.70424
      0.70351
      0.70382
      0.70412
      0.70443
      0.70473
      0.70504
      0.70534
      0.70564
      0.70594
      0.70624
      0.70654
      0.70582
      0.70612
      0.70642
      0.70672
      0.70702
      0.70732
      0.70761
      0.70791
      0.70719
      0.70749
      0.70779
      0.70808
      0.70838
      0.70766
      0.70796
      0.70825
      0.70754
      0.70783
      0.70812
      0.70741
      0.70671
        0.707
      0.70629
      0.70659
      0.70588
      0.70618
      0.70647
      0.70577
      0.70506
      0.70437
      0.70466
      0.70396
      0.70425
      0.70455
      0.70484
      0.70513
      0.70443
      0.70472
      0.70501
       0.7053
      0.70559
       0.7049
      0.70519
      0.70548
      0.70479
      0.70508
      0.70439
      0.70468
      0.70497
      0.70525
      0.70554
      0.70583
      0.70611
       0.7064
      0.70668
      0.70696
      0.70628
      0.70656
      0.70588
      0.70617
      0.70645
      0.70577
      0.70509
      0.70441
       0.7047
      0.70498
      0.70526
      0.70554
      0.70583
      0.70611
      0.70543
      0.70571
      0.70599
      0.70532
       0.7056
      0.70588
      0.70616
      0.70549
      0.70577
      0.70605
      0.70633
       0.7066
      0.70688
      0.70621
      0.70649
      0.70677
      0.70704
      0.70732
      0.70665
      0.70693
       0.7072
      0.70654
      0.70588
      0.70522
       0.7055
      0.70484
      0.70512
      0.70539
      0.70566
      0.70594
      0.70621
      0.70556
      0.70583
      0.70518
      0.70452
      0.70387
      0.70415
       0.7035
      0.70377
      0.70404
      0.70432
      0.70459
      0.70486
      0.70513
      0.70448
      0.70475
      0.70411
      0.70438
      0.70465
      0.70492
      0.70519
      0.70545
