     MU:      SIGMA:     E_MEASURED:    ERROR:
    -0.74333      0.6491    -0.42682   0.0023631
    -0.64222     0.94765    -0.19502    0.014405
    -0.47216     0.98794    -0.22418   0.0099791
    -0.53918     0.78969    -0.28249   0.0049232
    -0.31414     0.67547   -0.028469   0.0067703
    -0.18608     0.90509     -0.2199   0.0049812
   -0.081574     0.87879      -0.201   0.0048874
     0.16921     0.95987    -0.25848   0.0059319
     0.16921     0.95987    -0.25848   0.0059319
     0.26888     0.74354   -0.096586   0.0051244
  -0.0054707       1.023    -0.24187    0.010377
    0.079886      1.2093   -0.082339     0.01906
   -0.060551      1.0603    -0.24886    0.010025
  -0.0043016     0.82096    -0.12985   0.0051434
  -0.0043016     0.82096    -0.12985   0.0051434
  -0.0043016     0.82096    -0.12985   0.0051434
    0.046481      1.0614    -0.24248   0.0097224
     0.31601      1.0197    -0.23361   0.0098843
     0.31601      1.0197    -0.23361   0.0098843
     0.31601      1.0197    -0.23361   0.0098843
     0.18394      1.0667    -0.23252    0.010384
     0.45399      1.0729    -0.14628    0.016864
     0.35389      1.1878    0.044213    0.026022
     0.35389      1.1878    0.044213    0.026022
     0.35389      1.1878    0.044213    0.026022
     0.12342       1.263    0.088649    0.024737
     0.12342       1.263    0.088649    0.024737
     0.39407      1.0784    -0.15743    0.013358
     0.15624       1.242     0.13426    0.031163
   -0.085573      1.3738      0.4494    0.040112
   -0.079509      1.3035      0.2972    0.039451
     0.17099      1.1448     -0.1023    0.025526
    0.077615      1.0699       -0.22    0.010964
     0.36916      0.9141     -0.2469   0.0065327
     0.61336     0.72417    -0.33265   0.0042311
     0.37105      1.0022    -0.21264    0.011496
     0.57433      1.0406   -0.093518    0.018271
     0.48596      1.1524    0.041639    0.024758
      0.5897      1.0613    -0.04816    0.022964
     0.33397      1.3506     0.49991    0.048111
     0.33397      1.3506     0.49991    0.048111
     0.33397      1.3506     0.49991    0.048111
     0.19556      1.1197    -0.17002    0.015157
   -0.055589     0.90254    -0.21589   0.0053409
    -0.02088     0.68495     0.10861   0.0079115
    -0.02088     0.68495     0.10861   0.0079115
    -0.10315     0.83899    -0.16504   0.0050996
    -0.24366     0.93862    -0.25412   0.0049831
    -0.16085       0.786    -0.10303   0.0055344
   0.0040003     0.78215   -0.077067   0.0059372
    -0.19092     0.98413    -0.24365   0.0068413
     -0.3753     0.85364     -0.2381   0.0052159
    -0.29396     0.78857    -0.15895   0.0053221
    -0.41005      1.0746    -0.16099    0.014792
    -0.40176      1.1333   -0.087232    0.020909
    -0.60673     0.90367    -0.23226    0.014069
    -0.81799     0.84722    -0.19418    0.014668
    -0.56796     0.84416    -0.29327   0.0065437
    -0.45488     0.62412     -0.1281   0.0053081
    -0.59447     0.70078    -0.32427   0.0036947
    -0.51633     0.70342    -0.25396   0.0040864
    -0.31734     0.86674    -0.23015   0.0055035
    -0.30027      1.0053    -0.24646   0.0082416
    -0.26686     0.76643    -0.12592   0.0057632
    -0.46847     0.85302    -0.27436   0.0052642
    -0.44316     0.97071    -0.23959    0.010244
    -0.60123      0.8049    -0.30984   0.0056692
    -0.67618     0.97733    -0.13487    0.015935
    -0.83024     0.76882    -0.30541   0.0090863
     -0.8034     0.71624    -0.37901   0.0068109
     -0.8034     0.71624    -0.37901   0.0068109
    -0.57391     0.90377    -0.25024     0.01508
    -0.40424     0.80719    -0.23267   0.0054388
    -0.56074     0.90518    -0.27058   0.0084738
    -0.49769     0.88195    -0.27853   0.0056421
    -0.49769     0.88195    -0.27853   0.0056421
    -0.44981     0.96884    -0.22091    0.010457
    -0.57614     0.75465    -0.31047   0.0038904
    -0.80608     0.77796    -0.31345   0.0081359
    -0.56116     0.68708    -0.29207   0.0040831
    -0.30126     0.51796      0.3007   0.0086019
    -0.30126     0.51796      0.3007   0.0086019
    -0.58503     0.46882    -0.13502   0.0064306
    -0.41254     0.51112    0.082507   0.0058947
    -0.67388     0.78024    -0.33377   0.0062287
     -0.9416     0.51969    -0.25938   0.0049785
      -1.101      0.6056   -0.049495   0.0085471
     -1.0663     0.52099   -0.096278   0.0044091
     -1.0663     0.52099   -0.096278   0.0044091
      -1.104     0.54224   -0.037706   0.0051508
      -1.104     0.54224   -0.037706   0.0051508
      -1.104     0.54224   -0.037706   0.0051508
      -1.104     0.54224   -0.037706   0.0051508
      -1.104     0.54224   -0.037706   0.0051508
      -1.104     0.54224   -0.037706   0.0051508
      -1.104     0.54224   -0.037706   0.0051508
     -1.0599     0.55655    -0.14564   0.0057615
    -0.92921     0.56331    -0.35196   0.0035492
    -0.77578     0.74154    -0.36927   0.0076128
    -0.64611     0.66841       -0.36   0.0029474
    -0.80957     0.96347    0.050504     0.02367
    -0.70743     0.76944    -0.33681   0.0059279
    -0.60199     0.63306      -0.328   0.0036172
    -0.61031     0.59057    -0.31937   0.0036509
    -0.35806     0.73521    -0.14113   0.0052433
    -0.45233     0.67807    -0.17237   0.0046871
    -0.38595     0.70561    -0.13894    0.005272
    -0.51577      0.5891    -0.19414   0.0042465
      -0.414     0.38093     0.33086     0.01075
    -0.14298     0.54451     0.46164   0.0090347
    -0.14298     0.54451     0.46164   0.0090347
    -0.44155     0.50329    0.030091   0.0068645
    -0.43331     0.49846    0.054587   0.0061342
    -0.43331     0.49846    0.054587   0.0061342
    -0.43331     0.49846    0.054587   0.0061342
    -0.48789     0.53074   -0.084201   0.0051495
    -0.48789     0.53074   -0.084201   0.0051495
    -0.35567     0.57326    0.086633   0.0071924
    -0.30756     0.78893    -0.16136   0.0046471
    -0.17204      1.0328    -0.23739     0.00963
   -0.082639      1.2243   -0.037816    0.021191
   -0.041891      1.1117    -0.21178    0.012665
     0.04627      1.2274   -0.033476    0.023004
     0.32169     0.97049    -0.25306   0.0076377
     0.32169     0.97049    -0.25306   0.0076377
    0.030749      1.0946     -0.2038    0.014121
    -0.16918     0.96092    -0.24245   0.0051366
     -0.3393      1.1296    -0.10196    0.020213
    -0.16771      1.2793     0.20936    0.037278
    -0.42511      1.1575   -0.029241    0.021341
    -0.42511      1.1575   -0.029241    0.021341
    -0.63104     0.93118    -0.23003    0.011106
    -0.67376     0.64368     -0.3945   0.0024752
    -0.64085     0.71185    -0.35781   0.0033631
    -0.45343     0.47739    0.041897    0.005621
    -0.25224     0.72671   -0.055064   0.0064474
    -0.36026     0.49105     0.22242   0.0076797
     -0.3799     0.70863    -0.13489   0.0052478
    -0.44214     0.55251   -0.031036   0.0054299
    -0.44214     0.55251   -0.031036   0.0054299
    -0.57051     0.31895      1.1785    0.025287
    -0.74623     0.32397      1.2318     0.02516
    -0.55662     0.43402  -0.0068313   0.0091544
     -0.4289     0.55422  -0.0095902   0.0060265
     -0.4289     0.55422  -0.0095902   0.0060265
    -0.16594     0.56879     0.35662   0.0099641
    0.096765     0.75488   -0.038369   0.0060182
     0.20058     0.64836     0.11953   0.0075888
     0.20058     0.64836     0.11953   0.0075888
    0.098251     0.61179     0.26585   0.0078125
     0.29025     0.83702    -0.20991   0.0054617
     0.44133     0.97756    -0.22575    0.009614
     0.44133     0.97756    -0.22575    0.009614
     0.52696     0.96933    -0.21204    0.012604
     0.67791     0.79972    -0.31863   0.0065185
     0.67791     0.79972    -0.31863   0.0065185
     0.61977     0.67533    -0.34438   0.0039511
     0.60754     0.69144    -0.33386   0.0030597
     0.78725     0.63991    -0.44285   0.0025859
     0.78725     0.63991    -0.44285   0.0025859
     0.53439     0.86964    -0.27902   0.0069161
     0.72734     0.59524    -0.42532   0.0024831
     0.52454     0.55876    -0.18256   0.0046246
     0.52454     0.55876    -0.18256   0.0046246
     0.52454     0.55876    -0.18256   0.0046246
     0.75458     0.67832    -0.41583   0.0030746
     0.50235     0.95182    -0.21065    0.012613
     0.50235     0.95182    -0.21065    0.012613
     0.35908      1.0651     -0.1725    0.018367
     0.35908      1.0651     -0.1725    0.018367
     0.43692     0.96046     -0.2374   0.0091001
     0.67407      1.0663    0.085031    0.027057
     0.67407      1.0663    0.085031    0.027057
     0.52585     0.95197    -0.23444    0.011569
     0.63338      1.1104    0.095121    0.021263
     0.63338      1.1104    0.095121    0.021263
     0.63338      1.1104    0.095121    0.021263
     0.74635      1.0944     0.31454    0.039586
     0.74635      1.0944     0.31454    0.039586
      0.5525       1.311     0.74202    0.048789
     0.45026      1.3018     0.47625    0.041681
      0.1907      1.3463     0.36619    0.032808
      0.1907      1.3463     0.36619    0.032808
     0.31381      1.1996    0.015093    0.020893
     0.48762      1.0066    -0.20273    0.011606
     0.48762      1.0066    -0.20273    0.011606
     0.20602      1.0009    -0.25396   0.0088917
     0.28491      1.0758    -0.18369    0.012577
     0.36721      1.0344    -0.18973    0.018078
     0.22118      1.1775    -0.10985    0.015671
    0.026702      1.1762     -0.1262    0.017559
    0.026702      1.1762     -0.1262    0.017559
    0.026702      1.1762     -0.1262    0.017559
    0.026702      1.1762     -0.1262    0.017559
     0.23523      1.2304    0.057041    0.024628
     0.30316      1.1337    -0.14092    0.016217
    0.042988      1.1746   -0.064883    0.022621
   -0.033725      1.0453    -0.24151   0.0089412
    -0.29702      1.0484    -0.22625   0.0089263
    -0.29702      1.0484    -0.22625   0.0089263
    -0.29563      1.2805     0.26272    0.038114
    -0.11677       1.123    -0.19649    0.017406
    -0.30127      1.0255    -0.23466   0.0091764
    -0.13555      0.8203    -0.15544   0.0051006
    -0.11917     0.88784    -0.20845   0.0049691
    -0.11917     0.88784    -0.20845   0.0049691
    -0.35506      1.0722    -0.16553    0.017574
    -0.35506      1.0722    -0.16553    0.017574
    -0.35506      1.0722    -0.16553    0.017574
    -0.35506      1.0722    -0.16553    0.017574
    -0.35506      1.0722    -0.16553    0.017574
    -0.35506      1.0722    -0.16553    0.017574
    -0.32242      1.2917     0.25604    0.030449
    -0.32242      1.2917     0.25604    0.030449
    -0.27721      1.2138    0.059706    0.031174
     -0.2625      1.0192    -0.24438   0.0094379
     -0.2625      1.0192    -0.24438   0.0094379
     -0.2625      1.0192    -0.24438   0.0094379
   -0.098879     0.98027    -0.24883   0.0058199
    -0.33053     0.91963    -0.25348   0.0048095
   -0.078898     0.67518     0.12929    0.007717
   -0.078898     0.67518     0.12929    0.007717
   -0.078898     0.67518     0.12929    0.007717
   -0.078898     0.67518     0.12929    0.007717
    0.094381     0.76488    -0.05622   0.0058074
     0.11429     0.82335    -0.13698   0.0051446
    0.050535     0.55974     0.48145   0.0098998
     0.17681     0.47804     0.67507    0.011607
     0.10939     0.41806      1.1172    0.013896
     0.22859     0.32198      1.2934    0.016008
      0.3712     0.62027  -0.0073365   0.0065085
      0.3712     0.62027  -0.0073365   0.0065085
     0.52772     0.77023    -0.28338   0.0050292
     0.77359     0.87532    -0.18451    0.015714
     0.76416     0.97118   -0.069666    0.016255
     0.48387     0.68822    -0.22284   0.0040368
     0.53392     0.48771    -0.11639   0.0061005
     0.53392     0.48771    -0.11639   0.0061005
     0.25084     0.68339    0.014329    0.006353
     0.13699     0.77323   -0.078562   0.0066192
   -0.027602      0.7716   -0.072131   0.0062918
   -0.027602      0.7716   -0.072131   0.0062918
   -0.027602      0.7716   -0.072131   0.0062918
   -0.027602      0.7716   -0.072131   0.0062918
   -0.027602      0.7716   -0.072131   0.0062918
    -0.14464     0.67567    0.093175   0.0074141
     0.10061     0.91791    -0.22619     0.00564
     0.10061     0.91791    -0.22619     0.00564
     0.33507     0.69147   -0.079596   0.0062325
    0.084161     0.89692    -0.21704   0.0049238
    -0.14533      0.9165    -0.22584   0.0055132
   -0.092209     0.90614    -0.22311   0.0050189
     0.19726       1.067    -0.22715    0.010462
     0.19726       1.067    -0.22715    0.010462
   -0.072743     0.84584    -0.17752   0.0048942
     0.11865     0.64428     0.18914   0.0085986
    -0.18113      0.7636   -0.080412   0.0067822
    -0.20881       0.585     0.26099   0.0089757
  -0.0062049     0.69814    0.080231   0.0072805
    -0.23849     0.94627    -0.23955   0.0067251
    -0.17097     0.88289    -0.20186   0.0056008
    -0.35709      1.1294    -0.10666    0.018746
    -0.44662      1.0282    -0.22025    0.013006
    -0.22473     0.74613   -0.077366   0.0058039
    -0.22473     0.74613   -0.077366   0.0058039
    -0.22473     0.74613   -0.077366   0.0058039
    -0.29901     0.97543    -0.24913   0.0076595
    -0.54043     0.79218    -0.28898   0.0053027
    -0.28478     0.71999   -0.074117   0.0062387
    -0.29663     0.46137     0.47873   0.0096777
    -0.14088     0.43564     0.96026    0.013386
    -0.14088     0.43564     0.96026    0.013386
    -0.43758     0.38345     0.30758   0.0079803
    -0.43758     0.38345     0.30758   0.0079803
    -0.60165     0.32948      1.0192    0.023764
    -0.65101     0.57881    -0.35659   0.0033048
    -0.41714     0.83694    -0.25528   0.0061599
    -0.34727     0.98361    -0.24185   0.0083328
    -0.34727     0.98361    -0.24185   0.0083328
    -0.34727     0.98361    -0.24185   0.0083328
    -0.17906      1.2597     0.12505    0.026177
   -0.084484      1.3282     0.26715    0.032404
   -0.084484      1.3282     0.26715    0.032404
   -0.084484      1.3282     0.26715    0.032404
     0.17961      1.2884     0.19334    0.035305
   -0.053035      1.2672     0.10226    0.022592
    -0.32168      1.2201    0.026814    0.020071
    -0.25669       1.349     0.41031    0.041107
    -0.14778      1.0696    -0.21405    0.010623
   -0.094806     0.79215   -0.091081    0.005927
     0.13493     0.56275     0.41252   0.0091599
     0.43024     0.82981    -0.26103   0.0041559
     0.57398      1.1069    0.020004    0.019413
     0.57398      1.1069    0.020004    0.019413
     0.57398      1.1069    0.020004    0.019413
     0.46661      1.3509     0.65465     0.04241
     0.46661      1.3509     0.65465     0.04241
     0.46661      1.3509     0.65465     0.04241
     0.46661      1.3509     0.65465     0.04241
     0.46661      1.3509     0.65465     0.04241
     0.29851      1.2871     0.27726    0.036615
     0.29851      1.2871     0.27726    0.036615
     0.55602      1.3733     0.90376    0.055027
     0.66768      1.1625     0.41637    0.043899
     0.74569     0.88509    -0.18505    0.012922
     0.68475      1.0005   -0.073793    0.023494
     0.62863      1.1411     0.24818    0.034395
     0.70553       1.093     0.19053    0.028279
     0.73933     0.90931    -0.17013    0.015622
     0.93247     0.63657    -0.37144   0.0053606
     0.98307     0.92156     0.38719    0.037453
     0.83163      1.1283     0.66026    0.046742
     0.83163      1.1283     0.66026    0.046742
     0.76242      0.9588   -0.078371    0.015361
     0.76242      0.9588   -0.078371    0.015361
     0.85869      1.1921      1.1149    0.088035
     0.87854     0.99009      0.2801    0.032054
     0.81348      1.0969     0.45789    0.038308
     0.81348      1.0969     0.45789    0.038308
     0.87855      1.1452     0.88524     0.04639
      1.0308     0.93523     0.58441    0.036543
      1.0308     0.93523     0.58441    0.036543
     0.77926      1.0165    0.093584    0.023307
     0.77926      1.0165    0.093584    0.023307
     0.48866      1.0593    -0.12452    0.017732
     0.48866      1.0593    -0.12452    0.017732
     0.34372      1.0758    -0.14879    0.016419
     0.34372      1.0758    -0.14879    0.016419
     0.17149       1.046    -0.21477    0.011069
     0.25731     0.76737    -0.12208   0.0059453
  -0.0073327     0.67931     0.13335   0.0081594
    -0.22024     0.58199     0.28777    0.009423
    0.045072     0.87925    -0.19608    0.005369
    0.045072     0.87925    -0.19608    0.005369
     0.30013      0.7023   -0.062055   0.0056004
     0.43812     0.68904    -0.17154   0.0049457
     0.43812     0.68904    -0.17154   0.0049457
     0.32023     0.86697    -0.23675   0.0051226
     0.49279     0.88321    -0.26903   0.0074456
     0.59086     0.89291    -0.26444   0.0091033
     0.59086     0.89291    -0.26444   0.0091033
     0.59086     0.89291    -0.26444   0.0091033
     0.59909     0.73584    -0.32967   0.0041271
     0.51922     0.70047    -0.25429   0.0039462
     0.76382     0.54343    -0.38754    0.003943
     0.79593      0.6692    -0.42606   0.0039364
     0.74967     0.53647    -0.37616   0.0045912
     0.70272     0.54229    -0.37066   0.0044123
     0.82869     0.57848    -0.42982   0.0032168
      1.0509     0.78616     0.14272    0.021841
      1.0509     0.78616     0.14272    0.021841
       1.022     0.87755     0.32712    0.026779
      1.0867     0.58078    -0.11199   0.0054182
      1.0867     0.58078    -0.11199   0.0054182
      1.0867     0.58078    -0.11199   0.0054182
      1.0867     0.58078    -0.11199   0.0054182
      1.0867     0.58078    -0.11199   0.0054182
      1.0867     0.58078    -0.11199   0.0054182
      1.0867     0.58078    -0.11199   0.0054182
      1.0867     0.58078    -0.11199   0.0054182
      1.1159     0.74347      0.2382    0.021561
      1.1159     0.74347      0.2382    0.021561
      1.1159     0.74347      0.2382    0.021561
      1.1159     0.74347      0.2382    0.021561
     0.97072     0.64734    -0.30844   0.0069363
     0.97382     0.52446     -0.2419    0.003808
     0.97382     0.52446     -0.2419    0.003808
     0.96692     0.59821    -0.32787   0.0049243
      1.0434     0.82163     0.21298    0.023469
     0.88438     0.60388    -0.41509    0.002883
      0.8323     0.60234    -0.43815   0.0031842
     0.57344     0.76709    -0.31596   0.0046363
     0.35563      1.0167    -0.22974    0.009609
     0.47474     0.72628    -0.23112   0.0042839
     0.44777     0.55215   -0.050599   0.0057716
     0.44777     0.55215   -0.050599   0.0057716
     0.44777     0.55215   -0.050599   0.0057716
     0.29056     0.84457    -0.21193   0.0049349
     0.29056     0.84457    -0.21193   0.0049349
     0.48448     0.94293    -0.25858    0.007168
     0.51151     0.64973    -0.21894   0.0036827
     0.54923     0.84842    -0.29266   0.0054807
       0.596     0.98115    -0.17097    0.012798
     0.49897      1.1493     0.03142    0.022275
     0.34488       1.063    -0.19818    0.012058
     0.50284     0.87179    -0.27807   0.0064336
     0.65836     0.80603    -0.32576    0.006215
     0.80765     0.76223    -0.32951   0.0091571
     0.80765     0.76223    -0.32951   0.0091571
     0.64685     0.53388    -0.32007   0.0046484
      0.6503     0.61179    -0.36834   0.0025781
     0.49776     0.60157    -0.16888   0.0044057
     0.78429     0.78716    -0.30817   0.0082488
     0.56525      1.0069    -0.14266    0.018796
     0.68799     0.91167    -0.20539    0.012044
     0.87107     0.76074    -0.29189    0.010566
      1.0092      1.0518      0.9422    0.050691
     0.93216      1.0999     0.86692    0.046989
     0.69302      1.2133     0.72856     0.05429
     0.91662      1.0802     0.70596    0.037825
     0.91662      1.0802     0.70596    0.037825
      1.0305     0.93833     0.63813    0.035065
      1.0305     0.93833     0.63813    0.035065
      1.0305     0.93833     0.63813    0.035065
      1.0305     0.93833     0.63813    0.035065
      1.0305     0.93833     0.63813    0.035065
     0.79572     0.66733    -0.43401   0.0033527
     0.98764     0.68967    -0.21914    0.010502
      1.0047     0.70479    -0.17267    0.011087
      1.0582     0.71823   -0.010547    0.015435
      1.0716     0.52577   -0.097877    0.004823
      1.0716     0.52577   -0.097877    0.004823
      1.0666     0.68088   -0.063433    0.011012
     0.78893     0.97937    0.034883    0.027279
     0.78893     0.97937    0.034883    0.027279
     0.76347      0.7301    -0.37718     0.00642
     0.83445     0.74951    -0.32732   0.0083758
      1.0097     0.54604    -0.22863   0.0043211
      1.0097     0.54604    -0.22863   0.0043211
      1.0097     0.54604    -0.22863   0.0043211
      1.0097     0.54604    -0.22863   0.0043211
      1.0097     0.54604    -0.22863   0.0043211
      1.0174     0.46984   -0.031361   0.0067044
      1.0174     0.46984   -0.031361   0.0067044
      1.0174     0.46984   -0.031361   0.0067044
     0.91315     0.59195    -0.39148   0.0033951
     0.96024     0.58792    -0.33745   0.0040903
     0.96024     0.58792    -0.33745   0.0040903
      1.1795     0.43939     0.33075   0.0071224
     0.97581     0.73253    -0.19555    0.010662
     0.80766     0.48901    -0.23855   0.0064898
     0.80766     0.48901    -0.23855   0.0064898
     0.80766     0.48901    -0.23855   0.0064898
      0.5752     0.59854    -0.28146    0.003807
     0.42362     0.58565   -0.037617   0.0062796
     0.23637     0.61837     0.16084   0.0070999
     0.23637     0.61837     0.16084   0.0070999
     0.21607     0.65013     0.10093    0.007851
     0.21607     0.65013     0.10093    0.007851
     0.37001     0.85805     -0.2403    0.005541
     0.52163     0.62272    -0.22433   0.0046623
     0.52163     0.62272    -0.22433   0.0046623
     0.51066     0.52914    -0.12709   0.0047765
     0.40116     0.36992     0.42464    0.010652
     0.68402     0.54581    -0.35879    0.004038
     0.68402     0.54581    -0.35879    0.004038
     0.80594     0.56551    -0.42204   0.0028776
     0.80594     0.56551    -0.42204   0.0028776
      0.6325      0.6617    -0.35542   0.0026008
     0.64227     0.69335    -0.35535    0.003511
     0.78942     0.67784     -0.4196   0.0037927
     0.90949      0.5867    -0.38689   0.0033175
     0.70861     0.45321    -0.12397   0.0098327
     0.70861     0.45321    -0.12397   0.0098327
     0.70861     0.45321    -0.12397   0.0098327
     0.71869     0.44112   -0.033242   0.0093396
     0.95104     0.70738    -0.27624   0.0091469
     0.95104     0.70738    -0.27624   0.0091469
      0.8024     0.89229   -0.089153    0.016516
      0.8024     0.89229   -0.089153    0.016516
     0.80046      1.1345     0.60619    0.045997
     0.80046      1.1345     0.60619    0.045997
     0.86088     0.92683    0.042925    0.020451
     0.83316      1.0585     0.38664    0.057835
     0.97023     0.98176     0.49473    0.035508
     0.67995     0.88392    -0.23303    0.012559
     0.67995     0.88392    -0.23303    0.012559
     0.62691     0.84085    -0.29792   0.0074142
     0.62691     0.84085    -0.29792   0.0074142
      0.4815     0.95033    -0.23873    0.015357
      0.4815     0.95033    -0.23873    0.015357
      0.4815     0.95033    -0.23873    0.015357
     0.27681     0.92841    -0.23329   0.0063724
     0.11462     0.71402    0.022403   0.0060022
     0.11462     0.71402    0.022403   0.0060022
     0.24716     0.46688     0.55866    0.010553
     0.12673     0.50853     0.61492    0.011649
     0.03236     0.28436      2.8803    0.042905
     0.31977     0.42118     0.50439    0.010409
     0.39915     0.40313     0.33144   0.0081429
     0.39915     0.40313     0.33144   0.0081429
     0.39915     0.40313     0.33144   0.0081429
     0.44189     0.66776    -0.15068   0.0044743
     0.19631     0.88449     -0.2175   0.0050892
     0.22138     0.84247    -0.19365   0.0051426
   -0.075271     0.72083    0.028689   0.0066576
   -0.075271     0.72083    0.028689   0.0066576
    -0.32067     0.65939  -0.0064811   0.0063068
     -0.6191     0.69347    -0.34306   0.0032779
    -0.65638     0.39505     0.27108    0.012766
    -0.92576     0.65464    -0.35996   0.0063633
     -0.6732     0.53277    -0.34543   0.0043977
     -0.6732     0.53277    -0.34543   0.0043977
    -0.57326     0.45307   -0.078428   0.0069548
    -0.58809     0.43921   -0.048987   0.0076381
    -0.41148     0.49653     0.10166   0.0062017
    -0.41148     0.49653     0.10166   0.0062017
    -0.41148     0.49653     0.10166   0.0062017
    -0.67212     0.76995    -0.34692   0.0047334
    -0.82435     0.49005    -0.24337   0.0070326
    -0.61541     0.53527    -0.29213   0.0048217
    -0.61541     0.53527    -0.29213   0.0048217
    -0.61541     0.53527    -0.29213   0.0048217
    -0.57284     0.73036    -0.30457    0.004215
    -0.72775     0.91454    -0.15631    0.015393
    -0.72775     0.91454    -0.15631    0.015393
    -0.72775     0.91454    -0.15631    0.015393
    -0.86696     0.71257    -0.36068   0.0076162
    -0.86696     0.71257    -0.36068   0.0076162
    -0.98169     0.48315    -0.11649   0.0064798
     -1.0897     0.66311  -0.0060984    0.013295
     -1.0897     0.66311  -0.0060984    0.013295
     -1.0897     0.66311  -0.0060984    0.013295
     -1.1336     0.88144     0.90381    0.035947
     -1.1336     0.88144     0.90381    0.035947
     -1.1336     0.88144     0.90381    0.035947
     -1.2554     0.60458      0.5272    0.014227
     -1.2554     0.60458      0.5272    0.014227
     -1.2554     0.60458      0.5272    0.014227
     -1.2554     0.60458      0.5272    0.014227
     -1.0887      0.7466       0.153    0.017471
    -0.89926      1.0117     0.36541    0.029626
    -0.89926      1.0117     0.36541    0.029626
     -1.0547     0.80721     0.24404    0.029832
     -1.0547     0.80721     0.24404    0.029832
     -1.0547     0.80721     0.24404    0.029832
     -1.0452     0.80269     0.16758     0.02326
     -1.0062     0.75909   -0.075843     0.01357
     -1.0062     0.75909   -0.075843     0.01357
    -0.81972     0.78217    -0.27053     0.01073
    -0.94202     0.80948   -0.064853    0.015448
    -0.94202     0.80948   -0.064853    0.015448
    -0.94202     0.80948   -0.064853    0.015448
    -0.87295     0.53867    -0.36417   0.0040574
     -1.1383     0.70366     0.22715    0.015704
     -1.1383     0.70366     0.22715    0.015704
     -1.1383     0.70366     0.22715    0.015704
     -1.1383     0.70366     0.22715    0.015704
     -1.1383     0.70366     0.22715    0.015704
    -0.88099     0.68615    -0.38307   0.0047435
    -0.88099     0.68615    -0.38307   0.0047435
    -0.88099     0.68615    -0.38307   0.0047435
    -0.89312     0.64427     -0.4017   0.0043618
    -0.89312     0.64427     -0.4017   0.0043618
    -0.89312     0.64427     -0.4017   0.0043618
     -1.0439     0.56647    -0.18584   0.0053613
     -1.0439     0.56647    -0.18584   0.0053613
     -1.0439     0.56647    -0.18584   0.0053613
     -1.0518     0.65302    -0.14136   0.0086741
     -1.0518     0.65302    -0.14136   0.0086741
    -0.75451     0.62877    -0.44067   0.0023565
    -0.56558     0.63746    -0.27827    0.003869
    -0.63769     0.55248    -0.32412    0.003613
    -0.62762     0.57582    -0.33042   0.0034312
    -0.74093     0.59844    -0.43022   0.0023411
    -0.98011     0.82144    0.021984    0.019025
    -0.98011     0.82144    0.021984    0.019025
    -0.98011     0.82144    0.021984    0.019025
    -0.71112     0.63993    -0.40985   0.0028141
    -0.68135     0.58401    -0.38926   0.0028047
    -0.42385     0.79632    -0.24015   0.0051605
    -0.71679     0.60272    -0.41741   0.0026112
    -0.58988     0.64272    -0.30836   0.0031055
    -0.58988     0.64272    -0.30836   0.0031055
    -0.58988     0.64272    -0.30836   0.0031055
    -0.82137     0.86163    -0.18144    0.011196
     -1.0965     0.63965   -0.022303    0.010014
     -1.2699     0.60437     0.56905    0.015215
     -1.2699     0.60437     0.56905    0.015215
     -1.2535     0.64971     0.61725    0.017507
     -1.2535     0.64971     0.61725    0.017507
     -1.0721     0.45619    0.092193   0.0069727
    -0.91591     0.62905    -0.38511    0.005219
    -0.91591     0.62905    -0.38511    0.005219
    -0.94234     0.71032    -0.28367   0.0093599
    -0.94234     0.71032    -0.28367   0.0093599
    -0.94234     0.71032    -0.28367   0.0093599
      -1.048     0.52373    -0.13652   0.0041731
      -1.048     0.52373    -0.13652   0.0041731
     -1.1989     0.38356     0.64515    0.013392
     -1.1989     0.38356     0.64515    0.013392
     -1.1989     0.38356     0.64515    0.013392
     -1.1989     0.38356     0.64515    0.013392
     -1.1989     0.38356     0.64515    0.013392
     -1.1989     0.38356     0.64515    0.013392
     -1.1989     0.38356     0.64515    0.013392
     -1.2438     0.64674     0.55152    0.015423
     -1.2438     0.64674     0.55152    0.015423
     -1.1252     0.90137     0.88528    0.032731
    -0.92177      1.0394      0.5922    0.039695
    -0.92177      1.0394      0.5922    0.039695
    -0.92177      1.0394      0.5922    0.039695
    -0.67135     0.94733     -0.1885    0.012601
    -0.38098     0.97517    -0.26146   0.0075233
    -0.62756      0.7683    -0.32759   0.0060375
       -0.81     0.60817    -0.44407   0.0028967
       -0.81     0.60817    -0.44407   0.0028967
       -0.81     0.60817    -0.44407   0.0028967
       -0.81     0.60817    -0.44407   0.0028967
       -0.81     0.60817    -0.44407   0.0028967
    -0.64796     0.56288    -0.34659   0.0036513
    -0.64796     0.56288    -0.34659   0.0036513
    -0.47552      0.4067     0.16089   0.0099431
      -0.556      0.5394    -0.21299   0.0045474
      -0.556      0.5394    -0.21299   0.0045474
    -0.33277     0.74404    -0.13514   0.0057205
    -0.32583     0.57244     0.13906   0.0074531
    -0.36524     0.72421    -0.13451   0.0046526
    -0.35595     0.60182    0.040962   0.0068064
    -0.47783     0.69226    -0.20998   0.0045527
    -0.67654     0.78304    -0.32865   0.0056206
    -0.49167      1.0772   -0.081694    0.021235
    -0.20101      1.3041     0.23404    0.035119
   -0.012554      1.0081    -0.24063   0.0076341
    -0.15122      1.2589     0.11593    0.032436
    -0.41201      1.1581   -0.015782    0.018315
    -0.65223       1.063    0.001943     0.02235
    -0.60528     0.76946    -0.32405   0.0053295
    -0.60928     0.53871    -0.28318   0.0039638
    -0.53503     0.62437    -0.24084   0.0042913
    -0.53503     0.62437    -0.24084   0.0042913
    -0.43108     0.65184    -0.12292   0.0053717
    -0.43108     0.65184    -0.12292   0.0053717
    -0.43108     0.65184    -0.12292   0.0053717
    -0.24214     0.78886    -0.13825   0.0056453
    -0.22052     0.92598    -0.24551   0.0051611
   -0.054822      1.1546   -0.098774    0.020597
   -0.024885     0.88253    -0.19339   0.0050248
     -0.1766     0.98964    -0.23001   0.0069244
    -0.38612      1.0224    -0.20853   0.0098445
    -0.26551      1.1575   -0.082348    0.020519
    -0.26551      1.1575   -0.082348    0.020519
    -0.23206     0.86413    -0.21132   0.0052599
    -0.32522      0.6798    -0.05166   0.0060765
    -0.62088     0.95518    -0.17778    0.013294
    -0.51859      1.0742   -0.095207    0.019654
     -0.6046     0.80928    -0.30524   0.0070578
    -0.71566     0.58081    -0.41202   0.0028274
    -0.88282     0.62591    -0.40986   0.0037043
    -0.63907     0.67196    -0.36188   0.0033234
    -0.70706     0.75487    -0.36239   0.0046538
    -0.60696      0.7428    -0.33298   0.0043981
    -0.74057     0.72261    -0.39271   0.0039334
    -0.44248      1.0164    -0.20813    0.011965
    -0.19096      0.9982    -0.26191   0.0069216
    -0.45546     0.87567    -0.27917   0.0054046
    -0.74488     0.86485    -0.21596    0.013322
    -0.59611     0.60589    -0.30658   0.0035049
    -0.34626     0.65848   -0.029217   0.0064203
    -0.64525     0.74383     -0.3497   0.0049766
    -0.69753     0.87505    -0.24249    0.010941
    -0.69753     0.87505    -0.24249    0.010941
     -0.9838     0.62095    -0.29671   0.0052478
     -0.9838     0.62095    -0.29671   0.0052478
     -1.1813     0.53037     0.17114   0.0066804
     -1.1813     0.53037     0.17114   0.0066804
     -1.1813     0.53037     0.17114   0.0066804
     -1.1474     0.33681     0.94425    0.021707
      -1.189     0.36262     0.79364    0.018005
      -1.189     0.36262     0.79364    0.018005
     -1.3682     0.47555     0.95818    0.011634
     -1.1645     0.33026      1.0693    0.022609
     -1.1645     0.33026      1.0693    0.022609
     -1.1645     0.33026      1.0693    0.022609
     -1.1645     0.33026      1.0693    0.022609
     -1.4308     0.41645      1.3913      0.0133
     -1.2695     0.37232     0.86809    0.017394
     -1.2807     0.38724     0.83466    0.015333
     -1.1849     0.31719      1.2731    0.025909
    -0.97159     0.51306    -0.21542   0.0044965
    -0.94691     0.78395    -0.14265    0.014385
    -0.83035     0.93766   -0.016968    0.018751
    -0.65701     0.82959    -0.30362   0.0064418
    -0.71941     0.57935    -0.41039    0.002642
    -0.51679     0.62184    -0.20115   0.0044428
    -0.47462     0.49257    -0.03358   0.0062393
    -0.35811     0.28797      1.0593     0.02267
    -0.35811     0.28797      1.0593     0.02267
    -0.37558     0.32951     0.64744    0.014663
    -0.37558     0.32951     0.64744    0.014663
    -0.15656     0.51814     0.57081    0.010601
    -0.15656     0.51814     0.57081    0.010601
     0.11376     0.63249       0.217   0.0077715
   -0.032945     0.73864   -0.010317   0.0063449
    -0.12182      0.5976     0.31627   0.0083416
    -0.33531     0.51025     0.25115   0.0079202
    -0.19123      0.6498     0.12731   0.0077318
     -0.3205     0.94001    -0.25603   0.0062106
    -0.60799     0.65291    -0.32905   0.0031308
    -0.56993     0.68234    -0.29947   0.0042911
    -0.77466     0.66573    -0.42929   0.0035144
    -0.88583      0.6756    -0.39212   0.0061153
    -0.73588     0.58282    -0.42341   0.0025301
    -0.78962     0.75841    -0.34583   0.0075335
    -0.78962     0.75841    -0.34583   0.0075335
    -0.78962     0.75841    -0.34583   0.0075335
    -0.50778     0.96284    -0.22926    0.010115
    -0.31396     0.91312    -0.25618   0.0051828
   -0.068824     0.61649     0.29271   0.0085776
    -0.15063     0.83901    -0.17174    0.004689
    -0.27064      1.0208    -0.23793   0.0083934
     -0.3132     0.76927    -0.15122   0.0052055
   -0.073113      1.0656    -0.22648    0.010081
   -0.073113      1.0656    -0.22648    0.010081
     0.14569      0.9368    -0.24362   0.0058537
      0.2365      1.0405    -0.24424   0.0087223
     0.39936     0.86136    -0.24872   0.0066011
     0.28406     0.83099    -0.20009   0.0051918
     0.18448      1.0643    -0.23028    0.011439
     0.20863       0.904    -0.23651   0.0047051
     0.14343     0.91242    -0.22499   0.0047924
    -0.11595     0.94566    -0.23771   0.0083703
    -0.29666     0.84906    -0.22143   0.0045668
    -0.49219      1.0351    -0.17538     0.01353
    -0.32832      0.8731    -0.24293   0.0055787
    -0.32832      0.8731    -0.24293   0.0055787
    -0.43431      1.1332    -0.06728    0.022898
    -0.21845     0.97294    -0.25517   0.0067101
    -0.21845     0.97294    -0.25517   0.0067101
    -0.44436     0.75319    -0.21917   0.0043967
    -0.29749     0.93367    -0.25198   0.0075859
   -0.064531      1.1552    -0.12662    0.016757
    -0.33269       1.061    -0.21475    0.011228
    -0.57671      1.1499     0.14897    0.026745
    -0.57671      1.1499     0.14897    0.026745
    -0.34363      1.2166     0.10637    0.027883
    -0.25753      1.1151    -0.17601    0.015268
    -0.25753      1.1151    -0.17601    0.015268
    -0.35693      1.1428   -0.059064    0.023156
   -0.072818     0.90859    -0.22305   0.0057709
   -0.072818     0.90859    -0.22305   0.0057709
    0.055147      1.1296    -0.18595    0.013403
    0.055147      1.1296    -0.18595    0.013403
    -0.16009      1.1991   -0.046643    0.022528
    -0.16009      1.1991   -0.046643    0.022528
   -0.046375       1.301     0.19261    0.042636
     0.14391       1.191   -0.092519    0.019203
      0.2513      1.0289     -0.2377    0.010047
      0.2513      1.0289     -0.2377    0.010047
       0.288     0.94325    -0.25055   0.0063533
    0.098787     0.99677    -0.24574   0.0082764
     0.21897      1.1171    -0.17607    0.017644
     0.26596      1.3793     0.54599    0.041288
      0.3161      1.3063     0.35063    0.033405
      0.3161      1.3063     0.35063    0.033405
    0.092487      1.4413     0.84319    0.056599
    -0.13116      1.1505    -0.14186    0.016184
    -0.10248      1.0129    -0.25116   0.0071166
     0.10116     0.83181    -0.15919    0.005944
   -0.018411     0.91752    -0.20669   0.0063954
    -0.15449     0.90161    -0.23155   0.0051178
    -0.15449     0.90161    -0.23155   0.0051178
    0.072288      1.1512    -0.14801    0.017635
    0.066659     0.87323    -0.19404   0.0049556
    -0.15705     0.86759    -0.19746   0.0052532
   -0.054458      1.0119    -0.25597   0.0059051
    -0.25148      1.0864     -0.1807    0.012804
    -0.20557      1.1762   -0.057392    0.021965
   -0.032253      1.0369    -0.25117   0.0077579
    -0.08732     0.74335    -0.01244   0.0066537
     0.19705     0.69297    0.035264   0.0064477
     0.14632     0.78763     -0.1041   0.0058671
     0.23864      0.6658    0.070097   0.0061215
     0.23864      0.6658    0.070097   0.0061215
    0.097966     0.89107    -0.20549    0.004905
    0.097966     0.89107    -0.20549    0.004905
    0.097966     0.89107    -0.20549    0.004905
     0.27087     0.73537   -0.081298   0.0055672
      0.3191     0.86098    -0.23782   0.0053187
     0.50584     0.73902    -0.25835   0.0042502
     0.50584     0.73902    -0.25835   0.0042502
     0.80483     0.70821    -0.39085   0.0054055
     0.67866     0.71369    -0.37808   0.0046055
     0.67866     0.71369    -0.37808   0.0046055
     0.67866     0.71369    -0.37808   0.0046055
     0.67866     0.71369    -0.37808   0.0046055
     0.67866     0.71369    -0.37808   0.0046055
     0.77777     0.76757    -0.33671   0.0079808
     0.57823     0.87907    -0.26962   0.0078643
     0.57823     0.87907    -0.26962   0.0078643
      0.8349     0.58979    -0.43589   0.0023859
     0.80896      0.8221    -0.24868    0.011767
     0.90822     0.77475    -0.20568    0.012956
     0.93103     0.89708     0.13006    0.025244
     0.75181     0.74177    -0.36995   0.0056004
      0.6962     0.83954    -0.28828   0.0092904
     0.78619     0.98297   0.0085468    0.020136
     0.57238      1.1755     0.20764    0.027811
     0.58041      0.8858    -0.28027   0.0070783
     0.65372      0.6695    -0.36937   0.0029628
     0.65372      0.6695    -0.36937   0.0029628
     0.74096     0.48236    -0.24821   0.0071027
     0.99802     0.71517    -0.17423    0.010985
      1.0126     0.47882   -0.069375   0.0064058
      1.2846     0.48997     0.54601   0.0091519
      1.1987      0.3807     0.65477    0.012552
     0.93244     0.33205     0.96242    0.022864
       1.048     0.32206      1.0704    0.023342
       1.048     0.32206      1.0704    0.023342
       1.048     0.32206      1.0704    0.023342
       1.048     0.32206      1.0704    0.023342
       1.112     0.38959     0.46101    0.012117
       1.112     0.38959     0.46101    0.012117
      1.1377      0.4037     0.41887    0.010964
      1.3495     0.47608      0.8568   0.0085654
      1.3495     0.47608      0.8568   0.0085654
      1.2537      0.2894      1.8502    0.035884
      1.2537      0.2894      1.8502    0.035884
      1.2537      0.2894      1.8502    0.035884
      1.4402     0.39061       1.523    0.012511
      1.4402     0.39061       1.523    0.012511
      1.4402     0.39061       1.523    0.012511
      1.3318     0.32905      1.4688    0.024456
      1.0405     0.24814      2.7035    0.056407
     0.97202     0.24038      2.9758    0.061849
     0.97202     0.24038      2.9758    0.061849
     0.97202     0.24038      2.9758    0.061849
     0.97202     0.24038      2.9758    0.061849
      1.1989     0.38107     0.64335     0.01565
      1.1989     0.38107     0.64335     0.01565
     0.93567     0.47475    -0.11428   0.0071634
     0.93567     0.47475    -0.11428   0.0071634
     0.93567     0.47475    -0.11428   0.0071634
     0.93567     0.47475    -0.11428   0.0071634
      1.0767     0.54238     -0.1063   0.0046833
      1.0767     0.54238     -0.1063   0.0046833
      1.2094     0.60122     0.29283    0.013321
      1.2094     0.60122     0.29283    0.013321
     0.92163       0.597    -0.38527   0.0039865
     0.93746      0.6784    -0.33402    0.006837
     0.66966     0.95301    -0.16288     0.01476
     0.48066     0.76954    -0.25496   0.0043974
     0.43792     0.76786    -0.22987    0.004823
     0.43792     0.76786    -0.22987    0.004823
     0.57722     0.74836    -0.31053   0.0038273
     0.58231     0.48226    -0.16784   0.0063804
     0.58231     0.48226    -0.16784   0.0063804
     0.58231     0.48226    -0.16784   0.0063804
      0.7123     0.77818    -0.34909   0.0058246
     0.93677     0.76699    -0.20977    0.010542
     0.80193     0.74726     -0.3437   0.0078442
     0.63989     0.87175    -0.27134   0.0093329
     0.63989     0.87175    -0.27134   0.0093329
     0.38408     0.91609    -0.25079     0.00569
     0.60106      1.1615     0.15763    0.029594
     0.60106      1.1615     0.15763    0.029594
     0.33713     0.90611    -0.25447   0.0058119
     0.33713     0.90611    -0.25447   0.0058119
      0.6144     0.78837    -0.32534    0.005408
     0.81691      0.8997    -0.11149    0.016008
     0.62902      1.0723    0.026455    0.025523
      0.5206     0.96992    -0.22713    0.010656
     0.69485     0.85685     -0.2771    0.010627
     0.87778     0.68615    -0.38457   0.0064076
     0.98654     0.64916    -0.28692   0.0065986
     0.81846     0.55798    -0.41522   0.0027503
     0.68234     0.48876    -0.25521      0.0073
     0.43794     0.56177    -0.03738   0.0056884
     0.69242     0.77954     -0.3444   0.0060613
     0.69242     0.77954     -0.3444   0.0060613
     0.77886     0.69963    -0.40099     0.00501
     0.68063     0.70369    -0.37192   0.0038034
     0.42233     0.77505    -0.21874   0.0043921
     0.30472     0.78988    -0.18273   0.0055479
    0.018556      0.7087    0.059035   0.0061444
   -0.088602      0.7497   -0.030227   0.0065109
  -0.0095541     0.69189     0.10327   0.0075743
  -0.0095541     0.69189     0.10327   0.0075743
    -0.10246     0.89016    -0.20579   0.0051391
      0.0952      1.0845    -0.21834    0.011471
   -0.020202      1.3037     0.16648    0.029339
    -0.16476      1.0411    -0.23747    0.010818
    -0.43682     0.82141    -0.25216   0.0052717
    -0.61633     0.84578    -0.28623   0.0085457
    -0.54853      0.6171    -0.25154   0.0042076
     -0.4268     0.85631    -0.25871   0.0052358
    -0.26583     0.87739    -0.21875   0.0051177
    -0.34585      1.0003    -0.25352    0.008394
    -0.34585      1.0003    -0.25352    0.008394
    -0.38287       0.779    -0.19489   0.0048452
    -0.64659      0.7859    -0.33032   0.0051053
    -0.52268     0.55986     -0.1732   0.0047865
     -0.4635     0.39395      0.2284    0.010136
    -0.22765      0.5229     0.45007    0.010197
    -0.26924     0.43551     0.60726   0.0095043
    -0.46715     0.73032     -0.2295    0.004458
    -0.46715     0.73032     -0.2295    0.004458
    -0.24118     0.92261    -0.24643   0.0053244
    -0.50013     0.78392    -0.26828   0.0049363
     -0.2039     0.73692   -0.047685    0.006207
    -0.12673     0.66297     0.14888   0.0075484
    -0.12673     0.66297     0.14888   0.0075484
     0.11655     0.78229   -0.096735   0.0056349
     0.15018     0.82794    -0.15369   0.0050628
     0.15018     0.82794    -0.15369   0.0050628
     0.37715      1.1156    -0.12251     0.01853
     0.23532     0.81937    -0.17442   0.0056656
     0.23532     0.81937    -0.17442   0.0056656
     0.23532     0.81937    -0.17442   0.0056656
    -0.01454     0.71442    0.043015   0.0061648
    -0.01454     0.71442    0.043015   0.0061648
    0.036711     0.78154   -0.072413   0.0063888
    0.036711     0.78154   -0.072413   0.0063888
     0.23241     0.73047   -0.055153   0.0060408
  -0.0011862     0.53089     0.60101    0.010622
  -0.0011862     0.53089     0.60101    0.010622
  -0.0011862     0.53089     0.60101    0.010622
  -0.0011862     0.53089     0.60101    0.010622
     0.12148     0.72978  -0.0039774   0.0058008
     0.12148     0.72978  -0.0039774   0.0058008
     0.40163     0.94835    -0.25039    0.010148
     0.46262      1.1117   -0.060854    0.019173
       0.432     0.83194    -0.25461   0.0048746
     0.68855     0.61131     -0.3996   0.0027321
     0.68855     0.61131     -0.3996   0.0027321
     0.63083     0.59813    -0.34851   0.0031333
     0.84339     0.76633     -0.3011   0.0082183
     0.71595     0.88404    -0.20915    0.012397
     0.66415     0.71028    -0.37529   0.0035587
     0.66415     0.71028    -0.37529   0.0035587
     0.40005     0.96432    -0.25451   0.0075344
     0.34057      1.0979     -0.1252    0.021094
     0.34057      1.0979     -0.1252    0.021094
    0.078649      1.3234     0.20695    0.031065
    0.078649      1.3234     0.20695    0.031065
   -0.020499      1.2227   -0.023296     0.01861
  -0.0019679     0.96494    -0.24946   0.0065724
     0.17576      1.0394     -0.2319   0.0086235
   -0.017889     0.74182   -0.013845   0.0066799
   -0.017595     0.80628    -0.11241   0.0054658
    -0.19537     0.76486   -0.086397   0.0050522
    -0.36522     0.79484    -0.20397   0.0046497
     -0.3798     0.61279 -0.00063828   0.0059444
    -0.10841     0.81727    -0.14046   0.0062275
    -0.10841     0.81727    -0.14046   0.0062275
    -0.19799     0.56813     0.30404    0.009246
    -0.19799     0.56813     0.30404    0.009246
    -0.21359     0.33606      1.3286    0.017307
      -0.438     0.41244     0.20916   0.0076482
      -0.438     0.41244     0.20916   0.0076482
      -0.438     0.41244     0.20916   0.0076482
      -0.438     0.41244     0.20916   0.0076482
    -0.27048     0.45444     0.55628   0.0094913
    -0.36773     0.69392    -0.10558   0.0052721
    -0.46243     0.96845    -0.22473    0.011735
    -0.28258      0.8083    -0.17782   0.0049564
    -0.56739     0.67048    -0.29762   0.0039385
    -0.55084     0.95376    -0.22882    0.011059
    -0.55084     0.95376    -0.22882    0.011059
    -0.81951      1.0041     0.16592    0.025432
     -1.1021     0.79277     0.32907    0.020243
     -1.1021     0.79277     0.32907    0.020243
    -0.90636     0.56261    -0.37416   0.0037912
      -1.058     0.63459    -0.15733   0.0096911
     -0.9483     0.89742     0.18472    0.025091
     -0.9483     0.89742     0.18472    0.025091
    -0.75719     0.79277    -0.31913   0.0071057
    -0.61425     0.81342     -0.3084   0.0065198
    -0.52151     0.88084    -0.26771   0.0076788
    -0.59394     0.77141    -0.31445   0.0050777
    -0.30981      0.9864    -0.24632   0.0082582
    -0.30981      0.9864    -0.24632   0.0082582
    -0.49168      1.2307     0.24551    0.037381
    -0.51834      1.2345     0.32816    0.038701
     -0.7098       1.065     0.11858    0.023716
    -0.78991      1.2983      1.2382    0.058484
    -0.78991      1.2983      1.2382    0.058484
    -0.84872      1.1729     0.86124    0.042742
     -1.1074      1.2347      2.6363    0.088944
     -1.1074      1.2347      2.6363    0.088944
     -1.1074      1.2347      2.6363    0.088944
     -1.1074      1.2347      2.6363    0.088944
     -0.8391      1.3804      1.9997    0.092257
     -0.8391      1.3804      1.9997    0.092257
     -1.1301      1.3013      3.5765     0.13586
    -0.85263      1.1571      0.7398    0.048284
    -0.85446     0.89725   -0.059496    0.017418
    -0.74678      1.0467     0.15951    0.028554
    -0.64761      1.2639     0.60636    0.043922
    -0.64761      1.2639     0.60636    0.043922
    -0.53769     0.98019    -0.20382    0.011984
    -0.53769     0.98019    -0.20382    0.011984
    -0.53769     0.98019    -0.20382    0.011984
    -0.53769     0.98019    -0.20382    0.011984
    -0.67332     0.94353    -0.18341       0.012
    -0.67332     0.94353    -0.18341       0.012
    -0.52496      1.0783   -0.089522    0.020406
    -0.32862      1.0963    -0.15157    0.014079
    -0.49648      1.2565     0.42147    0.039954
    -0.52137      1.2186     0.29459    0.035068
    -0.28472      1.0223    -0.24348   0.0091468
    -0.54239      1.1398    0.090766     0.02569
    -0.54239      1.1398    0.090766     0.02569
    -0.41654      1.0023    -0.22785    0.010103
    -0.41654      1.0023    -0.22785    0.010103
    -0.16532     0.75821   -0.066286   0.0064397
   -0.076754     0.98194    -0.24739   0.0076911
     0.15681     0.92434    -0.24136   0.0050207
     0.30384     0.85552    -0.21675   0.0048453
     0.27708      1.1056      -0.161    0.017906
