     ACCEPTANCE:
      0.82178
      0.82353
      0.82524
      0.82692
      0.82857
      0.83019
      0.83178
      0.83333
      0.82569
      0.82727
      0.82883
      0.83036
      0.83186
      0.83333
      0.83478
      0.82759
      0.82906
      0.83051
      0.83193
      0.83333
      0.82645
      0.82787
      0.82927
      0.82258
        0.824
       0.8254
       0.8189
      0.82031
      0.82171
      0.82308
      0.82443
      0.82576
      0.82707
      0.82836
      0.82963
      0.83088
      0.83212
      0.83333
      0.83453
      0.83571
      0.82979
      0.82394
      0.82517
      0.82639
      0.82759
      0.82192
      0.82313
      0.82432
       0.8255
      0.82667
      0.82119
      0.82237
      0.82353
      0.82468
      0.82581
      0.82692
      0.82803
      0.82911
      0.83019
      0.83125
       0.8323
      0.83333
      0.83436
      0.83537
      0.83636
      0.83735
      0.83832
      0.83929
      0.84024
      0.84118
      0.84211
      0.84302
      0.84393
      0.84483
      0.84571
      0.84659
      0.84746
      0.84831
      0.84916
         0.85
      0.85083
      0.84615
      0.84153
      0.84239
      0.84324
      0.84409
      0.84492
      0.84574
      0.84127
      0.84211
      0.84293
      0.83854
       0.8342
      0.83505
       0.8359
      0.83673
      0.83756
      0.83838
       0.8392
         0.84
       0.8408
      0.84158
      0.84236
      0.84314
       0.8439
      0.84466
      0.84541
      0.84615
      0.84689
      0.84762
      0.84834
      0.84906
      0.84977
      0.84579
      0.84186
      0.84259
      0.83871
      0.83945
      0.84018
      0.84091
      0.84163
      0.84234
      0.84305
      0.84375
      0.84444
      0.84513
      0.84581
      0.84649
      0.84716
      0.84783
      0.84416
      0.84483
      0.84549
      0.84615
      0.84681
      0.84746
       0.8481
      0.84874
      0.84937
         0.85
      0.84647
      0.84711
      0.84774
      0.84836
       0.8449
      0.84553
      0.84615
      0.84677
      0.84337
        0.844
      0.84462
      0.84524
       0.8419
      0.84252
      0.84314
      0.84375
      0.84436
      0.84496
      0.84556
      0.84615
      0.84674
      0.84733
      0.84791
       0.8447
      0.84151
      0.84211
       0.8427
      0.84328
      0.84387
      0.84074
      0.84133
      0.84191
      0.83883
      0.83942
         0.84
      0.83696
      0.83755
      0.83813
      0.83513
      0.83571
       0.8363
      0.83688
      0.83392
      0.83451
      0.83509
      0.83566
      0.83624
      0.83333
      0.83391
      0.83448
      0.83505
      0.83562
      0.83276
      0.82993
      0.83051
      0.83108
      0.83165
      0.83221
      0.83278
         0.83
      0.82724
      0.82781
      0.82838
      0.82895
      0.82951
      0.83007
      0.83062
      0.82792
      0.82524
      0.82258
      0.81994
      0.81731
      0.81789
      0.81529
      0.81587
      0.81646
      0.81388
      0.81447
      0.81505
      0.81563
       0.8162
      0.81677
      0.81424
      0.81173
      0.81231
      0.81288
      0.81346
      0.81098
      0.81155
      0.80909
      0.80967
      0.80723
      0.80781
      0.80539
      0.80597
      0.80655
      0.80415
      0.80178
      0.80236
      0.80294
      0.80352
      0.80409
      0.80466
      0.80233
          0.8
      0.80058
      0.80115
      0.79885
      0.79943
          0.8
      0.80057
      0.80114
       0.8017
      0.80226
      0.80282
      0.80337
      0.80392
      0.80447
      0.80501
      0.80556
      0.80609
      0.80387
      0.80441
      0.80495
      0.80274
      0.80055
      0.80109
      0.80163
      0.80217
       0.8027
      0.80323
      0.80108
      0.79893
      0.79679
      0.79467
      0.79521
      0.79576
       0.7963
      0.79683
      0.79474
      0.79528
      0.79581
      0.79634
      0.79688
       0.7974
      0.79793
      0.79845
      0.79897
      0.79949
          0.8
      0.80051
      0.80102
      0.79898
      0.79695
      0.79494
      0.79545
      0.79345
      0.79146
      0.79198
       0.7925
      0.79302
      0.79104
      0.79156
      0.79208
      0.79259
       0.7931
      0.79361
      0.79412
      0.79462
      0.79512
      0.79562
      0.79612
      0.79661
       0.7971
      0.79518
      0.79567
      0.79616
      0.79665
      0.79475
      0.79524
      0.79572
      0.79384
      0.79433
      0.79481
      0.79529
      0.79343
      0.79391
      0.79206
      0.79254
      0.79302
       0.7935
      0.79398
      0.79446
      0.79493
       0.7954
      0.79587
      0.79634
       0.7968
      0.79727
      0.79773
      0.79592
      0.79412
      0.79458
      0.79505
      0.79551
      0.79596
      0.79642
      0.79688
      0.79733
      0.79778
      0.79823
      0.79867
      0.79912
      0.79956
       0.7978
      0.79605
       0.7965
      0.79476
      0.79303
       0.7913
      0.79176
      0.79221
      0.79266
       0.7931
      0.79355
      0.79399
      0.79229
      0.79274
      0.79318
      0.79362
      0.79406
      0.79449
      0.79493
      0.79536
      0.79579
      0.79412
      0.79245
      0.79289
      0.79123
      0.79167
       0.7921
      0.79253
      0.79296
      0.79339
      0.79381
      0.79424
      0.79466
      0.79508
      0.79346
      0.79388
       0.7943
      0.79472
      0.79513
      0.79555
      0.79596
      0.79637
      0.79678
      0.79719
       0.7976
        0.798
       0.7984
       0.7988
      0.79722
      0.79563
      0.79406
      0.79249
       0.7929
      0.79331
      0.79371
      0.79412
      0.79452
      0.79297
      0.79337
      0.79377
      0.79223
      0.79264
      0.79304
      0.79344
      0.79191
      0.79038
      0.78887
      0.78736
      0.78776
      0.78626
      0.78476
      0.78517
      0.78558
      0.78409
       0.7845
      0.78491
      0.78531
      0.78383
      0.78236
      0.78277
      0.78318
      0.78358
      0.78212
      0.78253
      0.78108
      0.78148
      0.78189
      0.78229
      0.78269
      0.78125
      0.78165
      0.78022
      0.78062
      0.78102
      0.78142
      0.78182
      0.78221
      0.78261
        0.783
      0.78339
      0.78198
      0.78237
      0.78097
      0.78136
      0.78175
      0.78036
      0.78075
      0.78114
      0.78153
      0.78191
       0.7823
      0.78269
      0.78131
      0.78169
      0.78032
       0.7807
      0.77933
      0.77797
      0.77836
      0.77875
      0.77913
      0.77951
       0.7799
      0.78028
      0.78066
      0.78103
      0.78141
      0.78007
      0.78045
      0.78082
       0.7812
      0.78157
      0.78194
      0.78061
      0.77929
      0.77966
      0.78003
      0.78041
      0.77909
      0.77946
      0.77983
       0.7802
      0.77889
      0.77759
      0.77796
      0.77667
      0.77704
      0.77741
      0.77612
      0.77649
      0.77686
      0.77723
      0.77595
      0.77632
      0.77668
      0.77705
      0.77741
      0.77614
      0.77651
      0.77687
      0.77561
      0.77597
      0.77634
      0.77508
      0.77544
      0.77581
      0.77617
      0.77653
      0.77689
      0.77724
        0.776
      0.77636
      0.77671
      0.77707
      0.77742
      0.77778
      0.77813
      0.77848
      0.77725
       0.7776
      0.77795
       0.7783
      0.77708
      0.77743
      0.77778
      0.77812
      0.77691
       0.7757
      0.77605
      0.77484
      0.77519
      0.77554
      0.77589
      0.77623
      0.77658
      0.77538
      0.77573
      0.77607
      0.77642
      0.77676
       0.7771
      0.77744
      0.77626
      0.77508
      0.77542
      0.77576
       0.7761
      0.77644
      0.77677
      0.77711
      0.77594
      0.77628
      0.77661
      0.77695
      0.77728
      0.77761
      0.77645
      0.77679
      0.77712
      0.77596
       0.7763
      0.77515
        0.774
      0.77434
       0.7732
      0.77353
      0.77239
      0.77126
      0.77013
      0.77047
       0.7708
      0.76968
      0.77001
       0.7689
      0.76923
      0.76957
      0.76845
      0.76734
      0.76768
      0.76801
      0.76835
      0.76868
      0.76901
      0.76791
      0.76824
      0.76714
      0.76748
      0.76638
      0.76529
      0.76562
      0.76596
      0.76629
      0.76662
      0.76695
      0.76728
      0.76761
      0.76793
      0.76826
      0.76858
      0.76891
      0.76923
      0.76955
      0.76987
      0.77019
      0.77051
      0.77083
      0.76976
      0.77008
      0.76902
      0.76934
      0.76966
      0.76997
      0.77029
      0.76923
      0.76955
      0.76986
      0.77018
      0.76913
      0.76944
      0.76975
      0.77007
      0.77038
      0.77069
        0.771
      0.77131
      0.77162
      0.77193
      0.77224
      0.77254
      0.77285
      0.77315
      0.77346
      0.77376
      0.77406
      0.77437
      0.77467
      0.77497
      0.77394
      0.77424
      0.77454
      0.77483
      0.77381
      0.77411
      0.77441
       0.7747
      0.77368
      0.77267
      0.77297
      0.77195
      0.77094
      0.76993
      0.77023
      0.77053
      0.77083
      0.77113
      0.77143
      0.77173
      0.77202
      0.77232
      0.77261
       0.7729
       0.7732
      0.77349
      0.77249
      0.77279
      0.77179
      0.77209
       0.7711
      0.77139
      0.77168
      0.77197
      0.77226
      0.77255
      0.77284
      0.77313
      0.77342
       0.7737
      0.77399
      0.77427
      0.77456
      0.77358
      0.77261
       0.7729
      0.77318
      0.77347
      0.77375
      0.77403
      0.77431
       0.7746
      0.77488
      0.77516
      0.77543
      0.77571
      0.77599
      0.77627
      0.77654
      0.77682
      0.77586
      0.77614
      0.77641
      0.77669
      0.77696
      0.77723
      0.77751
      0.77778
      0.77805
      0.77832
      0.77859
      0.77886
      0.77913
      0.77818
      0.77845
      0.77872
      0.77899
      0.77925
      0.77952
      0.77978
      0.78005
      0.77911
      0.77938
      0.77964
       0.7799
      0.78017
      0.78043
       0.7795
      0.77976
      0.78002
       0.7791
      0.77936
      0.77962
      0.77988
      0.78014
       0.7804
      0.78066
      0.78092
      0.78118
      0.78143
      0.78052
      0.78077
      0.78103
      0.78129
      0.78154
       0.7818
      0.78205
      0.78231
      0.78256
      0.78281
      0.78306
      0.78331
      0.78241
      0.78266
      0.78291
      0.78316
      0.78341
      0.78366
      0.78391
      0.78301
      0.78326
      0.78351
      0.78375
        0.784
      0.78311
      0.78221
      0.78246
      0.78271
      0.78182
      0.78207
      0.78231
      0.78256
      0.78281
      0.78305
       0.7833
      0.78354
      0.78378
      0.78403
      0.78427
      0.78339
      0.78363
      0.78387
      0.78412
      0.78436
       0.7846
      0.78484
      0.78508
       0.7842
      0.78444
      0.78468
      0.78492
      0.78405
      0.78429
      0.78453
      0.78477
      0.78501
      0.78414
      0.78328
      0.78352
      0.78266
       0.7818
      0.78204
      0.78228
      0.78251
      0.78166
      0.78081
      0.77996
       0.7802
      0.78043
      0.78067
      0.77983
      0.78007
      0.77922
      0.77838
      0.77754
      0.77778
      0.77802
      0.77826
      0.77849
      0.77873
      0.77897
      0.77921
      0.77837
      0.77861
      0.77885
      0.77801
      0.77719
      0.77742
      0.77766
       0.7779
      0.77813
      0.77731
      0.77754
      0.77778
      0.77801
      0.77825
      0.77743
      0.77766
      0.77789
      0.77813
      0.77836
      0.77859
      0.77883
      0.77906
      0.77929
      0.77952
      0.77975
      0.77998
      0.78021
       0.7794
      0.77963
      0.77985
      0.78008
      0.78031
      0.78054
      0.78077
      0.78099
      0.78122
      0.78144
      0.78167
      0.78189
      0.78212
      0.78234
      0.78256
      0.78279
      0.78301
      0.78323
      0.78345
      0.78265
      0.78287
       0.7831
      0.78332
      0.78354
      0.78376
      0.78398
      0.78419
      0.78441
      0.78463
      0.78485
      0.78507
      0.78427
      0.78449
      0.78471
      0.78392
      0.78313
      0.78335
      0.78257
      0.78178
        0.781
      0.78022
      0.78044
      0.77966
      0.77988
       0.7791
      0.77833
      0.77756
      0.77679
      0.77701
      0.77624
      0.77547
       0.7747
      0.77493
      0.77416
       0.7734
      0.77362
      0.77384
      0.77407
      0.77429
      0.77451
      0.77473
      0.77495
      0.77517
      0.77539
      0.77463
      0.77485
      0.77507
      0.77529
      0.77551
      0.77573
      0.77595
      0.77616
      0.77638
       0.7766
      0.77585
      0.77606
      0.77628
      0.77649
      0.77671
      0.77596
      0.77618
      0.77543
      0.77565
      0.77586
      0.77608
      0.77629
      0.77555
      0.77576
      0.77598
      0.77619
       0.7764
      0.77662
      0.77683
      0.77704
      0.77725
      0.77652
      0.77673
      0.77694
      0.77715
      0.77736
      0.77757
      0.77684
      0.77705
      0.77726
      0.77746
      0.77767
      0.77788
      0.77809
       0.7783
      0.77757
      0.77778
      0.77705
      0.77726
      0.77747
      0.77767
      0.77788
      0.77809
      0.77829
       0.7785
      0.77778
      0.77798
      0.77726
      0.77655
      0.77583
      0.77604
      0.77532
      0.77553
      0.77574
      0.77594
      0.77615
      0.77635
      0.77656
      0.77585
      0.77605
      0.77534
      0.77555
      0.77575
      0.77596
      0.77616
      0.77545
