     ACCEPTANCE:
      0.63366
      0.63725
      0.64078
      0.64423
      0.64762
      0.65094
      0.65421
      0.65741
      0.65138
      0.65455
      0.65766
      0.66071
      0.66372
      0.66667
      0.66087
      0.65517
      0.65812
      0.66102
      0.65546
         0.65
      0.65289
      0.65574
      0.65041
      0.64516
         0.64
      0.64286
       0.6378
      0.64062
      0.64341
      0.64615
      0.64885
      0.65152
      0.65414
      0.65672
      0.65926
      0.65441
      0.65693
      0.65942
      0.66187
      0.66429
      0.65957
      0.65493
      0.65734
      0.65278
      0.65517
      0.65068
      0.65306
      0.64865
      0.65101
      0.65333
      0.64901
      0.64474
      0.64706
      0.64935
      0.65161
      0.65385
      0.64968
       0.6519
       0.6478
         0.65
      0.65217
      0.64815
      0.65031
      0.65244
      0.65455
      0.65663
      0.65868
      0.66071
       0.6568
      0.65882
      0.66082
      0.65698
      0.65896
      0.66092
      0.66286
      0.66477
      0.66667
      0.66854
       0.6648
      0.66667
      0.66298
      0.65934
      0.65574
      0.65761
      0.65946
      0.65591
      0.65775
      0.65957
      0.66138
      0.66316
      0.65969
      0.65625
      0.65285
      0.65464
      0.65128
      0.65306
      0.65482
      0.65657
      0.65829
         0.66
      0.66169
      0.66337
      0.66502
      0.66667
      0.66829
       0.6699
       0.6715
      0.67308
      0.67464
      0.67143
      0.67299
      0.66981
      0.67136
      0.66822
      0.66512
      0.66667
      0.66359
      0.66514
       0.6621
      0.65909
      0.66063
      0.66216
      0.65919
      0.65625
      0.65333
      0.65487
      0.65198
      0.65351
      0.65502
      0.65652
      0.65368
      0.65517
      0.65236
      0.65385
      0.65532
      0.65678
      0.65823
      0.65966
      0.66109
      0.65833
      0.65975
      0.66116
      0.66255
      0.66393
      0.66531
      0.66667
      0.66397
      0.66129
      0.65863
        0.656
      0.65737
      0.65476
      0.65217
      0.64961
      0.65098
      0.64844
      0.64981
      0.65116
      0.64865
      0.64615
      0.64751
      0.64504
      0.64639
      0.64394
      0.64151
      0.64286
      0.64045
      0.63806
      0.63941
      0.63704
      0.63838
      0.63603
       0.6337
      0.63504
      0.63636
      0.63406
      0.63177
      0.63309
      0.63082
      0.63214
      0.63345
      0.63475
      0.63251
       0.6338
      0.63509
      0.63636
      0.63763
      0.63542
      0.63668
      0.63793
      0.63918
      0.63699
      0.63481
      0.63265
       0.6339
      0.63514
      0.63636
      0.63758
       0.6388
         0.64
      0.63787
      0.63907
      0.64026
      0.63816
      0.63934
      0.63725
      0.63518
      0.63312
      0.63107
      0.62903
      0.62701
        0.625
       0.6262
       0.6242
       0.6254
      0.62658
      0.62776
      0.62579
      0.62696
      0.62813
      0.62617
      0.62422
      0.62229
      0.62346
      0.62462
      0.62577
      0.62691
        0.625
      0.62614
      0.62424
      0.62538
      0.62349
      0.62462
      0.62275
      0.62388
        0.625
      0.62315
      0.62426
      0.62242
      0.62353
      0.62463
      0.62573
      0.62391
      0.62209
      0.62029
      0.62139
      0.62248
      0.62356
      0.62464
      0.62571
      0.62393
        0.625
      0.62323
      0.62147
      0.61972
      0.62079
      0.62185
      0.62291
      0.62396
      0.62222
      0.62327
      0.62431
      0.62534
      0.62363
      0.62192
      0.62022
      0.61853
      0.61685
      0.61789
      0.61622
      0.61725
      0.61559
      0.61394
       0.6123
      0.61333
      0.61436
      0.61273
      0.61376
      0.61214
      0.61053
      0.60892
      0.60995
      0.60836
      0.60677
      0.60779
      0.60881
      0.60982
      0.61082
      0.61183
      0.61026
       0.6087
      0.60969
      0.60814
       0.6066
      0.60506
      0.60354
      0.60453
      0.60302
      0.60401
        0.605
      0.60599
      0.60448
      0.60546
      0.60644
      0.60494
      0.60591
      0.60442
      0.60539
      0.60636
      0.60488
      0.60584
       0.6068
      0.60775
       0.6087
      0.60723
      0.60817
      0.60911
      0.60766
      0.60621
      0.60714
      0.60808
      0.60664
      0.60757
      0.60613
      0.60706
      0.60563
      0.60656
      0.60514
      0.60606
      0.60698
      0.60789
       0.6088
       0.6097
       0.6106
       0.6092
      0.61009
       0.6087
      0.60959
      0.61048
      0.61136
      0.60998
       0.6086
      0.60722
      0.60811
      0.60899
      0.60987
      0.61074
      0.61161
      0.61247
      0.61333
      0.61419
      0.61504
      0.61589
      0.61674
      0.61758
      0.61842
      0.61926
       0.6179
      0.61656
      0.61522
      0.61605
      0.61472
      0.61555
      0.61638
       0.6172
      0.61588
      0.61456
      0.61538
       0.6162
      0.61702
      0.61783
      0.61864
      0.61945
      0.62025
      0.62105
      0.61975
      0.61845
      0.61925
      0.62004
      0.61875
      0.61954
      0.62033
      0.62112
       0.6219
      0.62268
      0.62346
      0.62423
        0.625
      0.62372
      0.62449
      0.62525
      0.62602
      0.62677
      0.62551
      0.62626
      0.62702
      0.62575
      0.62651
      0.62725
        0.628
      0.62675
      0.62749
      0.62624
        0.625
      0.62376
      0.62253
       0.6213
      0.62205
      0.62279
      0.62353
      0.62231
      0.62109
      0.61988
      0.62062
      0.61942
      0.62016
      0.62089
      0.62162
      0.62042
      0.61923
      0.61804
      0.61686
      0.61568
       0.6145
      0.61333
      0.61407
       0.6148
      0.61364
      0.61248
      0.61321
      0.61394
      0.61278
      0.61163
      0.61236
      0.61308
      0.61381
      0.61266
      0.61338
      0.61224
      0.61296
      0.61368
      0.61255
      0.61326
      0.61397
      0.61468
      0.61355
      0.61426
      0.61314
      0.61384
      0.61455
      0.61525
      0.61594
      0.61664
      0.61552
      0.61441
      0.61511
        0.614
       0.6147
      0.61538
      0.61429
      0.61497
      0.61388
      0.61456
      0.61525
      0.61593
      0.61661
      0.61552
       0.6162
      0.61511
      0.61579
      0.61471
      0.61364
      0.61431
      0.61498
      0.61565
      0.61458
      0.61525
      0.61592
      0.61485
      0.61552
      0.61446
       0.6134
      0.61407
      0.61473
      0.61538
      0.61604
       0.6167
      0.61565
       0.6163
      0.61525
      0.61421
      0.61486
      0.61383
      0.61448
      0.61513
      0.61577
      0.61474
      0.61371
      0.61436
      0.61333
      0.61398
      0.61462
       0.6136
      0.61424
      0.61322
      0.61221
       0.6112
      0.61184
      0.61084
      0.60984
      0.61047
      0.60948
      0.60848
      0.60912
      0.60813
      0.60714
      0.60778
       0.6068
      0.60582
      0.60484
      0.60386
       0.6045
      0.60353
      0.60417
       0.6032
      0.60224
      0.60287
       0.6035
      0.60254
      0.60317
       0.6038
      0.60285
       0.6019
      0.60252
      0.60315
       0.6022
      0.60126
      0.60031
      0.59937
          0.6
      0.60062
      0.59969
      0.60031
      0.59938
      0.59845
      0.59752
       0.5966
      0.59568
      0.59476
      0.59385
      0.59447
      0.59509
      0.59571
      0.59633
      0.59695
      0.59756
      0.59665
      0.59574
      0.59636
      0.59697
      0.59758
      0.59819
      0.59879
      0.59789
      0.59699
       0.5976
       0.5982
       0.5988
      0.59791
      0.59851
      0.59762
      0.59821
      0.59881
      0.59792
      0.59852
      0.59763
      0.59675
      0.59735
      0.59647
      0.59559
      0.59471
      0.59384
      0.59297
      0.59211
      0.59124
      0.59038
      0.59098
      0.59012
      0.59071
       0.5913
      0.59045
       0.5896
      0.59019
      0.59078
      0.59137
      0.59195
      0.59254
      0.59169
      0.59084
      0.59143
      0.59201
      0.59117
      0.59175
      0.59233
      0.59149
      0.59207
      0.59123
      0.59181
      0.59238
      0.59296
      0.59353
       0.5927
      0.59327
      0.59384
      0.59301
      0.59358
      0.59414
      0.59331
      0.59388
      0.59444
      0.59362
      0.59418
      0.59336
      0.59254
       0.5931
      0.59366
      0.59422
      0.59478
      0.59534
      0.59589
      0.59644
      0.59563
      0.59618
      0.59673
      0.59728
      0.59783
      0.59837
      0.59892
      0.59811
       0.5973
      0.59784
      0.59838
      0.59892
      0.59812
      0.59866
       0.5992
      0.59839
      0.59759
      0.59813
      0.59867
      0.59787
      0.59707
      0.59628
      0.59549
      0.59603
      0.59524
      0.59445
      0.59499
      0.59552
      0.59474
      0.59396
      0.59318
       0.5924
      0.59162
      0.59085
      0.59008
      0.59061
      0.59115
      0.59038
      0.59091
      0.59144
      0.59197
       0.5925
      0.59302
      0.59355
      0.59278
      0.59331
      0.59254
      0.59307
      0.59231
      0.59283
      0.59207
      0.59259
      0.59311
      0.59363
      0.59415
      0.59466
      0.59518
      0.59569
       0.5962
      0.59671
      0.59722
      0.59773
      0.59824
      0.59748
      0.59673
      0.59724
      0.59774
      0.59825
      0.59875
      0.59925
      0.59975
        0.599
      0.59826
      0.59876
      0.59926
      0.59851
      0.59901
      0.59951
          0.6
      0.60049
      0.60099
      0.60148
      0.60074
          0.6
      0.60049
      0.60098
      0.60147
      0.60073
      0.60122
      0.60171
      0.60219
      0.60267
      0.60194
      0.60121
      0.60169
      0.60218
      0.60145
      0.60193
      0.60241
      0.60168
      0.60216
      0.60144
      0.60192
       0.6012
      0.60167
      0.60215
      0.60263
      0.60191
      0.60238
      0.60285
      0.60333
      0.60261
      0.60308
      0.60355
      0.60402
      0.60449
      0.60495
      0.60542
      0.60588
      0.60635
      0.60681
      0.60727
      0.60773
      0.60819
      0.60864
      0.60793
      0.60723
      0.60768
      0.60698
      0.60743
      0.60789
      0.60834
      0.60764
      0.60809
      0.60855
      0.60784
      0.60829
      0.60875
       0.6092
       0.6085
      0.60894
      0.60939
       0.6087
        0.608
      0.60731
      0.60661
      0.60592
      0.60637
      0.60568
      0.60613
      0.60658
      0.60702
      0.60747
      0.60791
      0.60835
      0.60879
      0.60923
      0.60967
      0.61011
      0.60943
      0.60874
      0.60806
      0.60738
      0.60782
      0.60826
       0.6087
      0.60913
      0.60845
      0.60778
       0.6071
      0.60754
      0.60687
       0.6073
      0.60773
      0.60817
       0.6075
      0.60683
      0.60616
      0.60549
      0.60483
      0.60417
       0.6035
      0.60394
      0.60437
      0.60371
      0.60305
       0.6024
      0.60283
      0.60217
      0.60261
      0.60304
      0.60238
      0.60173
      0.60108
      0.60043
      0.59978
      0.59914
      0.59957
          0.6
      0.60043
      0.60086
      0.60129
      0.60171
      0.60214
       0.6015
      0.60085
      0.60021
      0.59957
          0.6
      0.60043
      0.60085
      0.60021
      0.60064
      0.60106
      0.60042
      0.60084
      0.60021
      0.60063
      0.60105
      0.60042
      0.60084
      0.60021
      0.59958
          0.6
      0.59937
      0.59979
      0.60021
      0.60063
          0.6
      0.60042
      0.60083
      0.60125
      0.60166
      0.60207
      0.60248
       0.6029
      0.60331
      0.60372
      0.60412
       0.6035
      0.60391
      0.60432
       0.6037
       0.6041
      0.60451
      0.60491
      0.60532
       0.6047
       0.6051
       0.6055
      0.60489
      0.60427
      0.60467
      0.60508
      0.60548
      0.60588
      0.60628
      0.60667
      0.60707
      0.60747
      0.60685
      0.60725
      0.60765
      0.60704
      0.60643
      0.60582
      0.60521
       0.6046
        0.605
       0.6044
      0.60479
      0.60419
      0.60458
      0.60498
      0.60437
      0.60377
      0.60317
      0.60357
      0.60297
      0.60336
      0.60277
      0.60316
      0.60355
      0.60394
      0.60433
      0.60472
      0.60511
       0.6055
      0.60588
      0.60627
      0.60665
      0.60606
      0.60547
      0.60585
      0.60624
      0.60662
        0.607
      0.60641
       0.6068
      0.60718
      0.60756
      0.60794
      0.60832
      0.60773
      0.60811
      0.60752
       0.6079
      0.60828
      0.60769
      0.60711
      0.60749
      0.60786
      0.60824
      0.60861
      0.60899
      0.60936
      0.60973
      0.60915
      0.60952
       0.6099
      0.60932
      0.60969
      0.61006
      0.60948
       0.6089
      0.60927
       0.6087
      0.60907
      0.60943
       0.6098
      0.61017
      0.61054
       0.6109
      0.61127
      0.61069
      0.61012
      0.61049
      0.61085
      0.61028
      0.60971
      0.60914
      0.60951
      0.60987
      0.61023
      0.61059
      0.61096
      0.61132
      0.61168
      0.61111
      0.61055
      0.60998
      0.60942
      0.60886
      0.60922
      0.60866
      0.60902
      0.60938
      0.60882
      0.60917
      0.60953
      0.60989
      0.60933
      0.60969
      0.61005
      0.60949
      0.60893
      0.60929
      0.60874
      0.60909
