     MU:      SIGMA:     E_MEASURED:    ERROR:
    -0.71247     0.71523    -0.38796   0.0045747
    -0.61136      1.0138    -0.13496    0.015684
    -0.44129      1.0541    -0.15126    0.014343
    -0.50831     0.85582     -0.2724   0.0065681
    -0.28328      0.7416   -0.092299   0.0057156
    -0.15522     0.97122    -0.24843   0.0058621
   -0.050708     0.94493    -0.23878    0.006157
     0.20007       1.026    -0.25873   0.0082949
     0.20007       1.026    -0.25873   0.0082949
     0.29974     0.80967    -0.19191   0.0048266
    0.025395      1.0891    -0.22325      0.0125
     0.11075      1.2754    0.074974     0.02554
   -0.029686      1.1264    -0.18376    0.015456
    0.026564     0.88709    -0.21607   0.0051569
    0.026564     0.88709    -0.21607   0.0051569
    0.026564     0.88709    -0.21607   0.0051569
    0.077346      1.1275    -0.19526    0.012716
     0.34687      1.0858     -0.1597    0.015014
     0.34687      1.0858     -0.1597    0.015014
     0.34687      1.0858     -0.1597    0.015014
      0.2148      1.1329    -0.17523    0.013987
     0.48485       1.139   -0.029964    0.020985
     0.48485       1.139   -0.029964    0.020985
     0.48485       1.139   -0.029964    0.020985
     0.48485       1.139   -0.029964    0.020985
     0.25438      1.2142  0.00033157    0.021071
     0.25438      1.2142  0.00033157    0.021071
     0.52503      1.0297    -0.15517     0.01459
      0.2872      1.1932    0.034949    0.026686
    0.045383       1.325     0.25805    0.034671
    0.051447      1.2547     0.10174    0.027912
     0.30194       1.096    -0.14959     0.01692
     0.20857      1.0211     -0.2462   0.0077018
     0.50012     0.86534    -0.26595   0.0067238
     0.74432     0.67541    -0.41459   0.0038171
     0.74432     0.67541    -0.41459   0.0038171
      0.9476     0.71379    -0.27923   0.0083096
     0.85923      0.8256    -0.17193    0.014555
     0.96297     0.73456    -0.18174    0.011999
     0.70724      1.0239    0.004255    0.021521
     0.70724      1.0239    0.004255    0.021521
     0.70724      1.0239    0.004255    0.021521
     0.56883      0.7929     -0.2982    0.006091
     0.56883      0.7929     -0.2982    0.006091
     0.60354     0.57531    -0.30589   0.0036125
     0.60354     0.57531    -0.30589   0.0036125
     0.52126     0.72935    -0.27694   0.0035819
     0.52126     0.72935    -0.27694   0.0035819
     0.60407     0.57673    -0.30728   0.0035881
     0.76893     0.57288    -0.42307   0.0026378
     0.76893     0.57288    -0.42307   0.0026378
     0.76893     0.57288    -0.42307   0.0026378
     0.85026     0.50781    -0.29862   0.0056441
     0.73417     0.79381    -0.30831   0.0093429
     0.74247     0.85254    -0.24928    0.012258
     0.53749     0.62291    -0.23891   0.0040803
     0.53749     0.62291    -0.23891   0.0040803
     0.78753     0.61985    -0.44571   0.0020827
     0.78753     0.61985    -0.44571   0.0020827
     0.64793     0.69652    -0.36458   0.0032144
     0.72607     0.69915    -0.39583   0.0042005
     0.72607     0.69915    -0.39583   0.0042005
     0.74314     0.83771    -0.27061    0.010835
     0.77655     0.59884    -0.44017   0.0022326
     0.57494     0.68543    -0.30717   0.0031461
     0.60025     0.80312    -0.31479   0.0054788
     0.44218     0.63731     -0.1257   0.0049552
     0.36723     0.80974    -0.21707     0.00556
     0.36723     0.80974    -0.21707     0.00556
     0.39406     0.75716    -0.18624       0.005
     0.32936     0.94962    -0.24303   0.0092394
     0.32936     0.94962    -0.24303   0.0092394
     0.49903     0.85304    -0.28571   0.0064309
     0.34253     0.95103    -0.26586   0.0065309
     0.40559     0.92779    -0.25356   0.0083904
     0.57921     0.67347    -0.31143   0.0038652
     0.62709     0.76036    -0.32849    0.004901
     0.50075     0.54617    -0.13351   0.0054326
     0.50075     0.54617    -0.13351   0.0054326
     0.74568     0.45529    -0.11436   0.0093199
     0.74568     0.45529    -0.11436   0.0093199
     0.74568     0.45529    -0.11436   0.0093199
     0.74568     0.45529    -0.11436   0.0093199
     0.91816     0.49759    -0.22419    0.005588
     0.65683     0.76671    -0.34467   0.0056987
     0.65683     0.76671    -0.34467   0.0056987
     0.49739     0.85262    -0.27645   0.0051847
     0.53217     0.76801     -0.2868   0.0040576
     0.61072     0.51344    -0.25151   0.0050674
     0.57293      0.5347    -0.23445   0.0045178
     0.57293      0.5347    -0.23445   0.0045178
     0.57293      0.5347    -0.23445   0.0045178
     0.57293      0.5347    -0.23445   0.0045178
     0.27634     0.60152     0.15497   0.0068871
     0.27634     0.60152     0.15497   0.0068871
    0.051673     0.77888   -0.065967   0.0066805
    0.095831     0.79318    -0.10954   0.0061735
      0.2265     0.79994    -0.14232   0.0052801
     0.37994     0.97818    -0.24699    0.010924
     0.50961     0.90505    -0.25828   0.0085693
     0.34615      1.2001    0.058431    0.030467
     0.44829      1.0061    -0.20278    0.012103
     0.55373      0.8697     -0.2925   0.0065187
     0.54541     0.82721    -0.28045   0.0063779
     0.79766     0.97185    0.084037    0.025186
     0.70338     0.91471    -0.19957    0.014077
     0.76977     0.94225   -0.040756    0.026122
     0.63995     0.82574    -0.30097   0.0060382
     0.74172     0.61757    -0.43172   0.0023402
     0.74172     0.61757    -0.43172   0.0023402
     0.78597     0.54088    -0.39032   0.0041513
     0.78597     0.54088    -0.39032   0.0041513
     0.79422     0.53605    -0.38302   0.0046079
     0.79422     0.53605    -0.38302   0.0046079
     0.79422     0.53605    -0.38302   0.0046079
     0.73964     0.56832     -0.4079   0.0028125
     0.73964     0.56832     -0.4079   0.0028125
     0.87185     0.61084    -0.42264   0.0030615
     0.87185     0.61084    -0.42264   0.0030615
     0.87185     0.61084    -0.42264   0.0030615
     0.96126     0.80235   -0.064639    0.017024
       1.002     0.68975    -0.20252    0.009448
       1.002     0.68975    -0.20252    0.009448
       1.002     0.68975    -0.20252    0.009448
       1.002     0.68975    -0.20252    0.009448
     0.71107     0.81382    -0.30981   0.0087194
     0.71107     0.81382    -0.30981   0.0087194
     0.54094     0.98249    -0.20611    0.012553
     0.71253      1.1322     0.40773    0.042749
     0.45514      1.0104     -0.2246    0.010686
     0.45514      1.0104     -0.2246    0.010686
     0.24921     0.78408    -0.13056   0.0058015
     0.24921     0.78408    -0.13056   0.0058015
     0.28212     0.85225    -0.20431   0.0048241
     0.46954     0.61779    -0.14883   0.0049107
     0.67073      0.8671    -0.24746    0.011956
     0.56271     0.63145    -0.28199    0.003605
     0.54307     0.84903    -0.28871   0.0052866
     0.48083     0.69291    -0.21823   0.0047125
     0.48083     0.69291    -0.21823   0.0047125
     0.35246     0.45934     0.31715   0.0071584
     0.17673     0.46437     0.74324    0.012979
     0.36635     0.57442     0.07045   0.0074449
     0.49407     0.69462     -0.2278   0.0043702
     0.60982     0.44903    -0.10368   0.0079835
     0.87279      0.4636    -0.11669   0.0090639
     0.87279      0.4636    -0.11669   0.0090639
     0.87279      0.4636    -0.11669   0.0090639
     0.87279      0.4636    -0.11669   0.0090639
     0.87279      0.4636    -0.11669   0.0090639
      1.0648     0.68883   -0.033951    0.013225
      1.0648     0.68883   -0.033951    0.013225
      1.0648     0.68883   -0.033951    0.013225
      1.0648     0.68883   -0.033951    0.013225
      1.2157     0.51922     0.30173   0.0077987
      1.2157     0.51922     0.30173   0.0077987
      1.1576     0.39483     0.48916    0.010808
      1.1454     0.41094     0.38738    0.010145
      1.1454     0.41094     0.38738    0.010145
      1.1454     0.41094     0.38738    0.010145
      0.8925     0.64067    -0.40657   0.0041884
      0.8925     0.64067    -0.40657   0.0041884
      0.6897      0.6042    -0.39708    0.002782
      0.6897      0.6042    -0.39708    0.002782
      0.6897      0.6042    -0.39708    0.002782
     0.91975     0.72376    -0.29483   0.0087096
     0.91975     0.72376    -0.29483   0.0087096
     0.91975     0.72376    -0.29483   0.0087096
     0.77648     0.83707    -0.24907    0.012772
     0.77648     0.83707    -0.24907    0.012772
     0.85432      0.7324    -0.34715   0.0068515
     0.85432      0.7324    -0.34715   0.0068515
     0.85432      0.7324    -0.34715   0.0068515
      0.7061     0.61803    -0.41345   0.0021917
     0.81363      0.7765    -0.31059    0.009242
     0.81363      0.7765    -0.31059    0.009242
     0.81363      0.7765    -0.31059    0.009242
     0.92659     0.76047    -0.19346    0.011921
     0.92659     0.76047    -0.19346    0.011921
     0.73275     0.97701   -0.041596    0.019232
     0.63051     0.96786     -0.1582     0.01474
     0.37095      1.0123    -0.22086   0.0099803
     0.37095      1.0123    -0.22086   0.0099803
     0.49406     0.86564    -0.27189   0.0062538
     0.66787     0.67268     -0.3761   0.0030619
     0.69876     0.94095    -0.16827    0.013896
     0.41715      0.9352    -0.25679   0.0088321
     0.41715      0.9352    -0.25679   0.0088321
     0.49945     0.89383    -0.25923   0.0090716
     0.35342      1.0369    -0.22291   0.0099964
     0.15895      1.0356    -0.23904   0.0098726
     0.15895      1.0356    -0.23904   0.0098726
     0.15895      1.0356    -0.23904   0.0098726
     0.15895      1.0356    -0.23904   0.0098726
     0.36748      1.0897    -0.13783      0.0157
     0.43541     0.99306    -0.24457   0.0089162
     0.17523      1.0339    -0.21481    0.011287
    0.098518     0.90465    -0.22692   0.0049322
    -0.16477     0.90777    -0.23334   0.0051469
     -0.3811      1.1583   -0.050353    0.019183
     -0.3811      1.1583   -0.050353    0.019183
    -0.20224      1.0007    -0.24737    0.008642
    -0.38674     0.90323    -0.25856   0.0058956
    -0.38674     0.90323    -0.25856   0.0058956
    -0.37036     0.97077    -0.25094   0.0093413
    -0.37036     0.97077    -0.25094   0.0093413
    -0.37036     0.97077    -0.25094   0.0093413
    -0.37036     0.97077    -0.25094   0.0093413
    -0.37036     0.97077    -0.25094   0.0093413
    -0.37036     0.97077    -0.25094   0.0093413
    -0.37036     0.97077    -0.25094   0.0093413
    -0.37036     0.97077    -0.25094   0.0093413
    -0.33772      1.1903   -0.014555     0.02197
    -0.33772      1.1903   -0.014555     0.02197
    -0.29252      1.1124    -0.12445    0.019362
     -0.2778     0.91777      -0.246   0.0060145
   -0.089083      1.0033    -0.24193   0.0086935
   -0.089083      1.0033    -0.24193   0.0086935
    0.074535     0.96438    -0.24779   0.0054781
    -0.15712     0.90374    -0.21773   0.0047782
    -0.15712     0.90374    -0.21773   0.0047782
    -0.15712     0.90374    -0.21773   0.0047782
    -0.15712     0.90374    -0.21773   0.0047782
    -0.26325     0.80199     -0.1668   0.0048738
   -0.089972     0.89168    -0.21638   0.0047391
    -0.07006     0.95016    -0.24183    0.005054
    -0.13382     0.68655    0.084582   0.0076057
    -0.13382     0.68655    0.084582   0.0076057
    -0.20123     0.62657      0.1682   0.0077808
    -0.20123     0.62657      0.1682   0.0077808
   -0.058629     0.92486    -0.23497   0.0048143
   -0.058629     0.92486    -0.23497   0.0048143
    0.097895      1.0748    -0.23656    0.010232
    0.097895      1.0748    -0.23656    0.010232
    0.088469      1.1707    -0.11804     0.02347
    -0.19182     0.88773    -0.22684   0.0048053
    -0.19182     0.88773    -0.22684   0.0048053
    -0.40593      0.7769    -0.20605    0.004896
    -0.40593      0.7769    -0.20605    0.004896
    -0.51978     0.86674    -0.28064   0.0059257
    -0.68438     0.86511     -0.2792    0.008452
    -0.90892     0.71494    -0.31309   0.0081471
    -0.90892     0.71494    -0.31309   0.0081471
    -0.90892     0.71494    -0.31309   0.0081471
    -0.90892     0.71494    -0.31309   0.0081471
      -1.026       0.619    -0.22645   0.0067452
    -0.78071     0.86125    -0.20094    0.011992
    -0.94437     0.70771     -0.2821   0.0088095
    -0.70991     0.48127     -0.2504   0.0070471
    -0.96082     0.68672    -0.28934   0.0082139
    -0.96082     0.68672    -0.28934   0.0082139
     -0.9077     0.67636    -0.35623   0.0072939
     -0.9077     0.67636    -0.35623   0.0072939
     -0.9077     0.67636    -0.35623   0.0072939
     -0.9077     0.67636    -0.35623   0.0072939
     -0.7163      0.4748    -0.21205   0.0075517
     -1.0161     0.59412    -0.25461   0.0052388
     -1.0438     0.41552     0.24823    0.010573
    -0.84116     0.52866    -0.35867   0.0051377
    -0.84116     0.52866    -0.35867   0.0051377
    -0.77365     0.46528    -0.16091   0.0083704
    -0.95977     0.71182    -0.25838    0.010124
     -1.0493     0.61055    -0.19231   0.0063386
     -1.0493     0.61055    -0.19231   0.0063386
     -1.0493     0.61055    -0.19231   0.0063386
     -1.0493     0.61055    -0.19231   0.0063386
     -1.0493     0.61055    -0.19231   0.0063386
     -1.0493     0.61055    -0.19231   0.0063386
    -0.79365     0.53836    -0.38432   0.0041734
    -0.79365     0.53836    -0.38432   0.0041734
     -0.6379     0.51262    -0.28755   0.0053632
     -0.6379     0.51262    -0.28755   0.0053632
     -0.6379     0.51262    -0.28755   0.0053632
     -0.6379     0.51262    -0.28755   0.0053632
    -0.80196     0.45866    -0.11872   0.0090281
    -0.85132     0.70798    -0.36392   0.0067678
    -0.85132     0.70798    -0.36392   0.0067678
    -0.78144     0.85464    -0.21602    0.010275
    -0.78144     0.85464    -0.21602    0.010275
    -0.78144     0.85464    -0.21602    0.010275
    -0.78144     0.85464    -0.21602    0.010275
    -0.68687     0.92314    -0.18471    0.015777
    -0.68687     0.92314    -0.18471    0.015777
    -0.68687     0.92314    -0.18471    0.015777
    -0.42277     0.88337    -0.25661   0.0050568
    -0.65542     0.86212    -0.27358    0.010163
    -0.92406     0.81502     -0.1007    0.016206
    -0.85908     0.94397    0.096975    0.022286
    -0.75017     0.66456    -0.42937   0.0024824
    -0.75017     0.66456    -0.42937   0.0024824
    -0.75017     0.66456    -0.42937   0.0024824
    -0.45486     0.93161     -0.2639   0.0078597
    -0.45486     0.93161     -0.2639   0.0078597
    -0.45486     0.93161     -0.2639   0.0078597
    -0.45486     0.93161     -0.2639   0.0078597
    -0.45486     0.93161     -0.2639   0.0078597
    -0.38913      1.0857    -0.15236    0.015502
    -0.38913      1.0857    -0.15236    0.015502
    -0.20183      1.0338    -0.26029    0.007694
    -0.11912      1.2076   -0.019345    0.020496
    -0.28723      1.1437   -0.096863    0.018194
    -0.28723      1.1437   -0.096863    0.018194
   -0.029714        1.23   -0.024236    0.020385
    0.081945      1.0191    -0.24485   0.0080627
    0.081945      1.0191    -0.24485   0.0080627
    0.021004      1.1345    -0.17817    0.015379
    0.021004      1.1345    -0.17817    0.015379
    0.097904      1.0864     -0.2099    0.011687
     0.13171     0.90275    -0.22464   0.0054453
     0.13171     0.90275    -0.22464   0.0054453
      0.1823      1.1877   -0.017843    0.024547
    0.030866      1.3945     0.64947    0.054613
     0.28494      1.3155     0.34053    0.039903
     0.21573       1.146    -0.15163    0.018108
     0.21573       1.146    -0.15163    0.018108
       0.312      1.3793     0.78481    0.075418
     0.33185      1.1772   -0.026679    0.022477
     0.33185      1.1772   -0.026679    0.022477
     0.33185      1.1772   -0.026679    0.022477
     0.39693      1.2255      0.1988     0.02967
     0.54912      1.0156    -0.14822    0.013566
     0.54912      1.0156    -0.14822    0.013566
     0.29764      1.0969      -0.169    0.013174
     0.29764      1.0969      -0.169    0.013174
   0.0070301      1.1397    -0.18179    0.014189
   0.0070301      1.1397    -0.18179    0.014189
     -0.1379      1.1561   -0.096003    0.021445
     -0.1379      1.1561   -0.096003    0.021445
    -0.31014      1.1263     -0.1174    0.015441
    -0.22431     0.84771    -0.19458   0.0051641
    -0.48896     0.75965    -0.24746   0.0043744
    -0.70187     0.66233    -0.40708   0.0023955
    -0.43655      0.9596    -0.24181   0.0096555
    -0.30055      0.7461    -0.12015   0.0054932
    -0.30055      0.7461    -0.12015   0.0054932
    -0.16256     0.73284   -0.027534   0.0055997
    -0.16256     0.73284   -0.027534   0.0055997
    -0.28044     0.91077    -0.25034   0.0049434
    -0.10789     0.92701    -0.23482   0.0052665
  -0.0098193     0.93671    -0.23603    0.005329
  -0.0098193     0.93671    -0.23603    0.005329
  -0.0098193     0.93671    -0.23603    0.005329
  -0.0098193     0.93671    -0.23603    0.005329
   -0.089688     0.90134    -0.21525   0.0048932
     0.15491      0.7443   -0.022433   0.0056338
     0.18702     0.87007    -0.21293   0.0045728
     0.14076     0.73734   -0.024022   0.0073077
    0.093813     0.74316   -0.018576    0.006297
     0.21978     0.77935    -0.13071   0.0052353
     0.44201     0.98703    -0.21866    0.013097
      0.4806       1.141  -0.0007144    0.021351
     0.45172      1.2324     0.20354    0.040369
     0.51634     0.93565    -0.24308   0.0089598
     0.56191     0.74442    -0.30942    0.004163
     0.80851     0.45604    -0.10396   0.0096622
     0.77558     0.72732     -0.3822   0.0063117
     0.59279     0.52899    -0.25914   0.0040567
     0.59279     0.52899    -0.25914   0.0040567
     0.59279     0.52899    -0.25914   0.0040567
     0.59279     0.52899    -0.25914   0.0040567
     0.62201     0.69169    -0.34344   0.0036058
     0.62201     0.69169    -0.34344   0.0036058
     0.68466     0.76401    -0.36294   0.0046344
     0.96705     0.57948    -0.32072   0.0039663
      0.8219     0.48334    -0.21618   0.0068671
      0.8219     0.48334    -0.21618   0.0068671
      0.8219     0.48334    -0.21618   0.0068671
       0.815      0.5571     -0.4064   0.0042249
     0.89145     0.78051    -0.23997    0.012821
     0.73246     0.56276    -0.40776   0.0030186
     0.68038     0.56123    -0.37223   0.0031108
     0.42152     0.72598    -0.18913   0.0051646
     0.20371     0.97557    -0.24921   0.0071145
     0.32282     0.68516   -0.047443    0.006377
     0.29584     0.51104     0.32987   0.0085059
     0.29584     0.51104     0.32987   0.0085059
     0.29584     0.51104     0.32987   0.0085059
     0.13864     0.80345    -0.12328    0.005055
     0.31834       1.079    -0.17418    0.012633
     0.31834       1.079    -0.17418    0.012633
     0.34536     0.78585    -0.18484   0.0046497
     0.38308     0.98454     -0.2512   0.0080749
     0.42986      1.1173   -0.080167    0.015033
     0.33283      1.2854     0.22257    0.029768
     0.17874      1.1991   -0.029474    0.021156
      0.3367      1.0079    -0.24137   0.0096646
     0.49222     0.94215     -0.2635   0.0089186
     0.64151     0.89835    -0.24143    0.011084
     0.64151     0.89835    -0.24143    0.011084
      0.4807     0.66999    -0.19967   0.0043899
     0.48416      0.7479    -0.24525   0.0043244
     0.33162     0.73768    -0.12778   0.0052976
     0.61814     0.92327    -0.23644    0.010113
     0.61814     0.92327    -0.23644    0.010113
     0.74088     0.82808    -0.27502    0.011487
     0.92397     0.67714    -0.34552   0.0068534
     0.92397     0.67714    -0.34552   0.0068534
     0.84694     0.72521    -0.36367   0.0069461
      0.6078     0.83862    -0.27771   0.0074466
     0.83139      0.7055     -0.3951   0.0059331
     0.83139      0.7055     -0.3951   0.0059331
     0.94527     0.56367    -0.34085   0.0034455
     0.94527     0.56367    -0.34085   0.0034455
     0.94527     0.56367    -0.34085   0.0034455
     0.94527     0.56367    -0.34085   0.0034455
     0.94527     0.56367    -0.34085   0.0034455
     0.94527     0.56367    -0.34085   0.0034455
      1.1372     0.58601    0.052251   0.0079842
      1.1542     0.60113      0.1096   0.0093068
      1.2078     0.61457     0.33352    0.015863
      1.2078     0.61457     0.33352    0.015863
      1.2078     0.61457     0.33352    0.015863
      1.2078     0.61457     0.33352    0.015863
     0.93013     0.91305     0.15302    0.026197
     0.93013     0.91305     0.15302    0.026197
     0.90467     0.66378     -0.3762   0.0061513
     0.97565      0.6832    -0.27941   0.0082588
      1.1509     0.47973     0.16456   0.0056975
      1.1509     0.47973     0.16456   0.0056975
      1.1509     0.47973     0.16456   0.0056975
      1.1509     0.47973     0.16456   0.0056975
      1.1509     0.47973     0.16456   0.0056975
      1.1509     0.47973     0.16456   0.0056975
      1.1509     0.47973     0.16456   0.0056975
      1.1509     0.47973     0.16456   0.0056975
      1.0466     0.60183     -0.1888   0.0068644
      1.0937      0.5978    -0.08419   0.0062212
      1.0937      0.5978    -0.08419   0.0062212
      1.0937      0.5978    -0.08419   0.0062212
     0.89007     0.89095   -0.021834    0.018811
     0.72193     0.64742    -0.41697   0.0024743
     0.72193     0.64742    -0.41697   0.0024743
     0.72193     0.64742    -0.41697   0.0024743
     0.48947     0.75696    -0.25294   0.0041569
     0.33789     0.74407    -0.13733    0.005587
     0.15064     0.77678   -0.088847     0.00622
     0.15064     0.77678   -0.088847     0.00622
     0.13033     0.80855    -0.13699    0.005798
     0.13033     0.80855    -0.13699    0.005798
     0.28428      1.0165     -0.2397   0.0080426
      0.4359     0.78114    -0.23646    0.005334
      0.4359     0.78114    -0.23646    0.005334
     0.42493     0.68756    -0.15393   0.0054418
     0.31543     0.52834     0.24781   0.0079916
     0.59829     0.70423    -0.33414   0.0039749
     0.59829     0.70423    -0.33414   0.0039749
     0.72021     0.72393    -0.37933   0.0042863
     0.72021     0.72393    -0.37933   0.0042863
     0.54677     0.82011    -0.29285   0.0060062
     0.55653     0.85177    -0.28278   0.0054152
     0.70369     0.83625    -0.29469    0.007718
     0.82376     0.74511    -0.32721   0.0083857
     0.62288     0.61163    -0.33452   0.0027821
     0.62288     0.61163    -0.33452   0.0027821
     0.62288     0.61163    -0.33452   0.0027821
     0.63296     0.59954    -0.35124    0.002927
     0.63296     0.59954    -0.35124    0.002927
     0.64322     0.76516    -0.33778   0.0047047
     0.49458     0.95007    -0.23296    0.009884
     0.49458     0.95007    -0.23296    0.009884
     0.49265      1.1923     0.17497    0.030822
     0.49265      1.1923     0.17497    0.030822
     0.55306     0.98461    -0.18426    0.014991
     0.52534      1.1163   2.493e-05    0.028246
     0.66241      1.0395   -0.029282    0.018613
     0.37214     0.94169    -0.24558   0.0082656
     0.37214     0.94169    -0.24558   0.0082656
     0.31909     0.89863    -0.25045   0.0055723
     0.31909     0.89863    -0.25045   0.0055723
     0.17369      1.0081    -0.25966   0.0078908
     0.17369      1.0081    -0.25966   0.0078908
     0.17369      1.0081    -0.25966   0.0078908
   -0.031009     0.98619    -0.23674    0.006528
     -0.1932      0.7718    -0.10569   0.0052369
    -0.28131     0.68116   -0.025721   0.0065657
    -0.28131     0.68116   -0.025721   0.0065657
    -0.40173     0.72281    -0.15993   0.0052923
     -0.4961     0.49864   -0.063071   0.0050244
     -0.4961     0.49864   -0.063071   0.0050244
    -0.41672     0.48059     0.12793   0.0064933
    -0.41672     0.48059     0.12793   0.0064933
    -0.41672     0.48059     0.12793   0.0064933
    -0.37398     0.74521    -0.16082   0.0052052
    -0.61956     0.96195    -0.15902    0.014711
    -0.59449     0.91993    -0.24347   0.0092257
    -0.89114     0.79829     -0.2072     0.01168
    -0.64102     0.54936    -0.32958   0.0037649
    -0.64102     0.54936    -0.32958   0.0037649
    -0.93945     0.58344    -0.35271   0.0039487
    -0.93945     0.58344    -0.35271   0.0039487
    -0.93945     0.58344    -0.35271   0.0039487
    -0.68689     0.46157    -0.17652   0.0085297
    -0.68689     0.46157    -0.17652   0.0085297
    -0.58696     0.38188     0.30876    0.015023
    -0.60178     0.36802     0.49052    0.017352
    -0.42518     0.42534     0.19615   0.0080747
    -0.42518     0.42534     0.19615   0.0080747
    -0.42518     0.42534     0.19615   0.0080747
    -0.68581     0.69876    -0.38356   0.0035478
    -0.68581     0.69876    -0.38356   0.0035478
    -0.47688     0.74397     -0.2396   0.0044226
    -0.55663     0.59942    -0.25518   0.0043702
    -0.55663     0.59942    -0.25518   0.0043702
    -0.51406     0.79451    -0.27352   0.0048207
    -0.51406     0.79451    -0.27352   0.0048207
    -0.51406     0.79451    -0.27352   0.0048207
    -0.51406     0.79451    -0.27352   0.0048207
    -0.65327     0.59254    -0.36686   0.0027702
    -0.65327     0.59254    -0.36686   0.0027702
    -0.65327     0.59254    -0.36686   0.0027702
    -0.76133      0.7725    -0.32104   0.0081068
    -0.76133      0.7725    -0.32104   0.0081068
    -0.76133      0.7725    -0.32104   0.0081068
    -0.80514     0.99083     0.11707    0.027849
    -0.80514     0.99083     0.11707    0.027849
    -0.80514     0.99083     0.11707    0.027849
    -0.92699     0.71397    -0.29517   0.0092105
    -0.92699     0.71397    -0.29517   0.0092105
    -0.92699     0.71397    -0.29517   0.0092105
    -0.92699     0.71397    -0.29517   0.0092105
    -0.92699     0.71397    -0.29517   0.0092105
    -0.73755     0.97903   -0.040329    0.020979
    -0.73755     0.97903   -0.040329    0.020979
    -0.89297     0.77459    -0.21205    0.012146
    -0.89297     0.77459    -0.21205    0.012146
    -0.89297     0.77459    -0.21205    0.012146
    -0.88344     0.77006    -0.26829   0.0097998
    -0.84452     0.72646    -0.36579   0.0062191
    -0.84452     0.72646    -0.36579   0.0062191
      -0.658     0.74955     -0.3516   0.0047041
     -0.7803     0.77685    -0.31796   0.0075751
     -0.7803     0.77685    -0.31796   0.0075751
     -0.7803     0.77685    -0.31796   0.0075751
    -0.71123     0.50604    -0.31179   0.0055995
    -0.97657     0.67103    -0.25508   0.0083374
    -0.97657     0.67103    -0.25508   0.0083374
    -0.97657     0.67103    -0.25508   0.0083374
    -0.97657     0.67103    -0.25508   0.0083374
    -0.97657     0.67103    -0.25508   0.0083374
    -0.71927     0.65353    -0.41525   0.0030448
    -0.94135     0.65467     -0.3468   0.0071065
    -0.94135     0.65467     -0.3468   0.0071065
    -0.95348     0.61279    -0.34786   0.0048237
    -0.95348     0.61279    -0.34786   0.0048237
    -0.95348     0.61279    -0.34786   0.0048237
    -0.95348     0.61279    -0.34786   0.0048237
    -0.95348     0.61279    -0.34786   0.0048237
    -0.95348     0.61279    -0.34786   0.0048237
    -0.95348     0.61279    -0.34786   0.0048237
    -0.95348     0.61279    -0.34786   0.0048237
    -0.65618     0.58853    -0.37007     0.00292
    -0.46725     0.59722    -0.11867   0.0052798
    -0.53936     0.51224    -0.15686   0.0049519
    -0.52929     0.53558    -0.17322   0.0049565
    -0.64259      0.5582    -0.33757   0.0040916
    -0.88178      0.7812    -0.25607    0.011031
    -0.88178      0.7812    -0.25607    0.011031
    -0.88178      0.7812    -0.25607    0.011031
    -0.61279     0.59969    -0.32061   0.0028498
    -0.58302     0.54377    -0.25538   0.0038969
    -0.32552     0.75608    -0.14018   0.0053554
    -0.61845     0.56248    -0.31185   0.0037434
    -0.49155     0.60249    -0.16097   0.0044036
    -0.49155     0.60249    -0.16097   0.0044036
    -0.49155     0.60249    -0.16097   0.0044036
    -0.72303     0.82139    -0.30574   0.0076368
    -0.99813     0.59941    -0.28859   0.0047572
     -1.1716     0.56413      0.1484   0.0093917
     -1.1716     0.56413      0.1484   0.0093917
     -1.1552     0.60947     0.14244    0.011405
     -1.1552     0.60947     0.14244    0.011405
    -0.97377     0.41595     0.21437    0.010472
    -0.81758     0.58881    -0.43606   0.0024807
    -0.81758     0.58881    -0.43606   0.0024807
      -0.844     0.67009    -0.41851   0.0042015
      -0.844     0.67009    -0.41851   0.0042015
      -0.844     0.67009    -0.41851   0.0042015
    -0.94972      0.4835     -0.1431   0.0072207
    -0.94972      0.4835     -0.1431   0.0072207
    -0.94972      0.4835     -0.1431   0.0072207
    -0.94972      0.4835     -0.1431   0.0072207
    -0.94972      0.4835     -0.1431   0.0072207
    -0.94972      0.4835     -0.1431   0.0072207
    -0.94972      0.4835     -0.1431   0.0072207
    -0.94972      0.4835     -0.1431   0.0072207
    -0.94972      0.4835     -0.1431   0.0072207
    -0.99454     0.74667    -0.10289    0.014066
    -0.99454     0.74667    -0.10289    0.014066
    -0.87594      1.0013     0.30746    0.031325
    -0.67254      1.1394      0.3015    0.033937
    -0.67254      1.1394      0.3015    0.033937
    -0.67254      1.1394      0.3015    0.033937
    -0.42212      1.0473    -0.20681    0.011171
    -0.13175      1.0751    -0.24519   0.0088824
    -0.37834     0.86823    -0.25982   0.0050212
    -0.56077      0.7081    -0.29737   0.0033687
    -0.63889     0.49603    -0.24023   0.0055322
    -0.63889     0.49603    -0.24023   0.0055322
    -0.63889     0.49603    -0.24023   0.0055322
     -0.8027     0.71183    -0.39299   0.0047144
    -0.64066     0.66654    -0.35813   0.0033621
    -0.64066     0.66654    -0.35813   0.0033621
    -0.46822     0.51036   -0.033046   0.0052876
     -0.5487     0.64306    -0.26302   0.0038465
     -0.5487     0.64306    -0.26302   0.0038465
    -0.32546      0.8477    -0.22762     0.00499
    -0.32546      0.8477    -0.22762     0.00499
    -0.36488     0.99947    -0.24362    0.010531
    -0.35559     0.87708    -0.23788   0.0059763
    -0.47747     0.96752    -0.23317   0.0099531
    -0.67618      1.0583    0.012414     0.02225
    -0.67618      1.0583    0.012414     0.02225
    -0.38552      1.2851     0.31801    0.040953
    -0.19706     0.98912    -0.24248   0.0084232
    -0.19706     0.98912    -0.24248   0.0084232
    -0.45785     0.88833    -0.25517   0.0076583
    -0.69807     0.79319    -0.33269   0.0061851
    -0.69807     0.79319    -0.33269   0.0061851
    -0.70208     0.56245    -0.38697   0.0036394
    -0.62783     0.64811    -0.35467   0.0029035
    -0.62783     0.64811    -0.35467   0.0029035
    -0.52388     0.67558    -0.25282   0.0046742
    -0.52388     0.67558    -0.25282   0.0046742
    -0.52388     0.67558    -0.25282   0.0046742
    -0.33493      0.8126    -0.20249   0.0042874
    -0.31332     0.94971    -0.25519   0.0064255
    -0.14762      1.1783   -0.051773    0.022788
    -0.11768     0.90627    -0.22183   0.0055489
     -0.2694      1.0134    -0.24245   0.0078173
    -0.47891      1.0461    -0.13865    0.015782
     -0.3583      1.1813  -0.0060929    0.021483
     -0.3583      1.1813  -0.0060929    0.021483
    -0.32485     0.88786    -0.24365   0.0051997
    -0.41802     0.70353    -0.16724   0.0055791
    -0.71368     0.97891    -0.05406    0.019224
    -0.61139      1.0979    0.046832    0.028338
    -0.69739     0.83302    -0.29966    0.007992
    -0.80846     0.60455    -0.44595    0.002286
    -0.80846     0.60455    -0.44595    0.002286
    -0.80846     0.60455    -0.44595    0.002286
    -0.87645     0.68746    -0.38427    0.006036
    -0.77634     0.67539    -0.42385   0.0034078
    -0.90996      0.6552    -0.38152    0.005013
    -0.90996      0.6552    -0.38152    0.005013
    -0.65844     0.63703    -0.38035   0.0025623
    -0.92294      0.5145      -0.264   0.0050723
    -0.92294      0.5145      -0.264   0.0050723
    -0.92294      0.5145      -0.264   0.0050723
     -0.6731     0.56709    -0.37291   0.0035116
    -0.97209     0.65245    -0.30815   0.0079487
    -0.97209     0.65245    -0.30815   0.0079487
    -0.97209     0.65245    -0.30815   0.0079487
    -0.97209     0.65245    -0.30815   0.0079487
    -0.97209     0.65245    -0.30815   0.0079487
     -1.1695     0.56187     0.13327   0.0079031
     -1.1695     0.56187     0.13327   0.0079031
     -1.1695     0.56187     0.13327   0.0079031
     -1.1357     0.36831     0.65703    0.017842
     -1.1773     0.39412      0.5303    0.012207
     -1.1773     0.39412      0.5303    0.012207
     -1.1773     0.39412      0.5303    0.012207
     -1.1773     0.39412      0.5303    0.012207
     -1.1773     0.39412      0.5303    0.012207
     -1.1773     0.39412      0.5303    0.012207
     -1.1773     0.39412      0.5303    0.012207
     -1.1773     0.39412      0.5303    0.012207
      -1.016     0.34999      0.7634    0.020264
     -1.0272     0.36491     0.63262    0.017888
     -1.0272     0.36491     0.63262    0.017888
    -0.81389     0.56078    -0.41286   0.0031303
    -0.78921     0.83167    -0.23979    0.013982
    -0.67264     0.98538    -0.11837    0.014896
    -0.49931     0.87731    -0.27609    0.006535
    -0.56171     0.62707    -0.26956   0.0031406
    -0.35909     0.66956   -0.046514   0.0052767
    -0.35909     0.66956   -0.046514   0.0052767
    -0.24257     0.46496     0.61229    0.010406
    -0.24257     0.46496     0.61229    0.010406
    -0.26004      0.5065     0.43019   0.0084973
    -0.26004      0.5065     0.43019   0.0084973
   -0.041027     0.69512    0.095774   0.0072839
   -0.041027     0.69512    0.095774   0.0072839
      0.2293     0.80948    -0.15229   0.0055668
    0.082592     0.91563     -0.2279   0.0057276
    -0.00628     0.77459   -0.060824   0.0052237
    -0.21977     0.68724    0.029422   0.0064546
   -0.075693     0.82679    -0.14348   0.0054452
    -0.20496       1.117    -0.18603    0.013884
    -0.49245      0.8299    -0.27262   0.0051325
    -0.45439     0.85933    -0.25805   0.0073874
    -0.65912     0.84272    -0.30624   0.0070296
    -0.77029     0.85258    -0.23534    0.010904
    -0.62035     0.75981    -0.33656   0.0039897
    -0.67408      0.9354    -0.18815    0.013408
    -0.67408      0.9354    -0.18815    0.013408
    -0.67408      0.9354    -0.18815    0.013408
    -0.39224      1.1398   -0.055854    0.021342
    -0.19843      1.0901    -0.19956    0.011705
    0.046713     0.79348   -0.083654   0.0060175
   -0.035091       1.016      -0.235    0.010852
    -0.15511      1.1978   -0.026022    0.020688
    -0.19766     0.94626    -0.24079   0.0071273
    -0.19766     0.94626    -0.24079   0.0071273
    -0.19766     0.94626    -0.24079   0.0071273
     0.02114      0.8175    -0.12042   0.0057207
     0.11194     0.92124    -0.23226   0.0056212
     0.11194     0.92124    -0.23226   0.0056212
  -0.0033565     0.89087    -0.21048   0.0053709
    -0.10294      1.1242    -0.17582    0.014297
   -0.078788     0.96388    -0.24819   0.0058726
    -0.14399      0.9723    -0.24097   0.0087693
    -0.40336      1.0055    -0.22903    0.010206
    -0.58408     0.90894    -0.25575   0.0091261
    -0.58408     0.90894    -0.25575   0.0091261
    -0.58408     0.90894    -0.25575   0.0091261
    -0.38734     0.87237    -0.25918   0.0050888
    -0.49334      1.1325  -0.0038747    0.028836
    -0.27747     0.97221    -0.25509   0.0062874
    -0.27747     0.97221    -0.25509   0.0062874
    -0.50338     0.75246    -0.26436   0.0040298
    -0.35651     0.93294    -0.25466   0.0097196
    -0.12355      1.1545    -0.13048    0.015907
    -0.39171      1.0602    -0.19076    0.011865
    -0.39171      1.0602    -0.19076    0.011865
    -0.39171      1.0602    -0.19076    0.011865
    -0.15864       1.127    -0.15361    0.014068
   -0.072537      1.0255    -0.24241    0.013633
   -0.072537      1.0255    -0.24241    0.013633
    -0.17194      1.0532    -0.21987    0.010818
     0.11218     0.81897    -0.13881    0.005148
     0.11218     0.81897    -0.13881    0.005148
     0.24014        1.04     -0.2396    0.010349
     0.24014        1.04     -0.2396    0.010349
    0.024908      1.1095    -0.20192    0.014431
    0.024908      1.1095    -0.20192    0.014431
     0.13862      1.2114   -0.031249    0.020903
     0.32891      1.1014    -0.16541    0.015723
     0.43629     0.93929    -0.25065   0.0089917
     0.43629     0.93929    -0.25065   0.0089917
       0.473     0.85363    -0.27059   0.0054569
     0.28378     0.90716    -0.23572    0.006508
     0.40397      1.0275     -0.2149    0.013805
     0.40397      1.0275     -0.2149    0.013805
     0.45411     0.95452    -0.24162   0.0089351
     0.46151      1.0474    -0.15868     0.01416
      0.2379      1.1823   -0.047715    0.024083
    0.014251     0.89158    -0.20383   0.0041022
    0.042929     0.75404   -0.038871   0.0057492
     0.24657      0.5729     0.25664   0.0092926
       0.127     0.65861     0.14331     0.00792
  -0.0090836      0.6427     0.21233   0.0078483
    -0.22824     0.92574    -0.24805   0.0052269
  -0.0014559      1.1753    -0.12861    0.016485
  -0.0070845     0.89735    -0.21362   0.0053329
     -0.2308     0.89171    -0.22658   0.0051577
     -0.1282       1.036    -0.25569   0.0069715
     -0.1282       1.036    -0.25569   0.0069715
     -0.1282       1.036    -0.25569   0.0069715
    0.045119     0.89668    -0.21584   0.0052884
    0.045119     0.89668    -0.21584   0.0052884
     0.32949      0.8463    -0.23113   0.0048041
     0.27876     0.94097    -0.25099   0.0054426
     0.37108     0.81913    -0.21412   0.0052301
     0.37108     0.81913    -0.21412   0.0052301
     0.23041      1.0444    -0.23448   0.0088655
      0.1842     0.91129    -0.22127   0.0051009
      0.1842     0.91129    -0.22127   0.0051009
      0.3571      0.7556    -0.16581    0.004842
     0.40533      0.8812    -0.25989   0.0066109
     0.59208     0.75925      -0.318    0.004766
     0.59208     0.75925      -0.318    0.004766
     0.89106     0.72843    -0.31629    0.010934
     0.76489     0.73391    -0.37563   0.0060141
     0.76489     0.73391    -0.37563   0.0060141
     0.76489     0.73391    -0.37563   0.0060141
     0.76489     0.73391    -0.37563   0.0060141
     0.76489     0.73391    -0.37563   0.0060141
     0.76489     0.73391    -0.37563   0.0060141
     0.56535     0.84542     -0.2874    0.007124
     0.56535     0.84542     -0.2874    0.007124
     0.82202     0.55613    -0.41124   0.0032804
     0.79608     0.78845    -0.31041   0.0093547
     0.89534      0.7411    -0.29351    0.010555
     0.91815     0.86342  -0.0033987    0.019398
     0.73893     0.70811    -0.38945   0.0041169
     0.68332     0.80588    -0.31386   0.0081494
     0.77331     0.94931   -0.096436    0.016263
      0.5595      1.1419     0.09129    0.025956
     0.56753     0.85214    -0.29613   0.0058304
     0.64084     0.63584    -0.36334   0.0027242
     0.64084     0.63584    -0.36334   0.0027242
     0.64084     0.63584    -0.36334   0.0027242
     0.64084     0.63584    -0.36334   0.0027242
     0.64084     0.63584    -0.36334   0.0027242
     0.91275     0.64699    -0.38671    0.005013
     0.82688     0.53772     -0.3683   0.0040379
     0.56063     0.48906    -0.15345    0.004828
      0.6762     0.47908    -0.21877   0.0067414
      0.6762     0.47908    -0.21877   0.0067414
      0.6762     0.47908    -0.21877   0.0067414
      0.6762     0.47908    -0.21877   0.0067414
      0.7402      0.5466    -0.39716   0.0038725
      0.7402      0.5466    -0.39716   0.0038725
      0.7659     0.56072    -0.42027   0.0028091
     0.97769      0.6331    -0.30573   0.0062289
      1.0271     0.50132    -0.11511   0.0047146
      1.0271     0.50132    -0.11511   0.0047146
      1.0271     0.50132    -0.11511   0.0047146
      1.0271     0.50132    -0.11511   0.0047146
      1.0271     0.50132    -0.11511   0.0047146
      1.0271     0.50132    -0.11511   0.0047146
      1.0271     0.50132    -0.11511   0.0047146
      1.0271     0.50132    -0.11511   0.0047146
     0.73582     0.42041      0.1013    0.012571
     0.66736     0.41265     0.13092    0.011817
     0.66736     0.41265     0.13092    0.011817
     0.66736     0.41265     0.13092    0.011817
     0.66736     0.41265     0.13092    0.011817
     0.89428     0.55334     -0.3695   0.0036048
     0.89428     0.55334     -0.3695   0.0036048
     0.63101     0.64702    -0.35425   0.0030246
     0.83633     0.72427    -0.36399   0.0072252
     0.83633     0.72427    -0.36399   0.0072252
     0.83633     0.72427    -0.36399   0.0072252
     0.83633     0.72427    -0.36399   0.0072252
     0.83633     0.72427    -0.36399   0.0072252
     0.83633     0.72427    -0.36399   0.0072252
     0.83633     0.72427    -0.36399   0.0072252
     0.54854     0.72004    -0.28536   0.0037682
     0.56436     0.80144    -0.30605   0.0044005
     0.29657      1.0761    -0.19338    0.012928
     0.10756     0.89258      -0.211   0.0049542
    0.064829      0.8909    -0.20776    0.005199
    -0.16154     0.93868    -0.25092   0.0049915
   -0.022239     0.91918    -0.22167   0.0050623
   -0.022239     0.91918    -0.22167   0.0050623
   -0.022239     0.91918    -0.22167   0.0050623
   -0.022239     0.91918    -0.22167   0.0050623
   -0.022239     0.91918    -0.22167   0.0050623
     0.20223     0.90799    -0.23519   0.0047655
    0.067388     0.88826     -0.1984   0.0058163
   -0.094646      1.0127    -0.24343   0.0070557
   -0.094646      1.0127    -0.24343   0.0070557
    -0.35046      1.0571    -0.18808    0.013595
    -0.13348      1.3025     0.17552    0.028576
    -0.13348      1.3025     0.17552    0.028576
    -0.39741      1.0471    -0.17773    0.014334
    -0.39741      1.0471    -0.17773    0.014334
    -0.12014     0.92937     -0.2374   0.0056559
    0.082374      1.0407    -0.24732   0.0079482
    0.082374      1.0407    -0.24732   0.0079482
   -0.026041     0.93836    -0.24278     0.00511
   -0.026041     0.93836    -0.24278     0.00511
   -0.026041     0.93836    -0.24278     0.00511
    0.082714     0.90137    -0.21739    0.005399
    0.082714     0.90137    -0.21739    0.005399
   -0.053408     0.83214    -0.14959   0.0056792
     -0.2978     0.90515    -0.24707   0.0049193
   -0.043322      1.1229    -0.18114    0.013239
   -0.043322      1.1229    -0.18114    0.013239
     0.04312       1.043    -0.22964    0.010074
   -0.055112      1.0471    -0.24144   0.0076688
    -0.31341      1.1184    -0.11961     0.01822
    -0.43102      1.1333   -0.060185    0.019643
    -0.71719      1.0521     0.16533    0.032493
    -0.82435      1.0931     0.42945    0.037714
     -0.7453      1.0353     0.11012    0.023007
    -0.48788      0.7567    -0.24964    0.004532
    -0.58078     0.95498     -0.2149    0.010953
    -0.38312      1.1494   -0.012111    0.031125
    -0.38312      1.1494   -0.012111    0.031125
    -0.52768     0.88673      -0.267   0.0077388
    -0.79974     0.66703    -0.42546   0.0037457
    -0.79974     0.66703    -0.42546   0.0037457
    -0.73194     0.43835   -0.035706    0.010993
    -0.61021     0.67756    -0.33285   0.0030996
    -0.44924     0.69864    -0.18942   0.0055578
    -0.52926     0.82159    -0.29235   0.0050666
    -0.52926     0.82159    -0.29235   0.0050666
    -0.56628     0.60026    -0.26349    0.003459
    -0.82999     0.60716    -0.44125   0.0026126
    -0.82999     0.60716    -0.44125   0.0026126
    -0.82999     0.60716    -0.44125   0.0026126
    -0.59414     0.73611    -0.31882   0.0086037
    -0.63573     0.64871    -0.36112   0.0028504
    -0.83364     0.94352    0.011193    0.021862
    -0.68614     0.86175    -0.25566   0.0094972
    -0.46017       1.054    -0.17059    0.014855
    -0.71912     0.91535     -0.1874    0.010823
    -0.42289     0.86835    -0.26159   0.0058917
    -0.34571     0.79439    -0.19717   0.0046227
    -0.34571     0.79439    -0.19717   0.0046227
    -0.10244     0.91372    -0.23004   0.0052173
   -0.068808     0.95937     -0.2474   0.0048936
   -0.068808     0.95937     -0.2474   0.0048936
   -0.068808     0.95937     -0.2474   0.0048936
   -0.068808     0.95937     -0.2474   0.0048936
   -0.068808     0.95937     -0.2474   0.0048936
   -0.068808     0.95937     -0.2474   0.0048936
    -0.31867     0.85442    -0.22767   0.0050223
    -0.31867     0.85442    -0.22767   0.0050223
    -0.26741     0.92154    -0.23542   0.0069844
    -0.26741     0.92154    -0.23542   0.0069844
   -0.071716     0.87046    -0.18649   0.0049073
    -0.30531     0.67089   -0.003479   0.0050934
    -0.30531     0.67089   -0.003479   0.0050934
    -0.30531     0.67089   -0.003479   0.0050934
    -0.30531     0.67089   -0.003479   0.0050934
    -0.18265     0.86977    -0.20506   0.0054028
    -0.18265     0.86977    -0.20506   0.0054028
    0.097505      1.0883    -0.20996    0.012473
    0.097505      1.0883    -0.20996    0.012473
    0.066886     0.80857    -0.11597   0.0053812
     0.32344     0.58793     0.10457   0.0064789
      0.4504     0.43158     0.12234    0.006672
     0.39268      0.4184     0.29968   0.0083138
     0.60524     0.58661    -0.30994   0.0030782
      0.4778     0.70431    -0.22295   0.0044191
       0.426     0.53055    0.026997    0.006338
     0.22348     0.68449    0.038616   0.0073229
   -0.040619     0.93853     -0.2379   0.0063022
     -0.1001      1.0721    -0.19653    0.016143
     -0.1001      1.0721    -0.19653    0.016143
     -0.1001      1.0721    -0.19653    0.016143
     0.14152       1.213    0.028061    0.030515
    0.042376      1.1122    -0.20573   0.0089003
    0.060908     0.85451    -0.18384   0.0053905
     0.23864     0.92899    -0.24643   0.0067169
     0.23864     0.92899    -0.24643   0.0067169
     0.23893     0.99344    -0.24812   0.0080461
    0.061152     0.95203    -0.24402   0.0051647
    -0.10869     0.98201    -0.25976   0.0059459
    -0.12328     0.79996    -0.10964   0.0050614
     0.14811      1.0044    -0.24343   0.0073577
     0.14811      1.0044    -0.24343   0.0073577
    0.058533     0.75529   -0.040008   0.0063005
    0.058533     0.75529   -0.040008   0.0063005
     0.04294     0.52323     0.61406     0.01246
    -0.18147      0.5996     0.26394   0.0081869
    -0.18147      0.5996     0.26394   0.0081869
    -0.18147      0.5996     0.26394   0.0081869
    -0.27422     0.42795     0.62419    0.010329
    -0.10671     0.46995     0.81623    0.013712
    -0.20395     0.70944 -9.6226e-05    0.005529
    -0.29866     0.98396    -0.23967     0.01023
     -0.1188     0.82382      -0.141   0.0053245
    -0.40361     0.68599    -0.12753   0.0050579
    -0.38706     0.96928    -0.25733   0.0075221
    -0.38706     0.96928    -0.25733   0.0075221
    -0.65573      1.0196   -0.049598    0.019894
    -0.93828     0.80828   -0.084733    0.018245
    -0.93828     0.80828   -0.084733    0.018245
    -0.74259     0.57812    -0.41956    0.002617
    -0.89424      0.6501    -0.39725   0.0047695
    -0.89424      0.6501    -0.39725   0.0047695
    -0.89424      0.6501    -0.39725   0.0047695
    -0.70314     0.54545    -0.37958   0.0038276
    -0.70314     0.54545    -0.37958   0.0038276
     -0.6104     0.61286    -0.32693   0.0035808
    -0.68283     0.50343    -0.28573   0.0051023
     -0.3987     0.71843    -0.15754   0.0051514
    -0.43642     0.82531    -0.25855   0.0051692
    -0.61829      1.0696  5.4814e-05    0.026278
    -0.64495      1.0734    0.032959    0.021763
    -0.83641     0.90393   -0.037967    0.019358
    -0.83641     0.90393   -0.037967    0.019358
    -0.83641     0.90393   -0.037967    0.019358
    -0.89523     0.77859    -0.22483    0.012418
      -1.154     0.84036     0.76479    0.030535
      -1.154     0.84036     0.76479    0.030535
      -1.154     0.84036     0.76479    0.030535
      -1.154     0.84036     0.76479    0.030535
     -0.8856     0.98603     0.26468    0.029234
    -0.60386      1.1089    0.093131    0.029539
    -0.89484      1.0299     0.49678    0.039972
    -0.61739     0.88566    -0.26878   0.0099387
    -0.61922     0.62582    -0.34234   0.0031603
    -0.51154     0.77523     -0.2782   0.0049921
    -0.41237     0.99249     -0.2589   0.0078059
    -0.41237     0.99249     -0.2589   0.0078059
    -0.41237     0.99249     -0.2589   0.0078059
    -0.41237     0.99249     -0.2589   0.0078059
    -0.41237     0.99249     -0.2589   0.0078059
    -0.41237     0.99249     -0.2589   0.0078059
      -0.548     0.95583    -0.23597   0.0093511
      -0.548     0.95583    -0.23597   0.0093511
    -0.39964      1.0906    -0.15776    0.017725
     -0.2033      1.1087    -0.17529    0.013551
     -0.2033      1.1087    -0.17529    0.013551
    -0.22818      1.0708    -0.21707     0.01154
   0.0084655     0.87443    -0.19653   0.0042632
     -0.2492     0.99198    -0.24549   0.0098419
     -0.2492     0.99198    -0.24549   0.0098419
    -0.12336     0.85449    -0.18487   0.0042237
    -0.31744     0.97337    -0.23922   0.0095932
    -0.31744     0.97337    -0.23922   0.0095932
    -0.31744     0.97337    -0.23922   0.0095932
   -0.083875     0.91577    -0.22887   0.0048223
   -0.083875     0.91577    -0.22887   0.0048223
    -0.11064      1.1658    -0.11981    0.019789
