     MU:      SIGMA:     E_MEASURED:    ERROR:
    -0.83025     0.64419    -0.43616   0.0032254
    -0.72914     0.94275    -0.14111    0.014154
    -0.55908     0.98303    -0.18161    0.013613
     -0.6261     0.78478    -0.32365   0.0058299
    -0.40106     0.67056    -0.10368   0.0053539
      -0.273     0.90018    -0.23218   0.0050843
    -0.16849     0.87388      -0.209   0.0050839
     0.08229     0.95496     -0.2473   0.0059133
     0.08229     0.95496     -0.2473   0.0059133
     0.18196     0.73863   -0.045449   0.0058538
   -0.092388      1.0181    -0.25165    0.010053
  -0.0070313      1.2044   -0.099468    0.017803
    -0.14747      1.0554    -0.24786    0.011453
   -0.091219     0.81605    -0.12782   0.0050253
     -0.2998     0.70233   -0.061882   0.0057064
     -0.2998     0.70233   -0.061882   0.0057064
    -0.24902     0.94276    -0.24996   0.0073911
    0.020505     0.90109    -0.21859   0.0045056
    -0.18831       1.117    -0.17909    0.017516
    -0.18831       1.117    -0.17909    0.017516
    -0.18831       1.117    -0.17909    0.017516
    0.081734      1.1232    -0.19596    0.013034
   -0.018357      1.2381    0.034987    0.026592
   -0.018357      1.2381    0.034987    0.026592
     0.23623      1.2775     0.19164    0.032688
     0.23623      1.2775     0.19164    0.032688
     0.23623      1.2775     0.19164    0.032688
     0.50688       1.093   -0.057922    0.018131
     0.50688       1.093   -0.057922    0.018131
     0.26507      1.2248    0.063841    0.029931
     0.27113      1.1545   -0.056066    0.020374
     0.52163     0.99582    -0.17121    0.019481
     0.42825     0.92088    -0.26268   0.0072429
      0.7198     0.76511    -0.34335   0.0071451
       0.964     0.57518    -0.32568   0.0039097
     0.72169     0.85322    -0.25823    0.012364
     0.92497      0.8916    0.087062     0.02156
      0.8366      1.0034     0.20636     0.02193
     0.94034     0.91236     0.22149    0.023809
     0.94034     0.91236     0.22149    0.023809
     0.94034     0.91236     0.22149    0.023809
     0.94034     0.91236     0.22149    0.023809
     0.80194     0.68141    -0.40826   0.0058232
     0.80194     0.68141    -0.40826   0.0058232
     0.83664     0.46382    -0.12889   0.0094929
     0.83664     0.46382    -0.12889   0.0094929
     0.75437     0.61786    -0.43897   0.0021498
     0.75437     0.61786    -0.43897   0.0021498
     0.83718     0.46524    -0.12696    0.008518
       1.002     0.46139  -0.0056841   0.0064501
     0.80711     0.66336    -0.43246   0.0038354
     0.62274     0.53287    -0.28719   0.0042012
     0.70407     0.46781    -0.20145   0.0079191
     0.58798     0.75381     -0.3179    0.006055
     0.59628     0.81253    -0.30231   0.0060207
     0.59628     0.81253    -0.30231   0.0060207
     0.59628     0.81253    -0.30231   0.0060207
     0.59628     0.81253    -0.30231   0.0060207
     0.70935     0.59249    -0.41296   0.0027693
     0.56976     0.66916    -0.29892   0.0038149
      0.6479     0.67179    -0.36901   0.0026176
      0.8469     0.83512    -0.17137    0.015666
      0.8469     0.83512    -0.17137    0.015666
      0.8803     0.59625    -0.42116   0.0031422
      0.6787     0.68283    -0.38491    0.002775
      0.6787     0.68283    -0.38491    0.002775
     0.52063     0.51702    -0.14337   0.0047081
     0.44568     0.68945    -0.17494   0.0050217
     0.44568     0.68945    -0.17494   0.0050217
     0.47251     0.63687    -0.16196    0.004506
     0.40781     0.82933    -0.24556   0.0057302
     0.40781     0.82933    -0.24556   0.0057302
     0.57748     0.73274    -0.31473   0.0039654
     0.42098     0.83074    -0.26148   0.0049601
     0.48403      0.8075    -0.26835   0.0045793
     0.65765     0.55317      -0.351   0.0031916
     0.70553     0.64007    -0.41236   0.0024894
      0.5792     0.42588    0.031271   0.0089442
      0.5792     0.42588    0.031271   0.0089442
      0.5792     0.42588    0.031271   0.0089442
      0.5792     0.42588    0.031271   0.0089442
      0.5792     0.42588    0.031271   0.0089442
      0.5792     0.42588    0.031271   0.0089442
     0.75169     0.46818    -0.16577   0.0076022
     0.49035      0.7373    -0.24542   0.0043338
     0.49035      0.7373    -0.24542   0.0043338
     0.33091     0.82321    -0.21043   0.0051834
     0.36569      0.7386    -0.15607   0.0050663
     0.36569      0.7386    -0.15607   0.0050663
     0.32791     0.75985    -0.15272    0.004443
     0.32791     0.75985    -0.15272    0.004443
     0.32791     0.75985    -0.15272    0.004443
     0.58758     0.53123    -0.25106   0.0043143
     0.29099     0.59805     0.13999   0.0069423
     0.29099     0.59805     0.13999   0.0069423
    0.066329     0.77541   -0.063058   0.0066068
     0.11049     0.78972    -0.10894   0.0060134
     0.24116     0.79648    -0.14458   0.0049499
      0.3946     0.97471    -0.24711   0.0097948
     0.52427     0.90158     -0.2501   0.0094534
      0.3608      1.1966    0.042699    0.024261
     0.46294      1.0026    -0.19469    0.012958
     0.56838     0.86623    -0.29954   0.0063754
     0.56007     0.82374    -0.29233   0.0058584
     0.81231     0.96838    0.083729    0.023041
     0.71804     0.91124    -0.20585    0.010927
     0.78442     0.93878   -0.056689      0.0209
     0.65461     0.82227    -0.30787   0.0071621
     0.75638      0.6141    -0.43749   0.0022229
     0.75638      0.6141    -0.43749   0.0022229
     0.80063     0.53741    -0.38107   0.0043003
     0.80063     0.53741    -0.38107   0.0043003
     0.80887     0.53258    -0.37214   0.0047787
     0.80887     0.53258    -0.37214   0.0047787
     0.80887     0.53258    -0.37214   0.0047787
     0.75429     0.56485    -0.40743   0.0030546
     0.75429     0.56485    -0.40743   0.0030546
     0.88651     0.60738    -0.41653    0.003525
     0.88651     0.60738    -0.41653    0.003525
     0.88651     0.60738    -0.41653    0.003525
     0.97591     0.79888   -0.043017    0.015725
      1.0167     0.68628    -0.15948     0.01255
      1.0167     0.68628    -0.15948     0.01255
      1.0167     0.68628    -0.15948     0.01255
      1.0167     0.68628    -0.15948     0.01255
     0.72572     0.81035    -0.32455   0.0074252
     0.72572     0.81035    -0.32455   0.0074252
      0.5556     0.97902    -0.20816    0.012152
     0.72719      1.1288     0.40636     0.04045
     0.46979      1.0069    -0.22375    0.010502
     0.46979      1.0069    -0.22375    0.010502
     0.26386     0.78061    -0.13142   0.0063553
     0.26386     0.78061    -0.13142   0.0063553
     0.29677     0.84878    -0.21044   0.0045917
     0.48419     0.61432    -0.16733   0.0046282
     0.68538     0.86364    -0.23755    0.012306
     0.57737     0.62798    -0.29516   0.0038669
     0.55772     0.84556    -0.29659   0.0058405
     0.49548     0.68944    -0.22836   0.0047052
     0.49548     0.68944    -0.22836   0.0047052
     0.36711     0.45588     0.28059   0.0078828
     0.19139      0.4609     0.73271    0.011757
       0.381     0.57095    0.057758   0.0067495
     0.50872     0.69115    -0.24109   0.0042032
     0.62448     0.44556   -0.094568   0.0090039
     0.88744     0.46013   -0.090336   0.0094889
     0.88744     0.46013   -0.090336   0.0094889
     0.88744     0.46013   -0.090336   0.0094889
     0.88744     0.46013   -0.090336   0.0094889
     0.88744     0.46013   -0.090336   0.0094889
      1.0794     0.68536  0.00056844    0.012856
      1.0794     0.68536  0.00056844    0.012856
      1.0794     0.68536  0.00056844    0.012856
      1.0794     0.68536  0.00056844    0.012856
      1.2304     0.51575     0.35774   0.0074847
      1.2304     0.51575     0.35774   0.0074847
      1.1722     0.39136     0.54029     0.01198
        1.16     0.40748     0.42562    0.010807
        1.16     0.40748     0.42562    0.010807
        1.16     0.40748     0.42562    0.010807
     0.90716      0.6372    -0.39645   0.0047759
     0.90716      0.6372    -0.39645   0.0047759
     0.70436     0.60073    -0.40867   0.0026846
     0.70436     0.60073    -0.40867   0.0026846
     0.70436     0.60073    -0.40867   0.0026846
     0.93441     0.72029     -0.2782   0.0094638
     0.93441     0.72029     -0.2782   0.0094638
     0.93441     0.72029     -0.2782   0.0094638
     0.79113      0.8336    -0.22838    0.014264
     0.79113      0.8336    -0.22838    0.014264
     0.86898     0.72893     -0.3442   0.0079118
     0.86898     0.72893     -0.3442   0.0079118
     0.86898     0.72893     -0.3442   0.0079118
     0.72075     0.61456    -0.42195   0.0023865
     0.82828     0.77304     -0.3052   0.0087935
     0.82828     0.77304     -0.3052   0.0087935
      0.7961     0.89315    -0.14875    0.015943
     0.90907     0.87711    0.038878    0.022189
     0.90907     0.87711    0.038878    0.022189
     0.71522      1.0937     0.23428    0.028348
     0.61299      1.0845    0.020878    0.022632
     0.35343       1.129    -0.12242    0.015395
     0.35343       1.129    -0.12242    0.015395
     0.47654     0.98229     -0.2195   0.0094527
     0.65035     0.78932    -0.32823   0.0057548
     0.65035     0.78932    -0.32823   0.0057548
     0.65035     0.78932    -0.32823   0.0057548
     0.65035     0.78932    -0.32823   0.0057548
     0.73265     0.74795    -0.36995   0.0060181
     0.58661     0.89099    -0.27073   0.0083656
     0.39214     0.88974    -0.25401   0.0080993
     0.47387      1.1267   -0.023938    0.020627
     0.47387      1.1267   -0.023938    0.020627
     0.47387      1.1267   -0.023938    0.020627
      0.6824      1.1808     0.44549    0.047531
     0.75033      1.0842     0.22824    0.034136
     0.49016       1.125    0.029658    0.025521
     0.41344     0.99574    -0.21947    0.011491
     0.15015     0.99885    -0.24763   0.0072511
     0.15015     0.99885    -0.24763   0.0072511
     0.15154       1.231    0.022214    0.024513
      0.3304      1.0735    -0.20784    0.012384
      0.1459     0.97594    -0.25535   0.0057361
     0.31162     0.77077    -0.16064   0.0050946
       0.328     0.83831    -0.21804   0.0054201
     0.49838     0.75186    -0.25622   0.0045608
     0.26249     0.93618    -0.25095   0.0068356
     0.26249     0.93618    -0.25095   0.0068356
     0.26249     0.93618    -0.25095   0.0068356
     0.12976      1.2238   -0.016406     0.02563
     0.12976      1.2238   -0.016406     0.02563
     0.12976      1.2238   -0.016406     0.02563
     0.12976      1.2238   -0.016406     0.02563
     0.12976      1.2238   -0.016406     0.02563
     0.17496      1.1459    -0.11442    0.021082
     0.18968     0.95131    -0.24853   0.0065962
     0.18968     0.95131    -0.24853   0.0065962
     0.18968     0.95131    -0.24853   0.0065962
      0.3533     0.91242    -0.25299   0.0062969
     0.12165     0.85178    -0.17245   0.0046766
     0.37328     0.60733   0.0090864   0.0074039
     0.65096     0.52764    -0.31128   0.0050119
     0.65096     0.52764    -0.31128   0.0050119
     0.65096     0.52764    -0.31128   0.0050119
     0.82424     0.61734    -0.44253   0.0027185
     0.82424     0.61734    -0.44253   0.0027185
     0.82424     0.61734    -0.44253   0.0027185
     0.82424     0.61734    -0.44253   0.0027185
     0.75682     0.55736    -0.40381   0.0031806
     0.87602     0.46127   -0.094531   0.0074243
      1.0186     0.75956  -0.0003045    0.014928
     0.83609     0.56314    -0.40975   0.0031979
     0.83609     0.56314    -0.40975   0.0031979
     0.83609     0.56314    -0.40975   0.0031979
     0.82666       0.659    -0.43157   0.0036838
     0.82666       0.659    -0.43157   0.0036838
     0.82666       0.659    -0.43157   0.0036838
     0.82666       0.659    -0.43157   0.0036838
     0.82666       0.659    -0.43157   0.0036838
     0.71281     0.74884    -0.37356   0.0057208
     0.54822     0.74721    -0.30107   0.0036127
     0.54822     0.74721    -0.30107   0.0036127
     0.54822     0.74721    -0.30107   0.0036127
     0.54822     0.74721    -0.30107   0.0036127
     0.54822     0.74721    -0.30107   0.0036127
     0.54822     0.74721    -0.30107   0.0036127
     0.54822     0.74721    -0.30107   0.0036127
     0.54822     0.74721    -0.30107   0.0036127
     0.78267     0.52077    -0.35116    0.005288
     0.78267     0.52077    -0.35116    0.005288
     0.78267     0.52077    -0.35116    0.005288
     0.78267     0.52077    -0.35116    0.005288
     0.78267     0.52077    -0.35116    0.005288
     0.78267     0.52077    -0.35116    0.005288
     0.78267     0.52077    -0.35116    0.005288
     0.78267     0.52077    -0.35116    0.005288
     0.48289     0.64009    -0.18422   0.0048336
      0.4552     0.46149    0.065391   0.0068926
     0.65781     0.57463    -0.36354    0.003164
     0.42553     0.82277    -0.24183   0.0049124
     0.49305     0.75939    -0.25572   0.0045518
     0.30692      1.0059    -0.24733   0.0078964
      0.2174     0.90465    -0.23937   0.0047907
     0.43929     0.62263    -0.10795   0.0050781
     0.43929     0.62263    -0.10795   0.0050781
     0.65709     0.46251    -0.15399   0.0078059
     0.58281      0.6918    -0.31616   0.0032309
     0.58281      0.6918    -0.31616   0.0032309
     0.83845     0.61961    -0.43696   0.0032433
     0.83845     0.61961    -0.43696   0.0032433
     0.99421     0.59388    -0.28931   0.0044706
     0.99421     0.59388    -0.28931   0.0044706
      0.6975     0.54169    -0.36754   0.0038659
      0.6975     0.54169    -0.36754   0.0038659
     0.53344     0.48772    -0.11351   0.0062722
     0.48408     0.73705    -0.24039   0.0041494
     0.48408     0.73705    -0.24039   0.0041494
     0.55395     0.88371    -0.27209   0.0064613
     0.40406      1.0766    -0.15453    0.014867
     0.40406      1.0766    -0.15453    0.014867
     0.40406      1.0766    -0.15453    0.014867
     0.49864      1.1451    0.027507    0.028354
     0.49864      1.1451    0.027507    0.028354
     0.49864      1.1451    0.027507    0.028354
     0.76274      1.1053     0.35499    0.037838
     0.53009      1.0841   -0.029196    0.018797
     0.26144       1.037    -0.22624   0.0095391
     0.32643      1.1659   -0.041585    0.021095
     0.43534      0.8865    -0.26201   0.0067719
     0.48832     0.60903    -0.16164   0.0047765
     0.48832     0.60903    -0.16164   0.0047765
     0.78363     0.87609    -0.19512    0.011294
     0.78363     0.87609    -0.19512    0.011294
     0.78363     0.87609    -0.19512    0.011294
     0.78363     0.87609    -0.19512    0.011294
     0.78363     0.87609    -0.19512    0.011294
     0.78363     0.87609    -0.19512    0.011294
     0.78363     0.87609    -0.19512    0.011294
     0.78363     0.87609    -0.19512    0.011294
     0.86634      1.0499     0.49336    0.036166
     0.69823     0.98602   -0.059303    0.020325
     0.69823     0.98602   -0.059303    0.020325
     0.69823     0.98602   -0.059303    0.020325
     0.80989     0.77518    -0.32078   0.0089659
      0.8879     0.49778    -0.24332   0.0057154
     0.82696     0.61317    -0.44094   0.0024944
     0.77084     0.75377    -0.34566   0.0082562
     0.84774     0.70568    -0.37189   0.0073342
     0.88155     0.52199    -0.32105   0.0044905
     0.88155     0.52199    -0.32105   0.0044905
     0.93214     0.80698   -0.066963    0.019516
      0.7807      1.0138      0.1369    0.026007
      0.7807      1.0138      0.1369    0.026007
     0.71149     0.84422    -0.28389   0.0084744
     0.71149     0.84422    -0.28389   0.0084744
     0.80776      1.0776     0.38876    0.034051
     0.82762     0.87551    -0.13557    0.017145
     0.76255     0.98232   -0.025144    0.018721
     0.76255     0.98232   -0.025144    0.018721
     0.82763      1.0306      0.2917    0.027188
     0.97982     0.82065    0.007592    0.018511
     0.97982     0.82065    0.007592    0.018511
     0.72833     0.90193    -0.17775    0.015975
     0.72833     0.90193    -0.17775    0.015975
     0.43773     0.94477    -0.25214   0.0075905
     0.43773     0.94477    -0.25214   0.0075905
     0.29279     0.96121    -0.23781   0.0074547
     0.29279     0.96121    -0.23781   0.0074547
     0.12056     0.93139    -0.24041   0.0046427
     0.20638     0.65279     0.12012    0.006711
     0.20638     0.65279     0.12012    0.006711
  -0.0065264     0.55547     0.51383   0.0093165
     0.25879     0.85274    -0.20699   0.0047788
     0.39479     0.63924   -0.062854   0.0055485
     0.64985     0.46228    -0.15717   0.0090576
     0.78784     0.44903   -0.073746    0.011016
     0.78784     0.44903   -0.073746    0.011016
     0.66996     0.62696    -0.39226   0.0023489
     0.84251     0.64319    -0.42525   0.0041489
     0.94058     0.65289    -0.34092   0.0059372
     0.94058     0.65289    -0.34092   0.0059372
     0.94058     0.65289    -0.34092   0.0059372
     0.94058     0.65289    -0.34092   0.0059372
     0.86071     0.61752    -0.43031   0.0030194
     0.86071     0.61752    -0.43031   0.0030194
     0.86071     0.61752    -0.43031   0.0030194
     0.81445      0.4848    -0.22804   0.0079469
     0.76751     0.49061    -0.27071   0.0068368
     0.89347      0.5268    -0.32101   0.0043326
     0.89347      0.5268    -0.32101   0.0043326
     0.93206      0.6808    -0.33892   0.0075063
     0.90318     0.77218    -0.24679    0.010908
      0.9678     0.47542   -0.095538   0.0071096
      0.9678     0.47542   -0.095538   0.0071096
      0.9678     0.47542   -0.095538   0.0071096
     0.93487      0.7467    -0.22848    0.011972
     0.75208     0.54837    -0.39579   0.0035352
     0.75208     0.54837    -0.39579   0.0035352
     0.75208     0.54837    -0.39579   0.0035352
     0.75208     0.54837    -0.39579   0.0035352
     0.78129     0.71107     -0.3971   0.0046929
     0.78129     0.71107     -0.3971   0.0046929
     0.84395     0.78338    -0.28091    0.009091
     0.84395     0.78338    -0.28091    0.009091
     0.69879     0.68725    -0.39631   0.0034372
     0.70189     0.56437    -0.39146   0.0033148
     0.70189     0.56437    -0.39146   0.0033148
     0.69499     0.63812    -0.40369   0.0021774
     0.77145     0.86153    -0.21658    0.013008
     0.61246     0.64378    -0.33517   0.0029367
     0.56037     0.64225    -0.27875      0.0041
     0.30151       0.807    -0.18634   0.0056572
    0.083707      1.0566      -0.235      0.0098
     0.20281     0.76618    -0.10045   0.0060544
     0.17584     0.59206     0.28036   0.0083303
     0.17584     0.59206     0.28036   0.0083303
     0.17584     0.59206     0.28036   0.0083303
    0.018635     0.88448    -0.20276   0.0048877
    0.018635     0.88448    -0.20276   0.0048877
     0.21255     0.98284    -0.24772    0.007219
     0.23958     0.68964    0.022041   0.0074782
      0.2773     0.88833    -0.23867   0.0046856
     0.32408      1.0211    -0.23386   0.0090312
     0.22705      1.1892   -0.063757    0.019057
    0.072955      1.1029     -0.2146    0.010446
     0.23092      0.9117    -0.23228   0.0051115
     0.38644     0.84594    -0.24294   0.0052873
     0.53573     0.80214    -0.28816   0.0058264
     0.53573     0.80214    -0.28816   0.0058264
     0.37492     0.57379     0.06237   0.0067312
     0.37838      0.6517   -0.052526   0.0053237
     0.22584     0.64147     0.11163   0.0078402
     0.51236     0.82707    -0.28413   0.0043154
     0.29332      1.0468    -0.20646    0.013476
     0.41606     0.95158     -0.2426   0.0096455
     0.59915     0.80064    -0.31289   0.0060614
     0.73726      1.0917     0.20766    0.024703
     0.66024      1.1398     0.25001    0.033533
     0.42109      1.2532     0.37815    0.042714
     0.64469      1.1201     0.13058     0.02521
     0.64469      1.1201     0.13058     0.02521
     0.75857     0.97824   0.0080312     0.02422
     0.75857     0.97824   0.0080312     0.02422
     0.75857     0.97824   0.0080312     0.02422
     0.75857     0.97824   0.0080312     0.02422
     0.75857     0.97824   0.0080312     0.02422
      0.5238     0.70724    -0.26341   0.0042093
     0.71572     0.72957    -0.37057   0.0051554
     0.73273      0.7447    -0.37598   0.0059876
     0.78631     0.75814    -0.35278   0.0057147
     0.79964     0.56568     -0.4193   0.0034018
     0.79964     0.56568     -0.4193   0.0034018
     0.79466     0.72079     -0.3899   0.0057862
     0.79466     0.72079     -0.3899   0.0057862
     0.79466     0.72079     -0.3899   0.0057862
     0.79466     0.72079     -0.3899   0.0057862
     0.86564      0.7402    -0.32193   0.0078784
      1.0409     0.53673    -0.16401   0.0043835
      1.0409     0.53673    -0.16401   0.0043835
      1.0409     0.53673    -0.16401   0.0043835
      1.0409     0.53673    -0.16401   0.0043835
      1.0409     0.53673    -0.16401   0.0043835
      1.0486     0.46053    0.036209   0.0070907
      1.0486     0.46053    0.036209   0.0070907
      1.0486     0.46053    0.036209   0.0070907
     0.94434     0.58264    -0.34978   0.0039897
     0.99143     0.57861    -0.29137   0.0037708
     0.99143     0.57861    -0.29137   0.0037708
     0.99143     0.57861    -0.29137   0.0037708
     0.78778     0.87175    -0.19301    0.012716
     0.61964     0.62823    -0.34048   0.0032648
     0.61964     0.62823    -0.34048   0.0032648
     0.61964     0.62823    -0.34048   0.0032648
     0.38718     0.73776    -0.16667   0.0044588
      0.2356     0.72487   -0.044807   0.0076127
    0.048347     0.75759   -0.044534   0.0066043
    0.048347     0.75759   -0.044534   0.0066043
     0.02804     0.78936   -0.095516   0.0064416
    -0.15072     0.75366   -0.058422   0.0061305
   0.0032266     0.96158    -0.23901   0.0062278
   0.0032266     0.96158    -0.23901   0.0062278
    -0.28886      0.7715    -0.13935   0.0053455
    -0.29983     0.67792   -0.011595   0.0066824
    -0.40934      0.5187    0.081785   0.0057839
    -0.12647     0.69459    0.071031   0.0064908
    -0.12647     0.69459    0.071031   0.0064908
  -0.0045503     0.71429    0.037657   0.0069798
     0.28496     0.96446    -0.24841   0.0078984
     0.11152      1.0606    -0.24204    0.009191
     0.12128      1.0923    -0.21014    0.010586
     0.26844      1.0768    -0.19874    0.012237
     0.38851     0.98564     -0.2453   0.0089351
     0.18763     0.85216    -0.19172   0.0053172
     0.18763     0.85216    -0.19172   0.0053172
     0.18763     0.85216    -0.19172   0.0053172
     0.19771     0.84007    -0.18384   0.0055235
     0.19771     0.84007    -0.18384   0.0055235
     0.20797      1.0057    -0.25418   0.0073155
    0.059333      1.1906   -0.080877    0.016311
     0.33639      1.1518   -0.064525    0.021834
     0.33639      1.1518   -0.064525    0.021834
     0.33639      1.1518   -0.064525    0.021834
     0.39681     0.94405     -0.2489    0.010004
     0.36909      1.0757       -0.18    0.016773
     0.50615     0.99898    -0.21158    0.011278
     0.21588     0.90114     -0.2283     0.00738
     0.21588     0.90114     -0.2283     0.00738
     0.16283     0.85807    -0.19189   0.0054808
     0.42076       1.059    -0.16538    0.014376
     0.27535      1.1684   -0.057367    0.019645
     0.27535      1.1684   -0.057367    0.019645
     0.27535      1.1684   -0.057367    0.019645
    0.070656      1.1465    -0.13274    0.016785
   -0.091533     0.93214    -0.23749   0.0053675
    -0.17964      0.8415     -0.1864   0.0058054
    -0.17964      0.8415     -0.1864   0.0058054
    -0.30007     0.88316     -0.2278   0.0060605
    -0.39444     0.65898    -0.09256   0.0055492
    -0.10703     0.79581    -0.10879   0.0063569
   -0.027646     0.77775   -0.076184   0.0059271
     0.14662     0.67611    0.096933   0.0069135
     0.14662     0.67611    0.096933   0.0069135
     0.18936     0.94074    -0.25066   0.0046539
   -0.056228      1.1575    -0.12573    0.016751
   -0.031157      1.1155    -0.20367    0.010898
    -0.32781     0.99382    -0.25685   0.0071606
    -0.32781     0.99382    -0.25685   0.0071606
    -0.32781     0.99382    -0.25685   0.0071606
    -0.32781     0.99382    -0.25685   0.0071606
    -0.36509      0.6954    -0.10113   0.0052873
    -0.63446     0.95499    -0.17045    0.015834
    -0.38191     0.83312    -0.23298   0.0049045
    -0.68058     0.61755     -0.3968   0.0026023
    -0.58064     0.53785    -0.24684   0.0044372
    -0.59547     0.52399    -0.25118   0.0049143
    -0.41886     0.58131   -0.035319     0.00575
    -0.41886     0.58131   -0.035319     0.00575
    -0.41886     0.58131   -0.035319     0.00575
     -0.6795     0.85473    -0.27887   0.0087389
    -0.83173     0.57483    -0.42355   0.0027418
    -0.62279     0.62005    -0.34147   0.0031478
    -0.70254     0.47549    -0.21592   0.0068739
    -0.70254     0.47549    -0.21592   0.0068739
    -0.65997     0.67058    -0.37439   0.0029527
    -0.65997     0.67058    -0.37439   0.0029527
    -0.65997     0.67058    -0.37439   0.0029527
    -0.65997     0.67058    -0.37439   0.0029527
    -0.79919     0.46861    -0.17399   0.0087508
    -0.79919     0.46861    -0.17399   0.0087508
    -0.79919     0.46861    -0.17399   0.0087508
    -0.90725     0.64858     -0.3789    0.005074
    -0.90725     0.64858     -0.3789    0.005074
    -0.90725     0.64858     -0.3789    0.005074
    -0.95106      0.8669    0.084863    0.020906
    -0.95106      0.8669    0.084863    0.020906
    -0.95106      0.8669    0.084863    0.020906
     -1.0729     0.59005    -0.12277   0.0071775
     -1.0729     0.59005    -0.12277   0.0071775
     -1.0729     0.59005    -0.12277   0.0071775
     -1.0729     0.59005    -0.12277   0.0071775
    -0.90621     0.73207    -0.29486    0.010142
    -0.71677     0.99713   -0.032467    0.020181
    -0.71677     0.99713   -0.032467    0.020181
    -0.87219     0.79268    -0.20673    0.013791
    -0.87219     0.79268    -0.20673    0.013791
    -0.87219     0.79268    -0.20673    0.013791
    -0.86266     0.78816    -0.26678    0.010153
    -0.82374     0.74455    -0.35935   0.0075221
    -0.82374     0.74455    -0.35935   0.0075221
    -0.63722     0.76764    -0.33339   0.0046609
    -0.75952     0.79495    -0.30178   0.0080942
    -0.75952     0.79495    -0.30178   0.0080942
    -0.75952     0.79495    -0.30178   0.0080942
    -0.69046     0.52413    -0.34042   0.0049024
     -0.9558     0.68912     -0.2668    0.010462
     -1.1925     0.80937     0.83471    0.029932
     -1.1925     0.80937     0.83471    0.029932
     -1.1925     0.80937     0.83471    0.029932
     -1.1925     0.80937     0.83471    0.029932
    -0.93515     0.79187    -0.10878    0.015245
    -0.93515     0.79187    -0.10878    0.015245
    -0.93515     0.79187    -0.10878    0.015245
    -0.94728     0.74999    -0.22195    0.011102
    -0.94728     0.74999    -0.22195    0.011102
    -0.91516     0.51323    -0.26906   0.0050984
    -0.91516     0.51323    -0.26906   0.0050984
     -1.1047     0.55451   -0.035991   0.0055073
     -1.1047     0.55451   -0.035991   0.0055073
     -1.1125     0.64106   0.0077935    0.011442
     -1.1125     0.64106   0.0077935    0.011442
    -0.81525     0.61681    -0.44513   0.0025179
    -0.62632      0.6255    -0.34672    0.003266
    -0.69843     0.54051    -0.36031   0.0044228
    -0.68835     0.56386    -0.38262   0.0028117
    -0.80166     0.58647    -0.43713   0.0023499
     -1.0408     0.80947     0.15094    0.019755
     -1.0408     0.80947     0.15094    0.019755
     -1.0408     0.80947     0.15094    0.019755
    -0.77186     0.62796    -0.43811   0.0024186
    -0.74209     0.57204     -0.4206   0.0029168
    -0.74209     0.57204     -0.4206   0.0029168
    -0.74209     0.57204     -0.4206   0.0029168
    -0.61519     0.61205    -0.32967   0.0028229
    -0.61519     0.61205    -0.32967   0.0028229
    -0.61519     0.61205    -0.32967   0.0028229
    -0.84667     0.83096    -0.21072    0.010319
    -0.84667     0.83096    -0.21072    0.010319
     -1.0201     0.79568    0.087557    0.020866
     -1.0201     0.79568    0.087557    0.020866
     -1.0037     0.84102      0.1826    0.022771
     -1.0037     0.84102      0.1826    0.022771
    -0.82231      0.6475    -0.43745   0.0031871
    -0.66612     0.82036    -0.30343   0.0069803
    -0.66612     0.82036    -0.30343   0.0069803
    -0.69255     0.90163    -0.21197    0.012184
    -0.69255     0.90163    -0.21197    0.012184
    -0.69255     0.90163    -0.21197    0.012184
    -0.79826     0.71504    -0.38774   0.0054567
    -0.68075     0.53541    -0.35179   0.0041644
    -0.68075     0.53541    -0.35179   0.0041644
    -0.68075     0.53541    -0.35179   0.0041644
    -0.93996     0.75808    -0.19721     0.01985
    -0.93996     0.75808    -0.19721     0.01985
    -0.93996     0.75808    -0.19721     0.01985
    -0.85198     0.64489    -0.42608    0.004304
    -0.85198     0.64489    -0.42608    0.004304
     -0.8968     0.90807    0.078399     0.02315
     -0.8968     0.90807    0.078399     0.02315
     -0.8968     0.90807    0.078399     0.02315
     -0.6934      1.0461    0.096243    0.024582
     -0.6934      1.0461    0.096243    0.024582
     -0.6934      1.0461    0.096243    0.024582
    -0.44298     0.95403    -0.27213   0.0064869
    -0.15261     0.98187    -0.25208   0.0060822
    -0.39919       0.775    -0.20895   0.0048277
    -0.58163     0.61487    -0.29121   0.0034513
    -0.58163     0.61487    -0.29121   0.0034513
    -0.58163     0.61487    -0.29121   0.0034513
    -0.58163     0.61487    -0.29121   0.0034513
    -0.58163     0.61487    -0.29121   0.0034513
    -0.58163     0.61487    -0.29121   0.0034513
    -0.58163     0.61487    -0.29121   0.0034513
    -0.58163     0.61487    -0.29121   0.0034513
    -0.66211     0.74756    -0.35308   0.0046969
    -0.54432     0.59485    -0.23773    0.004109
    -0.32109     0.79949    -0.18555   0.0050415
    -0.32109     0.79949    -0.18555   0.0050415
    -0.36051     0.95126    -0.26997     0.00533
    -0.35121     0.82887    -0.21943   0.0051914
    -0.47309     0.91931    -0.27229   0.0072116
     -0.6718      1.0101   -0.088945    0.018592
     -0.6718      1.0101   -0.088945    0.018592
    -0.38114      1.2369     0.16097    0.027742
    -0.19268     0.94092    -0.23541   0.0059275
    -0.33135      1.1918    0.044271    0.025725
    -0.59214       1.091    0.048398    0.020808
    -0.83236     0.99584     0.16221    0.028463
    -0.78541     0.70231    -0.40651    0.004646
    -0.78941     0.47157    -0.19134   0.0090097
    -0.71516     0.55722    -0.39563    0.003322
    -0.71516     0.55722    -0.39563    0.003322
    -0.61121      0.5847    -0.31764   0.0035748
    -0.61121      0.5847    -0.31764   0.0035748
    -0.61121      0.5847    -0.31764   0.0035748
    -0.42227     0.72172    -0.18284   0.0050118
    -0.40065     0.85883    -0.25849   0.0052901
    -0.23495      1.0874    -0.17767    0.011606
    -0.20502     0.81539    -0.15113   0.0053448
    -0.35673      0.9225    -0.24479   0.0062711
    -0.56625     0.95524    -0.21827     0.01018
    -0.44564      1.0904   -0.091827    0.018598
    -0.44564      1.0904   -0.091827    0.018598
    -0.41219     0.79698    -0.22907    0.005066
    -0.50535     0.61265    -0.19727    0.004792
    -0.80101     0.88803     -0.1283     0.01526
    -0.69872       1.007   -0.029101    0.023634
    -0.78473     0.74214    -0.35784   0.0075964
    -0.89579     0.51367    -0.27597   0.0054971
    -0.89579     0.51367    -0.27597   0.0054971
    -0.65203     0.55971    -0.34647    0.003004
    -0.72003     0.64263    -0.41743   0.0023626
    -0.72003     0.64263    -0.41743   0.0023626
    -0.85365     0.62244     -0.4302   0.0035846
    -0.55555      0.9162    -0.24393   0.0083865
    -0.30403     0.89804    -0.24374   0.0057881
    -0.56854      0.7755     -0.3045   0.0045972
    -0.85795     0.76468     -0.2774    0.010193
    -0.70918     0.50572    -0.29997   0.0049052
    -0.45934     0.55831   -0.066956   0.0055526
    -0.75832     0.64366    -0.43533    0.002662
     -0.8106     0.77488    -0.31189   0.0080666
     -0.8106     0.77488    -0.31189   0.0080666
     -0.8106     0.77488    -0.31189   0.0080666
    -0.76889     0.61771    -0.43776   0.0026028
    -0.96635     0.52713    -0.25145   0.0035999
    -0.96635     0.52713    -0.25145   0.0035999
    -0.96635     0.52713    -0.25145   0.0035999
    -0.96635     0.52713    -0.25145   0.0035999
      -1.008     0.55294    -0.23208    0.003931
      -1.008     0.55294    -0.23208    0.003931
      -1.008     0.55294    -0.23208    0.003931
      -1.008     0.55294    -0.23208    0.003931
      -1.008     0.55294    -0.23208    0.003931
      -1.008     0.55294    -0.23208    0.003931
    -0.73517     0.45555    -0.12584    0.010483
     -1.0015     0.54173    -0.22629   0.0048598
    -0.84021     0.49761    -0.27582   0.0057753
    -0.85137     0.51253    -0.31319   0.0055408
    -0.75558     0.44248   -0.054856    0.010042
    -0.54227     0.63835    -0.26008    0.003969
    -0.51759     0.90924    -0.27241   0.0083577
    -0.40103      1.0629    -0.20013     0.01005
     -0.2277     0.95488    -0.25053   0.0065239
     -0.2277     0.95488    -0.25053   0.0065239
   -0.025074     0.99737    -0.25221   0.0062457
    0.017093      0.8681    -0.18304     0.00595
     0.13361     0.66351     0.13522   0.0077351
     0.13361     0.66351     0.13522   0.0077351
     0.11614     0.70504     0.05313   0.0069541
     0.11614     0.70504     0.05313   0.0069541
     0.33515     0.89367    -0.25692   0.0047441
     0.53785      0.6187    -0.23622    0.003947
     0.80818     0.73305    -0.36072   0.0086449
     0.80818     0.73305    -0.36072   0.0086449
      0.7193     0.59201    -0.41923   0.0026416
     0.50581     0.50466   -0.086811   0.0052082
     0.64989     0.64421    -0.37268   0.0026599
     0.52062     0.93442     -0.2577   0.0078871
     0.52062     0.93442     -0.2577   0.0078871
     0.55868     0.96385    -0.21263    0.011531
     0.35395     0.94724    -0.26135   0.0067915
     0.24278      0.9571    -0.25176   0.0060043
     0.39273     0.86432    -0.25367   0.0053733
     0.33899      1.0399    -0.21088     0.01449
     0.33899      1.0399    -0.21088     0.01449
     0.33899      1.0399    -0.21088     0.01449
     0.33899      1.0399    -0.21088     0.01449
      0.5328     0.99019    -0.21364    0.011951
     0.77794     0.69357    -0.41405   0.0038649
     0.69614     0.91608    -0.17336    0.016332
     0.57612      1.0979    0.029353    0.019968
     0.53356     0.84634    -0.28565   0.0054497
     0.53356     0.84634    -0.28565   0.0054497
     0.24564      1.0854    -0.17717    0.012562
     0.46444     0.95664    -0.25467   0.0083392
     0.46444     0.95664    -0.25467   0.0083392
     0.62731     0.77747    -0.33229   0.0053097
     0.51201      0.7471    -0.27461   0.0046669
     0.41242     0.98045    -0.24563   0.0081405
     0.43658      0.8201    -0.25361   0.0052887
     0.37138     0.82852    -0.22866   0.0047174
       0.112     0.86176    -0.19116   0.0054572
       0.112     0.86176    -0.19116   0.0054572
   -0.083533      1.0478    -0.24066   0.0083254
   -0.083533      1.0478    -0.24066   0.0083254
      0.1132      1.0112    -0.25742   0.0056492
   0.0072076      1.2714    0.070096    0.028954
     0.22307      1.1111    -0.16862    0.016265
     0.34432     0.96832    -0.24781    0.007862
     0.11841     0.74857   -0.021731   0.0063953
     0.26528     0.92905    -0.23852   0.0093462
     0.49824      1.1506    0.058585    0.027954
     0.23008      1.0563    -0.23412   0.0096033
    -0.01394      1.1452    -0.13456    0.015058
    -0.01394      1.1452    -0.13456    0.015058
    -0.01394      1.1452    -0.13456    0.015058
    0.072161      1.0437    -0.23569    0.015813
    0.072161      1.0437    -0.23569    0.015813
   -0.027241      1.0715    -0.20837    0.011139
     0.25687     0.83725    -0.20105   0.0058342
      0.3974     0.58727  -0.0011666   0.0066621
     0.52537     0.80827    -0.28828   0.0056194
     0.52537     0.80827    -0.28828   0.0056194
     0.31013     0.87783    -0.24424   0.0048959
     0.20067      1.0273    -0.23249   0.0095265
     0.31438      1.1291    -0.13824    0.015053
     0.50467      1.0192    -0.18676    0.014405
     0.61205     0.85705    -0.28554   0.0075918
     0.61205     0.85705    -0.28554   0.0075918
     0.64876     0.77139    -0.33944   0.0052851
     0.45954     0.82491    -0.25922   0.0070312
     0.57972     0.94527    -0.23324    0.011069
     0.57972     0.94527    -0.23324    0.011069
     0.62987     0.87227    -0.26682   0.0089116
     0.62987     0.87227    -0.26682   0.0089116
     0.40625      1.0073    -0.21881    0.013317
     0.40625      1.0073    -0.21881    0.013317
     0.43493     0.86972    -0.26683   0.0052262
     0.63857     0.68857    -0.36139    0.003212
     0.63857     0.68857    -0.36139    0.003212
     0.50249     0.67267    -0.24072   0.0051343
     0.28334     0.95571    -0.25389    0.006836
     0.28334     0.95571    -0.25389    0.006836
     0.27771     0.67776   0.0016194   0.0072239
     0.27771     0.67776   0.0016194   0.0072239
      0.3803     0.82202    -0.22306   0.0042829
     0.18328     0.89656    -0.21556   0.0052836
     0.22919     0.98639    -0.24565   0.0073815
     0.40251     0.84709    -0.25718   0.0051651
     0.40251     0.84709    -0.25718   0.0051651
     0.68688     0.79671    -0.32093   0.0074289
     0.68688     0.79671    -0.32093   0.0074289
     0.77921     0.67487    -0.42819   0.0030735
     0.77921     0.67487    -0.42819   0.0030735
     0.77921     0.67487    -0.42819   0.0030735
     0.77921     0.67487    -0.42819   0.0030735
     0.77921     0.67487    -0.42819   0.0030735
     0.95211     0.51918    -0.24824   0.0048179
      1.0003     0.64478    -0.26263   0.0072248
      1.0003     0.64478    -0.26263   0.0072248
      0.7219      0.4597    -0.13662   0.0086268
      0.7219      0.4597    -0.13662   0.0086268
     0.59573     0.46518    -0.14337   0.0065572
     0.59573     0.46518    -0.14337   0.0065572
     0.35982     0.75452    -0.16852   0.0053884
     0.41322     0.85521     -0.2543   0.0046168
     0.41322     0.85521     -0.2543   0.0046168
     0.51234      0.9091    -0.26895    0.007702
      0.3128      1.0206    -0.22912   0.0092942
      0.3128      1.0206    -0.22912   0.0092942
     0.56946     0.73131    -0.31159   0.0042092
     0.54353     0.96363    -0.22254    0.012789
     0.64279     0.91628    -0.23278    0.010532
     0.66559      1.0386  -0.0067968    0.020767
     0.48638      0.8833    -0.28059   0.0056343
     0.43077     0.98106    -0.21828    0.013875
     0.52076      1.1245   -0.018637    0.018762
     0.52076      1.1245   -0.018637    0.018762
     0.52879     0.83477    -0.28853   0.0050986
      0.6021     0.61846    -0.32321   0.0030755
      0.6021     0.61846    -0.32321   0.0030755
      0.6021     0.61846    -0.32321   0.0030755
     0.85916     0.85128    -0.12015    0.015723
     0.87379     0.61492    -0.42237    0.003669
      1.1457     0.62607    0.083966   0.0088466
      1.0598      0.5168   -0.091007   0.0043844
     0.79358     0.46815    -0.17486   0.0091364
     0.90915     0.45816   -0.060117   0.0089421
     0.90915     0.45816   -0.060117   0.0089421
     0.90915     0.45816   -0.060117   0.0089421
     0.90915     0.45816   -0.060117   0.0089421
     0.97316     0.52569    -0.24877    0.004628
     0.97316     0.52569    -0.24877    0.004628
     0.99886     0.53981    -0.23098   0.0036474
     0.99886     0.53981    -0.23098   0.0036474
     0.99886     0.53981    -0.23098   0.0036474
     0.99886     0.53981    -0.23098   0.0036474
     0.99886     0.53981    -0.23098   0.0036474
     0.99886     0.53981    -0.23098   0.0036474
     0.99886     0.53981    -0.23098   0.0036474
     0.99886     0.53981    -0.23098   0.0036474
     0.99886     0.53981    -0.23098   0.0036474
     0.89047     0.47825    -0.16714   0.0078703
     0.59914     0.39734     0.20576     0.01242
     0.53067     0.38958     0.23461    0.011661
     0.53067     0.38958     0.23461    0.011661
     0.53067     0.38958     0.23461    0.011661
     0.53067     0.38958     0.23461    0.011661
      0.7576     0.53027    -0.36084   0.0047141
      0.7576     0.53027    -0.36084   0.0047141
      0.7576     0.53027    -0.36084   0.0047141
     0.96292     0.60752    -0.33496   0.0045247
     0.96292     0.60752    -0.33496   0.0045247
     0.96292     0.60752    -0.33496   0.0045247
     0.96292     0.60752    -0.33496   0.0045247
     0.96292     0.60752    -0.33496   0.0045247
     0.96292     0.60752    -0.33496   0.0045247
     0.96292     0.60752    -0.33496   0.0045247
     0.67513     0.60329    -0.38605   0.0025778
     0.69095      0.6847    -0.39792   0.0029126
     0.42316     0.95931     -0.2581   0.0074029
     0.42316     0.95931     -0.2581   0.0074029
     0.38042     0.95762    -0.25759   0.0071855
     0.15406      1.0054    -0.25435   0.0085905
     0.29336     0.98591    -0.25341   0.0056129
     0.29844     0.71981   -0.076515   0.0061985
     0.29844     0.71981   -0.076515   0.0061985
     0.29844     0.71981   -0.076515   0.0061985
     0.42843      1.0157     -0.2172    0.013266
      0.6529      1.0045    -0.11775    0.016889
     0.51806     0.98481    -0.19282    0.013244
     0.35603      1.1093    -0.14395    0.014613
     0.35603      1.1093    -0.14395    0.014613
     0.10021      1.1536    -0.13715    0.015321
     0.10021      1.1536    -0.13715    0.015321
     0.19383      1.2114   -0.026583    0.024245
   -0.070101     0.95599    -0.24315   0.0053986
   -0.070101     0.95599    -0.24315   0.0053986
     0.20717     0.83826     -0.1834    0.004921
     0.40968     0.94959    -0.25545   0.0075453
     0.40968     0.94959    -0.25545   0.0075453
     0.30127     0.84725    -0.21846   0.0049356
     0.47552     0.73418    -0.23517    0.004398
     0.65844     0.56348    -0.35066   0.0035387
      0.7672     0.52649     -0.3715   0.0045548
      0.7672     0.52649     -0.3715   0.0045548
     0.63108     0.45726    -0.12882   0.0080497
     0.63108     0.45726    -0.12882   0.0080497
     0.88555     0.67503     -0.3819   0.0059747
     0.88555     0.67503     -0.3819   0.0059747
     0.88555     0.67503     -0.3819   0.0059747
     0.78732     0.67909    -0.41784   0.0039734
     0.78732     0.67909    -0.41784   0.0039734
     0.66971     0.69391    -0.37539   0.0033789
     0.38355     0.61274   -0.017226   0.0060373
     0.27639     0.65373    0.038451   0.0070634
     0.35544     0.59592    0.056692   0.0073344
     0.35544     0.59592    0.056692   0.0073344
     0.26253      0.7942     -0.1545   0.0046745
     0.46019     0.98859    -0.22172    0.010659
     0.46019     0.98859    -0.22172    0.010659
     0.31563     0.72595     -0.1002    0.005534
     0.04357     0.50625     0.68449    0.011262
    -0.13594     0.53062     0.51828    0.011723
    -0.13594     0.53062     0.51828    0.011723
   -0.014206     0.76983   -0.051442   0.0056992
     0.14677     0.79091   -0.099539   0.0056612
     0.06674     0.91386    -0.23479   0.0047315
     0.06674     0.91386    -0.23479   0.0047315
     0.06674     0.91386    -0.23479   0.0047315
    -0.19697     0.92076    -0.23475   0.0052893
    -0.19697     0.92076    -0.23475   0.0052893
     -0.1378     0.75486   -0.045814   0.0063501
    0.098058     0.88381     -0.1967     0.01368
    0.056469     0.79641     -0.1094   0.0056139
    -0.14144      1.0912    -0.22535    0.010546
   0.0060565      1.0094    -0.25323   0.0062817
   0.0060565      1.0094    -0.25323   0.0062817
    -0.25289     0.87076    -0.21866   0.0047593
    0.043336     0.82376    -0.13244   0.0052156
     0.12051      0.7498   -0.034656   0.0059009
     0.12051      0.7498   -0.034656   0.0059009
     0.36378     0.86912    -0.25326    0.005106
     0.39742     0.91477    -0.26575   0.0052877
     0.57266     0.72951    -0.30913   0.0039153
     0.57266     0.72951    -0.30913   0.0039153
     0.57266     0.72951    -0.30913   0.0039153
     0.57266     0.72951    -0.30913   0.0039153
     0.57266     0.72951    -0.30913   0.0039153
      0.3228     0.62456    0.040729   0.0066545
      0.3228     0.62456    0.040729   0.0066545
     0.37405     0.69168    -0.10038   0.0061951
     0.37405     0.69168    -0.10038   0.0061951
     0.56975     0.64061    -0.28316   0.0038311
     0.56975     0.64061    -0.28316   0.0038311
     0.85008     0.51094    -0.30966   0.0057415
     0.85008     0.51094    -0.30966   0.0057415
     0.85008     0.51094    -0.30966   0.0057415
     0.97274     0.70983    -0.22313   0.0090289
     0.97274     0.70983    -0.22313   0.0090289
     0.97274     0.70983    -0.22313   0.0090289
     0.97274     0.70983    -0.22313   0.0090289
     0.94212     0.43004      0.1181   0.0098485
     0.94212     0.43004      0.1181   0.0098485
     0.94212     0.43004      0.1181   0.0098485
      0.8844     0.41687      0.1942    0.013094
       1.097     0.58507   -0.063582   0.0071438
     0.96952     0.70277    -0.23891    0.010181
     0.91771     0.52902    -0.29977   0.0045051
      0.7152     0.68296    -0.39745   0.0034345
      0.4511     0.93699    -0.26241   0.0062998
     0.39162      1.0706    -0.13739    0.018779
     0.39162      1.0706    -0.13739    0.018779
      0.1297      1.2961     0.16507    0.032219
      0.1297      1.2961     0.16507    0.032219
     0.03055      1.1953   -0.060611    0.021541
    0.049081     0.93762    -0.23883    0.005923
     0.22681      1.0121    -0.23719   0.0086838
     0.03316      0.7145    0.039407   0.0069683
    0.033455     0.77896   -0.069997   0.0062982
    -0.14433     0.73754   -0.025839   0.0063393
    -0.31417     0.76752    -0.14501   0.0052253
    -0.31417     0.76752    -0.14501   0.0052253
   -0.042778       0.972    -0.24365   0.0066247
   -0.042778       0.972    -0.24365   0.0066247
    -0.13236     0.72285  -0.0046391     0.00729
    -0.13236     0.72285  -0.0046391     0.00729
    -0.14795     0.49079      0.6501    0.012693
    -0.37236     0.56717    0.069049   0.0068572
    -0.37236     0.56717    0.069049   0.0068572
    -0.37236     0.56717    0.069049   0.0068572
    -0.46511     0.39552     0.21953   0.0089888
    -0.46511     0.39552     0.21953   0.0089888
    -0.56236       0.635    -0.28166   0.0038645
    -0.56236       0.635    -0.28166   0.0038645
    -0.56236       0.635    -0.28166   0.0038645
    -0.84717     0.49718    -0.26914   0.0067419
    -0.83062     0.78046    -0.30275    0.009576
    -0.83062     0.78046    -0.30275    0.009576
     -1.0993     0.83076      0.4364     0.02594
     -1.0993     0.83076      0.4364     0.02594
     -1.0993     0.83076      0.4364     0.02594
     -0.9036     0.60059    -0.40071   0.0040026
     -1.0553     0.67257    -0.10253    0.012221
     -1.0553     0.67257    -0.10253    0.012221
     -1.0553     0.67257    -0.10253    0.012221
    -0.86415     0.56792    -0.40711   0.0030332
     -0.7212     0.58857    -0.41887   0.0023401
    -0.62846     0.65599    -0.35052   0.0033014
    -0.70089     0.54656    -0.37026   0.0036114
    -0.41676     0.76155    -0.21263   0.0047091
    -0.45448     0.86843    -0.27713   0.0051699
    -0.45448     0.86843    -0.27713   0.0051699
    -0.48114     0.87221    -0.26966   0.0054736
     -0.6726     0.70273    -0.37632   0.0036412
     -0.7527     0.93596    -0.10624    0.014017
     -0.7527     0.93596    -0.10624    0.014017
    -0.81152     0.81061    -0.26135    0.011963
     -1.0702     0.87239     0.47419    0.025222
     -1.0702     0.87239     0.47419    0.025222
     -1.0702     0.87239     0.47419    0.025222
     -1.0702     0.87239     0.47419    0.025222
     -0.8019      1.0181     0.16707    0.025975
    -0.52015       1.141    0.046023    0.023772
    -0.81113      1.0619     0.34627    0.039364
    -0.53369     0.91769    -0.25885   0.0092126
    -0.53552     0.65785    -0.26052   0.0037526
    -0.42783     0.80726    -0.23744   0.0052752
    -0.32866      1.0245    -0.24128   0.0099122
    -0.32866      1.0245    -0.24128   0.0099122
    -0.32866      1.0245    -0.24128   0.0099122
    -0.32866      1.0245    -0.24128   0.0099122
    -0.32866      1.0245    -0.24128   0.0099122
    -0.32866      1.0245    -0.24128   0.0099122
     -0.4643     0.98786    -0.24223   0.0090154
     -0.4643     0.98786    -0.24223   0.0090154
    -0.31593      1.1227    -0.14513     0.01934
    -0.11959      1.1407    -0.15148     0.01803
    -0.11959      1.1407    -0.15148     0.01803
    -0.14448      1.1028     -0.2087     0.01019
    0.092173     0.90645    -0.22846    0.005159
     -0.1655       1.024    -0.23417    0.011665
     -0.1655       1.024    -0.23417    0.011665
   -0.039652     0.88652    -0.20659   0.0052412
    -0.23373      1.0054     -0.2315   0.0087704
    -0.23373      1.0054     -0.2315   0.0087704
    -0.23373      1.0054     -0.2315   0.0087704
 -0.00016696     0.94779    -0.24544   0.0053618
     0.14686     0.87898     -0.2002   0.0046436
      0.1201       1.129    -0.16597    0.016884
