     ACCEPTANCE:
      0.67327
      0.67647
      0.67961
      0.68269
      0.68571
      0.68868
      0.69159
      0.69444
      0.68807
      0.69091
      0.69369
      0.69643
      0.69912
      0.70175
      0.70435
      0.69828
      0.70085
      0.70339
      0.70588
          0.7
      0.69421
      0.69672
      0.69919
      0.69355
        0.696
      0.69048
      0.68504
       0.6875
      0.68217
      0.68462
      0.68702
      0.68939
      0.69173
      0.69403
       0.6963
      0.69853
      0.70073
       0.7029
      0.70504
          0.7
      0.69504
      0.69014
      0.69231
       0.6875
      0.68966
      0.68493
      0.68707
      0.68243
      0.68456
      0.68667
      0.68874
      0.69079
      0.69281
      0.69481
      0.69677
      0.69231
       0.6879
      0.68354
      0.68553
       0.6875
      0.68944
      0.69136
      0.68712
      0.68902
      0.69091
      0.68675
      0.68862
      0.69048
      0.68639
      0.68824
      0.69006
      0.68605
      0.68786
      0.68966
      0.69143
      0.69318
      0.69492
      0.69663
      0.69274
      0.68889
      0.68508
      0.68132
       0.6776
      0.67935
      0.68108
      0.67742
      0.67914
      0.68085
      0.67725
      0.67895
      0.67539
      0.67188
      0.67358
      0.67526
      0.67179
      0.67347
      0.67513
      0.67677
      0.67839
         0.68
      0.68159
      0.68317
      0.68473
      0.68627
       0.6878
      0.68932
      0.69082
      0.69231
      0.69378
      0.69048
      0.69194
      0.68868
      0.69014
      0.68692
      0.68372
      0.68519
      0.68203
      0.68349
      0.68037
      0.67727
      0.67873
      0.68018
      0.67713
      0.67411
      0.67111
      0.67257
       0.6696
      0.67105
      0.67249
      0.67391
        0.671
      0.67241
      0.66953
      0.67094
      0.67234
      0.67373
      0.67511
      0.67647
      0.67782
        0.675
      0.67635
      0.67769
      0.67901
      0.68033
      0.68163
      0.68293
      0.68016
      0.67742
       0.6747
        0.672
      0.67331
      0.67063
      0.66798
      0.66535
      0.66667
      0.66406
      0.66537
      0.66667
      0.66409
      0.66154
      0.66284
      0.66031
       0.6616
      0.65909
       0.6566
      0.65789
      0.65543
      0.65299
      0.65428
      0.65185
      0.65314
      0.65074
      0.64835
      0.64964
      0.65091
      0.64855
      0.64982
      0.65108
      0.64875
         0.65
      0.65125
      0.65248
      0.65018
      0.65141
      0.65263
      0.65035
      0.64808
      0.64583
      0.64706
      0.64828
      0.64948
      0.65068
      0.64846
      0.64626
      0.64746
      0.64865
      0.64983
      0.65101
      0.65217
         0.65
      0.65116
      0.65232
      0.65347
      0.65461
      0.65574
      0.65686
      0.65798
      0.65584
      0.65372
      0.65484
      0.65273
      0.65064
      0.64856
       0.6465
      0.64762
      0.64873
      0.64669
      0.64465
      0.64577
      0.64687
      0.64798
      0.64907
      0.64706
      0.64506
      0.64615
      0.64417
       0.6422
      0.64024
      0.64134
      0.64242
       0.6435
      0.64458
      0.64264
      0.64072
      0.64179
      0.63988
      0.63798
      0.63609
      0.63422
      0.63529
      0.63636
       0.6345
      0.63265
      0.63081
      0.62899
      0.62717
      0.62536
      0.62356
      0.62464
      0.62286
      0.62108
      0.61932
      0.61756
      0.61582
      0.61408
      0.61236
      0.61345
      0.61453
       0.6156
      0.61667
      0.61773
      0.61878
      0.61983
      0.62088
      0.61918
      0.62022
      0.62125
      0.61957
       0.6206
      0.61892
      0.61995
      0.61828
       0.6193
      0.61765
      0.61867
      0.61968
      0.61804
      0.61905
      0.62005
      0.61842
       0.6168
       0.6178
      0.61619
      0.61458
      0.61558
      0.61658
      0.61757
      0.61856
      0.61954
      0.62051
      0.61893
       0.6199
      0.61832
      0.61675
      0.61519
      0.61364
      0.61209
      0.61055
      0.60902
         0.61
      0.61097
      0.60945
      0.60794
      0.60891
      0.60988
      0.61084
      0.61179
      0.61275
      0.61369
       0.6122
      0.61314
      0.61408
      0.61259
      0.61353
      0.61205
      0.61298
      0.61391
      0.61483
      0.61337
      0.61429
       0.6152
      0.61374
      0.61466
      0.61321
      0.61412
      0.61268
      0.61358
      0.61215
      0.61305
      0.61395
      0.61253
      0.61343
      0.61432
      0.61521
      0.61609
      0.61697
      0.61556
      0.61644
      0.61731
      0.61818
      0.61678
      0.61538
        0.614
      0.61486
      0.61348
      0.61211
      0.61298
      0.61384
       0.6147
      0.61333
      0.61419
      0.61504
      0.61589
      0.61454
      0.61319
      0.61404
      0.61488
      0.61354
       0.6122
      0.61087
      0.61171
      0.61039
      0.61123
      0.60991
      0.61075
      0.61159
      0.61028
      0.61111
      0.61194
      0.61277
      0.61359
      0.61441
      0.61522
      0.61603
      0.61684
      0.61555
      0.61426
      0.61506
      0.61378
      0.61458
      0.61538
      0.61618
      0.61698
      0.61777
      0.61856
      0.61934
      0.62012
       0.6209
      0.61963
      0.62041
      0.62118
      0.62195
      0.62272
      0.62348
      0.62424
        0.625
      0.62575
      0.62651
      0.62725
        0.628
      0.62675
      0.62749
      0.62624
        0.625
      0.62376
      0.62253
      0.62327
      0.62402
      0.62475
      0.62549
      0.62622
        0.625
      0.62573
      0.62451
       0.6233
      0.62209
      0.62282
      0.62355
      0.62235
      0.62115
      0.61996
      0.61877
       0.6195
      0.61832
      0.61714
      0.61787
       0.6186
      0.61742
      0.61626
      0.61698
       0.6177
      0.61654
      0.61538
       0.6161
      0.61682
      0.61754
      0.61639
       0.6171
      0.61781
      0.61852
      0.61738
      0.61808
      0.61878
      0.61949
      0.62018
      0.61905
      0.61974
      0.62044
      0.62113
      0.62182
       0.6225
      0.62319
      0.62387
      0.62274
      0.62162
       0.6223
      0.62118
      0.62186
      0.62254
      0.62321
       0.6221
        0.621
      0.62167
      0.62234
      0.62301
      0.62367
      0.62257
      0.62324
       0.6239
      0.62456
      0.62347
      0.62238
      0.62304
      0.62369
      0.62435
      0.62326
      0.62392
      0.62457
      0.62522
      0.62586
      0.62651
      0.62543
      0.62607
      0.62671
      0.62735
      0.62799
      0.62692
      0.62585
      0.62479
      0.62542
      0.62606
      0.62669
      0.62732
      0.62795
      0.62857
      0.62919
      0.62814
      0.62709
      0.62771
      0.62833
      0.62895
      0.62957
      0.62852
      0.62914
       0.6281
      0.62706
      0.62603
      0.62664
      0.62562
      0.62459
       0.6252
      0.62418
      0.62316
      0.62378
      0.62276
      0.62175
      0.62237
      0.62136
      0.62036
      0.61935
      0.61997
      0.62058
      0.61958
      0.62019
       0.6192
      0.61821
      0.61882
      0.61943
      0.61844
      0.61905
      0.61965
      0.61867
      0.61769
       0.6183
       0.6189
       0.6195
      0.61852
      0.61755
      0.61659
      0.61719
      0.61622
      0.61526
      0.61586
      0.61491
       0.6155
      0.61455
      0.61515
       0.6142
      0.61479
      0.61385
      0.61444
      0.61503
      0.61562
      0.61621
      0.61679
      0.61738
      0.61644
       0.6155
      0.61608
      0.61667
      0.61573
       0.6148
      0.61538
      0.61446
      0.61353
      0.61411
      0.61319
      0.61377
      0.61286
      0.61343
      0.61252
       0.6131
      0.61367
      0.61276
      0.61333
      0.61243
      0.61152
      0.61209
      0.61267
      0.61176
      0.61087
      0.61144
      0.61054
      0.60965
      0.61022
      0.60933
       0.6099
      0.60901
      0.60813
       0.6087
      0.60781
      0.60694
       0.6075
      0.60807
      0.60863
       0.6092
      0.60832
      0.60745
      0.60658
      0.60571
      0.60485
      0.60399
      0.60313
      0.60369
      0.60426
      0.60482
      0.60396
      0.60452
      0.60508
      0.60563
      0.60619
      0.60534
      0.60589
      0.60644
      0.60699
      0.60754
      0.60809
      0.60864
      0.60918
      0.60972
      0.60888
      0.60942
      0.60858
      0.60773
      0.60828
      0.60882
      0.60935
      0.60989
      0.61043
      0.61096
      0.61149
      0.61066
      0.61119
      0.61172
      0.61224
      0.61277
       0.6133
      0.61382
      0.61299
      0.61351
      0.61404
      0.61321
      0.61373
      0.61425
      0.61477
      0.61528
       0.6158
      0.61631
      0.61682
      0.61733
      0.61784
      0.61702
       0.6162
      0.61671
      0.61722
       0.6164
      0.61559
      0.61478
      0.61528
      0.61447
      0.61367
      0.61286
      0.61206
      0.61126
      0.61176
      0.61227
      0.61278
      0.61328
      0.61378
      0.61429
      0.61479
      0.61528
      0.61578
      0.61499
      0.61548
      0.61598
      0.61647
      0.61568
      0.61617
      0.61538
      0.61588
      0.61637
      0.61686
      0.61607
      0.61656
      0.61705
      0.61753
      0.61802
      0.61724
      0.61772
       0.6182
      0.61869
      0.61917
      0.61965
      0.61887
      0.61809
      0.61731
      0.61779
      0.61827
      0.61875
      0.61923
       0.6197
      0.61893
       0.6194
      0.61988
      0.61911
      0.61958
      0.62005
      0.62052
      0.62099
      0.62145
      0.62192
      0.62116
      0.62162
      0.62086
      0.62132
      0.62179
      0.62225
      0.62271
      0.62317
      0.62363
      0.62409
      0.62454
        0.625
      0.62424
      0.62349
      0.62394
      0.62319
      0.62364
       0.6241
      0.62455
        0.625
      0.62425
       0.6247
      0.62515
       0.6256
      0.62605
      0.62649
      0.62574
      0.62619
      0.62663
      0.62708
      0.62633
      0.62678
      0.62604
      0.62648
      0.62574
      0.62618
      0.62662
      0.62588
      0.62632
      0.62676
      0.62603
      0.62646
      0.62573
      0.62617
       0.6266
      0.62704
      0.62747
      0.62674
      0.62718
      0.62645
      0.62688
      0.62616
      0.62543
      0.62471
      0.62399
      0.62442
      0.62486
      0.62414
      0.62457
      0.62385
      0.62428
      0.62357
        0.624
      0.62443
      0.62372
      0.62415
      0.62457
      0.62386
      0.62429
      0.62472
      0.62514
      0.62557
      0.62599
      0.62641
      0.62683
      0.62613
      0.62655
      0.62697
      0.62626
      0.62556
      0.62598
       0.6264
      0.62682
      0.62723
      0.62765
      0.62806
      0.62736
      0.62667
      0.62597
      0.62639
      0.62569
      0.62611
      0.62541
      0.62472
      0.62404
      0.62335
      0.62266
      0.62198
       0.6213
      0.62061
      0.62103
      0.62144
      0.62186
      0.62118
       0.6205
      0.61983
      0.62024
      0.61957
      0.61889
      0.61931
      0.61863
      0.61797
       0.6173
      0.61663
      0.61597
       0.6153
      0.61572
      0.61613
      0.61654
      0.61588
      0.61629
       0.6167
      0.61711
      0.61752
      0.61686
       0.6162
      0.61661
      0.61702
      0.61743
      0.61783
      0.61718
      0.61758
      0.61693
      0.61734
      0.61774
      0.61709
      0.61749
      0.61789
      0.61725
      0.61765
      0.61805
      0.61845
      0.61885
       0.6182
       0.6186
      0.61795
      0.61835
      0.61771
      0.61707
      0.61746
      0.61682
      0.61722
      0.61762
      0.61801
      0.61841
      0.61777
      0.61816
      0.61856
      0.61792
      0.61831
      0.61871
       0.6191
      0.61846
      0.61885
      0.61924
      0.61963
        0.619
      0.61837
      0.61876
      0.61813
      0.61851
       0.6189
      0.61929
      0.61968
      0.62006
      0.61943
      0.61982
       0.6202
      0.62059
      0.61996
      0.62034
      0.62072
      0.62111
      0.62048
      0.61986
      0.61924
      0.61862
        0.619
      0.61838
      0.61876
      0.61815
      0.61853
      0.61791
      0.61829
      0.61768
      0.61706
      0.61744
      0.61683
      0.61622
      0.61561
      0.61599
      0.61538
      0.61478
      0.61516
      0.61554
      0.61591
      0.61629
      0.61667
      0.61704
      0.61742
      0.61681
      0.61719
      0.61659
      0.61696
      0.61733
       0.6177
      0.61808
      0.61845
      0.61882
      0.61919
      0.61859
      0.61896
      0.61836
      0.61873
      0.61813
       0.6185
      0.61886
      0.61827
      0.61768
      0.61804
      0.61745
      0.61782
      0.61722
      0.61663
        0.617
      0.61737
      0.61678
      0.61714
      0.61656
      0.61597
      0.61633
       0.6167
      0.61611
      0.61553
      0.61589
      0.61626
      0.61662
      0.61698
      0.61734
       0.6177
      0.61712
      0.61748
      0.61784
       0.6182
      0.61762
      0.61798
      0.61833
      0.61776
      0.61718
       0.6166
      0.61696
      0.61732
      0.61767
      0.61803
      0.61838
      0.61874
      0.61909
      0.61852
      0.61795
      0.61738
      0.61681
      0.61624
      0.61659
      0.61602
      0.61638
      0.61673
      0.61616
      0.61651
      0.61687
      0.61722
      0.61665
        0.617
      0.61735
      0.61679
      0.61623
      0.61658
      0.61692
      0.61727
