     ACCEPTANCE:
     0.039604
     0.039216
     0.038835
     0.038462
     0.038095
     0.037736
     0.037383
     0.037037
     0.036697
     0.036364
     0.036036
     0.035714
     0.035398
     0.035088
     0.034783
     0.034483
     0.034188
     0.033898
     0.033613
     0.033333
     0.033058
     0.032787
      0.03252
     0.032258
        0.032
     0.031746
     0.031496
      0.03125
     0.031008
     0.030769
     0.030534
     0.030303
     0.030075
     0.029851
      0.02963
     0.029412
     0.029197
     0.028986
     0.028777
     0.028571
     0.028369
     0.028169
     0.027972
     0.027778
     0.027586
     0.027397
     0.027211
     0.027027
     0.026846
     0.026667
      0.02649
     0.026316
     0.026144
     0.025974
     0.025806
     0.025641
     0.025478
     0.025316
     0.025157
        0.025
     0.024845
     0.024691
      0.02454
      0.02439
     0.024242
     0.024096
     0.023952
      0.02381
     0.023669
     0.023529
     0.023392
     0.023256
     0.023121
     0.022989
     0.022857
     0.022727
     0.022599
     0.022472
     0.022346
     0.022222
     0.022099
     0.021978
     0.021858
     0.021739
     0.021622
     0.021505
      0.02139
     0.021277
     0.021164
     0.026316
     0.026178
     0.026042
     0.025907
     0.025773
     0.025641
      0.02551
     0.030457
     0.030303
     0.030151
         0.03
     0.029851
     0.029703
     0.029557
     0.034314
     0.034146
     0.033981
     0.038647
     0.038462
     0.038278
     0.038095
     0.037915
     0.037736
     0.042254
     0.042056
      0.04186
     0.041667
     0.041475
     0.041284
     0.041096
     0.040909
     0.040724
     0.040541
     0.040359
     0.040179
         0.04
     0.039823
     0.039648
     0.039474
     0.039301
      0.03913
     0.038961
     0.038793
     0.038627
     0.038462
     0.038298
     0.038136
     0.037975
     0.037815
     0.037657
       0.0375
     0.037344
      0.03719
     0.037037
     0.036885
     0.036735
     0.036585
     0.036437
      0.03629
     0.036145
         0.04
     0.039841
     0.039683
     0.039526
      0.03937
     0.039216
     0.039062
     0.038911
      0.03876
      0.03861
     0.038462
     0.038314
     0.038168
     0.038023
     0.037879
     0.037736
     0.037594
     0.037453
     0.037313
     0.037175
     0.037037
       0.0369
     0.036765
      0.03663
     0.036496
     0.036364
     0.036232
     0.036101
     0.035971
     0.035842
     0.035714
     0.035587
     0.035461
     0.035336
     0.035211
     0.035088
     0.034965
     0.034843
     0.034722
     0.034602
     0.034483
     0.034364
     0.034247
      0.03413
     0.034014
     0.033898
     0.033784
      0.03367
     0.033557
     0.033445
     0.033333
     0.033223
     0.033113
     0.033003
     0.032895
     0.032787
      0.03268
     0.032573
     0.032468
     0.032362
     0.032258
     0.032154
     0.032051
     0.031949
     0.031847
     0.031746
     0.031646
     0.031546
     0.031447
     0.031348
      0.03125
     0.031153
     0.031056
      0.03096
     0.030864
     0.030769
     0.030675
     0.030581
     0.030488
     0.030395
     0.030303
     0.030211
      0.03012
      0.03003
      0.02994
     0.029851
     0.029762
     0.029674
     0.029586
     0.029499
     0.029412
     0.029326
      0.02924
     0.029155
      0.02907
     0.028986
     0.028902
     0.028818
     0.028736
     0.028653
     0.028571
      0.02849
      0.03125
     0.031161
     0.031073
     0.030986
     0.030899
     0.030812
     0.030726
     0.030641
     0.030556
     0.030471
     0.030387
     0.030303
      0.03022
     0.030137
     0.030055
     0.029973
     0.029891
      0.02981
      0.02973
      0.02965
      0.02957
     0.029491
     0.029412
     0.029333
     0.029255
     0.029178
     0.029101
     0.029024
     0.028947
     0.028871
     0.028796
     0.028721
     0.028646
     0.028571
     0.028497
     0.028424
     0.028351
     0.028278
     0.028205
     0.028133
     0.028061
      0.02799
     0.027919
     0.027848
     0.027778
     0.027708
     0.027638
     0.027569
       0.0275
     0.027431
     0.027363
     0.027295
     0.027228
      0.02716
     0.027094
     0.027027
     0.026961
     0.026895
     0.026829
     0.026764
     0.026699
     0.026634
      0.02657
     0.026506
     0.026442
     0.026379
     0.026316
     0.026253
     0.028571
     0.028504
     0.028436
     0.028369
     0.028302
     0.028235
     0.028169
     0.028103
     0.028037
     0.030303
     0.030233
     0.030162
     0.030093
     0.030023
     0.029954
     0.029885
      0.03211
     0.032037
     0.031963
     0.031891
     0.031818
     0.031746
     0.031674
     0.031603
     0.033784
     0.033708
     0.033632
     0.033557
     0.033482
     0.033408
     0.033333
     0.033259
     0.033186
     0.033113
      0.03304
     0.032967
     0.032895
     0.032823
     0.032751
      0.03268
     0.032609
     0.032538
     0.032468
     0.034557
     0.034483
     0.034409
     0.034335
     0.034261
     0.034188
     0.034115
     0.034043
     0.036093
     0.036017
     0.035941
     0.035865
     0.035789
     0.035714
     0.035639
     0.035565
     0.035491
     0.035417
     0.035343
      0.03527
     0.035197
     0.035124
     0.035052
     0.034979
     0.034908
     0.034836
     0.034765
     0.034694
     0.034623
     0.034553
     0.034483
     0.034413
     0.034343
     0.034274
     0.034205
     0.034137
     0.034068
        0.034
     0.033932
     0.033865
     0.033797
      0.03373
     0.033663
     0.033597
     0.033531
     0.033465
     0.035363
     0.035294
     0.035225
     0.035156
     0.035088
     0.035019
     0.034951
     0.034884
     0.034816
     0.034749
     0.034682
     0.034615
     0.034549
     0.034483
     0.036329
      0.03626
      0.03619
     0.036122
     0.036053
     0.035985
     0.035917
     0.035849
     0.035782
     0.035714
     0.035647
     0.035581
     0.035514
     0.035448
     0.035382
     0.037175
     0.037106
     0.037037
     0.036969
       0.0369
     0.036832
     0.036765
     0.036697
      0.03663
     0.036563
     0.036496
      0.03643
     0.036364
     0.036298
     0.036232
     0.036166
     0.036101
     0.036036
      0.03777
     0.037702
     0.037634
     0.037567
       0.0375
     0.037433
     0.037367
       0.0373
     0.037234
     0.037168
     0.037102
     0.037037
     0.036972
     0.036907
     0.036842
     0.036778
     0.036713
     0.036649
     0.036585
     0.036522
     0.036458
     0.036395
     0.036332
     0.036269
     0.036207
     0.036145
     0.036082
     0.036021
     0.035959
     0.035897
     0.035836
     0.035775
     0.035714
     0.035654
     0.035593
     0.035533
     0.035473
     0.035413
     0.035354
     0.036975
     0.036913
     0.036851
     0.036789
     0.036728
     0.036667
     0.036606
     0.036545
     0.036484
     0.036424
     0.036364
     0.036304
     0.036244
     0.036184
     0.036125
     0.036066
     0.036007
     0.035948
     0.035889
     0.035831
     0.035772
     0.035714
     0.035656
     0.035599
     0.035541
     0.035484
     0.035427
      0.03537
     0.035313
     0.035256
       0.0352
     0.035144
     0.036683
     0.036624
     0.036566
     0.036508
      0.03645
     0.036392
     0.036335
     0.036278
      0.03622
     0.036164
     0.036107
      0.03605
     0.035994
     0.035937
     0.035881
     0.035826
      0.03577
     0.035714
     0.035659
     0.035604
     0.035549
     0.035494
     0.035439
     0.035385
      0.03533
     0.035276
     0.035222
     0.036697
     0.036641
     0.036585
      0.03653
     0.036474
     0.036419
     0.036364
     0.036309
     0.036254
     0.036199
     0.036145
      0.03609
     0.036036
     0.035982
     0.035928
     0.035874
     0.035821
     0.035768
     0.035714
     0.035661
     0.035608
     0.035556
     0.035503
     0.035451
     0.035398
     0.035346
     0.035294
     0.035242
     0.035191
     0.035139
     0.035088
     0.035036
     0.034985
     0.034934
     0.034884
     0.034833
     0.034783
     0.034732
     0.034682
     0.034632
     0.034582
     0.034532
     0.034483
     0.034433
     0.034384
     0.034335
     0.034286
     0.034237
     0.034188
     0.034139
     0.034091
     0.034043
     0.033994
     0.033946
     0.033898
      0.03385
     0.033803
     0.033755
     0.033708
     0.033661
     0.033613
     0.033566
      0.03352
     0.033473
     0.033426
      0.03338
     0.033333
     0.033287
     0.033241
     0.033195
     0.033149
     0.033103
     0.033058
     0.033012
     0.032967
     0.032922
     0.032877
     0.032832
     0.032787
     0.032742
     0.032698
     0.032653
     0.032609
     0.032564
      0.03252
     0.032476
     0.032432
     0.032389
     0.032345
     0.032301
     0.032258
     0.032215
     0.032172
     0.032129
     0.032086
     0.032043
        0.032
     0.031957
     0.031915
     0.031873
      0.03183
     0.031788
     0.031746
     0.031704
     0.031662
     0.031621
     0.031579
     0.031537
     0.031496
     0.031455
     0.031414
     0.031373
     0.031332
     0.031291
     0.032552
      0.03251
     0.032468
     0.032425
     0.032383
     0.032342
       0.0323
     0.032258
     0.032216
     0.032175
     0.032134
     0.032092
     0.032051
      0.03201
     0.031969
     0.031928
     0.031888
     0.031847
     0.031807
     0.031766
     0.031726
     0.031686
     0.031646
     0.031606
     0.031566
     0.031526
     0.031486
     0.031447
     0.031407
     0.031368
     0.031328
     0.031289
      0.03125
     0.031211
     0.031172
     0.031133
     0.031095
     0.031056
     0.031017
     0.030979
     0.030941
     0.030902
     0.030864
     0.030826
     0.030788
      0.03075
     0.030713
     0.030675
     0.030637
       0.0306
     0.030562
     0.030525
     0.030488
     0.030451
     0.030414
     0.030377
      0.03034
     0.030303
     0.030266
      0.03023
     0.030193
     0.030157
      0.03012
     0.030084
     0.030048
     0.030012
     0.029976
      0.02994
     0.029904
     0.029869
     0.029833
     0.029797
     0.029762
     0.029727
     0.029691
     0.029656
     0.029621
     0.029586
     0.029551
     0.029516
     0.029481
     0.029446
     0.029412
     0.029377
     0.029343
     0.029308
     0.029274
      0.02924
     0.029206
     0.029172
     0.029138
     0.029104
      0.02907
     0.029036
     0.029002
     0.028969
     0.028935
     0.028902
     0.028868
     0.028835
     0.028802
     0.028769
     0.028736
     0.028703
      0.02867
     0.028637
     0.028604
     0.028571
     0.028539
     0.028506
     0.028474
     0.028441
     0.028409
     0.028377
     0.028345
     0.028313
     0.028281
     0.028249
     0.028217
     0.028185
     0.028153
     0.028121
      0.02809
     0.028058
     0.028027
     0.027996
     0.027964
     0.027933
     0.027902
     0.027871
      0.02784
     0.027809
     0.027778
     0.027747
     0.027716
     0.027685
     0.028761
     0.028729
     0.028698
     0.028666
     0.028634
     0.028603
     0.028571
      0.02854
     0.028509
     0.028478
     0.028446
     0.029508
     0.029476
     0.029444
     0.029412
      0.02938
     0.029348
     0.029316
     0.029284
     0.029252
     0.029221
     0.029189
     0.029158
     0.029126
     0.029095
     0.029064
     0.029032
     0.029001
      0.02897
     0.028939
     0.028908
     0.028877
     0.028846
     0.028815
     0.028785
     0.028754
     0.028723
     0.028693
     0.028662
     0.028632
     0.028602
     0.028571
     0.028541
     0.028511
     0.028481
     0.028451
     0.028421
     0.028391
     0.028361
     0.028332
     0.028302
     0.029319
     0.029289
     0.029258
     0.029228
     0.029197
     0.029167
     0.029136
     0.030146
     0.030114
     0.030083
     0.030052
     0.030021
      0.02999
     0.029959
     0.029928
     0.029897
     0.029866
     0.029835
     0.029805
     0.029774
     0.029744
     0.029713
     0.029683
     0.029652
     0.029622
     0.029592
     0.029562
     0.029532
     0.029502
     0.029472
     0.029442
     0.029412
     0.029382
     0.029352
     0.029323
     0.029293
     0.029263
     0.029234
     0.029204
     0.030181
     0.030151
      0.03012
      0.03009
      0.03006
      0.03003
         0.03
      0.02997
      0.02994
      0.02991
      0.02988
     0.029851
     0.029821
     0.029791
     0.029762
     0.029732
     0.029703
     0.029674
     0.029644
     0.029615
     0.029586
     0.029557
     0.029528
     0.029499
      0.02947
     0.029441
     0.029412
     0.029383
     0.029354
     0.029326
     0.029297
     0.029268
      0.02924
     0.029211
     0.029183
     0.029155
     0.029126
     0.029098
      0.02907
     0.029042
     0.029014
     0.028986
     0.028958
      0.02893
     0.028902
     0.028874
     0.028846
     0.028818
     0.028791
     0.028763
     0.028736
     0.028708
     0.028681
     0.028653
     0.028626
     0.028599
     0.028571
     0.028544
     0.028517
      0.02849
     0.028463
     0.028436
     0.028409
     0.028382
     0.028355
     0.028329
     0.028302
     0.028275
     0.028249
     0.028222
     0.029135
     0.029108
     0.029081
     0.029053
     0.029026
     0.028999
     0.028972
     0.028945
     0.028918
     0.028891
     0.028864
     0.028837
      0.02881
     0.028784
     0.028757
      0.02873
     0.028704
     0.028677
     0.028651
     0.028624
     0.028598
     0.028571
     0.028545
     0.028519
     0.028493
     0.028466
      0.02844
     0.028414
     0.028388
     0.028362
     0.028336
     0.028311
     0.028285
     0.028259
     0.028233
     0.028207
     0.028182
