     MU:      SIGMA:     E_MEASURED:    ERROR:
    -0.80072     0.63628    -0.44344   0.0026557
    -0.80072     0.63628    -0.44344   0.0026557
    -0.80072     0.63628    -0.44344   0.0026557
    -0.80072     0.63628    -0.44344   0.0026557
    -0.80072     0.63628    -0.44344   0.0026557
    -0.80072     0.63628    -0.44344   0.0026557
    -0.80072     0.63628    -0.44344   0.0026557
    -0.80072     0.63628    -0.44344   0.0026557
    -0.80072     0.63628    -0.44344   0.0026557
    -0.80072     0.63628    -0.44344   0.0026557
    -0.80072     0.63628    -0.44344   0.0026557
    -0.80072     0.63628    -0.44344   0.0026557
    -0.80072     0.63628    -0.44344   0.0026557
    -0.80072     0.63628    -0.44344   0.0026557
    -0.80072     0.63628    -0.44344   0.0026557
    -0.80072     0.63628    -0.44344   0.0026557
    -0.80072     0.63628    -0.44344   0.0026557
    -0.80072     0.63628    -0.44344   0.0026557
    -0.80072     0.63628    -0.44344   0.0026557
    -0.80072     0.63628    -0.44344   0.0026557
    -0.80072     0.63628    -0.44344   0.0026557
    -0.80072     0.63628    -0.44344   0.0026557
    -0.80072     0.63628    -0.44344   0.0026557
    -0.80072     0.63628    -0.44344   0.0026557
    -0.80072     0.63628    -0.44344   0.0026557
    -0.80072     0.63628    -0.44344   0.0026557
    -0.80072     0.63628    -0.44344   0.0026557
    -0.80072     0.63628    -0.44344   0.0026557
    -0.80072     0.63628    -0.44344   0.0026557
    -0.80072     0.63628    -0.44344   0.0026557
    -0.80072     0.63628    -0.44344   0.0026557
    -0.80072     0.63628    -0.44344   0.0026557
    -0.80072     0.63628    -0.44344   0.0026557
    -0.80072     0.63628    -0.44344   0.0026557
    -0.80072     0.63628    -0.44344   0.0026557
    -0.80072     0.63628    -0.44344   0.0026557
    -0.80072     0.63628    -0.44344   0.0026557
    -0.80072     0.63628    -0.44344   0.0026557
    -0.80072     0.63628    -0.44344   0.0026557
    -0.80072     0.63628    -0.44344   0.0026557
    -0.80072     0.63628    -0.44344   0.0026557
    -0.80072     0.63628    -0.44344   0.0026557
    -0.80072     0.63628    -0.44344   0.0026557
    -0.80072     0.63628    -0.44344   0.0026557
    -0.80072     0.63628    -0.44344   0.0026557
    -0.80072     0.63628    -0.44344   0.0026557
    -0.80072     0.63628    -0.44344   0.0026557
    -0.80072     0.63628    -0.44344   0.0026557
    -0.80072     0.63628    -0.44344   0.0026557
    -0.80072     0.63628    -0.44344   0.0026557
    -0.80072     0.63628    -0.44344   0.0026557
    -0.80072     0.63628    -0.44344   0.0026557
    -0.80072     0.63628    -0.44344   0.0026557
    -0.80072     0.63628    -0.44344   0.0026557
    -0.80072     0.63628    -0.44344   0.0026557
    -0.80072     0.63628    -0.44344   0.0026557
    -0.80072     0.63628    -0.44344   0.0026557
    -0.80072     0.63628    -0.44344   0.0026557
    -0.80072     0.63628    -0.44344   0.0026557
    -0.80072     0.63628    -0.44344   0.0026557
    -0.80072     0.63628    -0.44344   0.0026557
    -0.80072     0.63628    -0.44344   0.0026557
    -0.80072     0.63628    -0.44344   0.0026557
    -0.80072     0.63628    -0.44344   0.0026557
    -0.80072     0.63628    -0.44344   0.0026557
    -0.80072     0.63628    -0.44344   0.0026557
    -0.80072     0.63628    -0.44344   0.0026557
    -0.80072     0.63628    -0.44344   0.0026557
    -0.80072     0.63628    -0.44344   0.0026557
    -0.80072     0.63628    -0.44344   0.0026557
    -0.80072     0.63628    -0.44344   0.0026557
    -0.80072     0.63628    -0.44344   0.0026557
    -0.80072     0.63628    -0.44344   0.0026557
    -0.80072     0.63628    -0.44344   0.0026557
    -0.80072     0.63628    -0.44344   0.0026557
    -0.80072     0.63628    -0.44344   0.0026557
    -0.80072     0.63628    -0.44344   0.0026557
    -0.80072     0.63628    -0.44344   0.0026557
    -0.80072     0.63628    -0.44344   0.0026557
    -0.80072     0.63628    -0.44344   0.0026557
    -0.80072     0.63628    -0.44344   0.0026557
    -0.80072     0.63628    -0.44344   0.0026557
    -0.80072     0.63628    -0.44344   0.0026557
    -0.80072     0.63628    -0.44344   0.0026557
    -0.80072     0.63628    -0.44344   0.0026557
    -0.80072     0.63628    -0.44344   0.0026557
    -0.80072     0.63628    -0.44344   0.0026557
    -0.80072     0.63628    -0.44344   0.0026557
    -0.80072     0.63628    -0.44344   0.0026557
    -0.83851     0.65754    -0.42992   0.0042459
    -0.83851     0.65754    -0.42992   0.0042459
    -0.83851     0.65754    -0.42992   0.0042459
    -0.83851     0.65754    -0.42992   0.0042459
    -0.83851     0.65754    -0.42992   0.0042459
    -0.83851     0.65754    -0.42992   0.0042459
    -0.83851     0.65754    -0.42992   0.0042459
    -0.79435     0.67184    -0.42488   0.0038518
    -0.79435     0.67184    -0.42488   0.0038518
    -0.79435     0.67184    -0.42488   0.0038518
    -0.79435     0.67184    -0.42488   0.0038518
    -0.79435     0.67184    -0.42488   0.0038518
    -0.79435     0.67184    -0.42488   0.0038518
    -0.79435     0.67184    -0.42488   0.0038518
    -0.80266     0.62935    -0.44219   0.0023532
    -0.80266     0.62935    -0.44219   0.0023532
    -0.80266     0.62935    -0.44219   0.0023532
    -0.73628     0.65689    -0.42133   0.0036555
    -0.73628     0.65689    -0.42133   0.0036555
    -0.73628     0.65689    -0.42133   0.0036555
    -0.73628     0.65689    -0.42133   0.0036555
    -0.73628     0.65689    -0.42133   0.0036555
    -0.73628     0.65689    -0.42133   0.0036555
    -0.72803     0.65206    -0.42464   0.0024048
    -0.72803     0.65206    -0.42464   0.0024048
    -0.72803     0.65206    -0.42464   0.0024048
    -0.72803     0.65206    -0.42464   0.0024048
    -0.72803     0.65206    -0.42464   0.0024048
    -0.72803     0.65206    -0.42464   0.0024048
    -0.72803     0.65206    -0.42464   0.0024048
    -0.72803     0.65206    -0.42464   0.0024048
    -0.72803     0.65206    -0.42464   0.0024048
    -0.72803     0.65206    -0.42464   0.0024048
    -0.72803     0.65206    -0.42464   0.0024048
    -0.72803     0.65206    -0.42464   0.0024048
    -0.72803     0.65206    -0.42464   0.0024048
    -0.72803     0.65206    -0.42464   0.0024048
    -0.72803     0.65206    -0.42464   0.0024048
    -0.72803     0.65206    -0.42464   0.0024048
    -0.72803     0.65206    -0.42464   0.0024048
    -0.72803     0.65206    -0.42464   0.0024048
    -0.72803     0.65206    -0.42464   0.0024048
    -0.72803     0.65206    -0.42464   0.0024048
    -0.72803     0.65206    -0.42464   0.0024048
    -0.72803     0.65206    -0.42464   0.0024048
    -0.72803     0.65206    -0.42464   0.0024048
    -0.72803     0.65206    -0.42464   0.0024048
    -0.72803     0.65206    -0.42464   0.0024048
    -0.72803     0.65206    -0.42464   0.0024048
    -0.72803     0.65206    -0.42464   0.0024048
    -0.72803     0.65206    -0.42464   0.0024048
    -0.72803     0.65206    -0.42464   0.0024048
    -0.72803     0.65206    -0.42464   0.0024048
    -0.72803     0.65206    -0.42464   0.0024048
    -0.72803     0.65206    -0.42464   0.0024048
    -0.72803     0.65206    -0.42464   0.0024048
    -0.72803     0.65206    -0.42464   0.0024048
    -0.72803     0.65206    -0.42464   0.0024048
    -0.72803     0.65206    -0.42464   0.0024048
    -0.72803     0.65206    -0.42464   0.0024048
    -0.83036     0.61549    -0.44111    0.003289
    -0.83036     0.61549    -0.44111    0.003289
    -0.83036     0.61549    -0.44111    0.003289
    -0.83036     0.61549    -0.44111    0.003289
    -0.83036     0.61549    -0.44111    0.003289
    -0.83036     0.61549    -0.44111    0.003289
    -0.83036     0.61549    -0.44111    0.003289
    -0.83036     0.61549    -0.44111    0.003289
    -0.83036     0.61549    -0.44111    0.003289
    -0.83036     0.61549    -0.44111    0.003289
    -0.83036     0.61549    -0.44111    0.003289
    -0.83036     0.61549    -0.44111    0.003289
    -0.83036     0.61549    -0.44111    0.003289
    -0.83036     0.61549    -0.44111    0.003289
    -0.83036     0.61549    -0.44111    0.003289
    -0.83036     0.61549    -0.44111    0.003289
    -0.83036     0.61549    -0.44111    0.003289
    -0.83036     0.61549    -0.44111    0.003289
    -0.83036     0.61549    -0.44111    0.003289
    -0.83036     0.61549    -0.44111    0.003289
    -0.83036     0.61549    -0.44111    0.003289
    -0.83036     0.61549    -0.44111    0.003289
    -0.83036     0.61549    -0.44111    0.003289
    -0.83036     0.61549    -0.44111    0.003289
    -0.83036     0.61549    -0.44111    0.003289
    -0.83036     0.61549    -0.44111    0.003289
    -0.83036     0.61549    -0.44111    0.003289
    -0.83036     0.61549    -0.44111    0.003289
    -0.83036     0.61549    -0.44111    0.003289
    -0.83036     0.61549    -0.44111    0.003289
    -0.83036     0.61549    -0.44111    0.003289
    -0.83036     0.61549    -0.44111    0.003289
    -0.83036     0.61549    -0.44111    0.003289
    -0.83036     0.61549    -0.44111    0.003289
    -0.83036     0.61549    -0.44111    0.003289
    -0.83036     0.61549    -0.44111    0.003289
    -0.83036     0.61549    -0.44111    0.003289
    -0.83036     0.61549    -0.44111    0.003289
    -0.83036     0.61549    -0.44111    0.003289
    -0.83036     0.61549    -0.44111    0.003289
    -0.83036     0.61549    -0.44111    0.003289
    -0.83036     0.61549    -0.44111    0.003289
    -0.83036     0.61549    -0.44111    0.003289
    -0.83036     0.61549    -0.44111    0.003289
    -0.83036     0.61549    -0.44111    0.003289
    -0.83036     0.61549    -0.44111    0.003289
    -0.83036     0.61549    -0.44111    0.003289
    -0.83036     0.61549    -0.44111    0.003289
    -0.83036     0.61549    -0.44111    0.003289
    -0.83036     0.61549    -0.44111    0.003289
    -0.83036     0.61549    -0.44111    0.003289
    -0.83036     0.61549    -0.44111    0.003289
    -0.83036     0.61549    -0.44111    0.003289
    -0.83036     0.61549    -0.44111    0.003289
    -0.83036     0.61549    -0.44111    0.003289
    -0.83036     0.61549    -0.44111    0.003289
    -0.83036     0.61549    -0.44111    0.003289
    -0.83036     0.61549    -0.44111    0.003289
    -0.83036     0.61549    -0.44111    0.003289
    -0.83036     0.61549    -0.44111    0.003289
    -0.83036     0.61549    -0.44111    0.003289
    -0.83036     0.61549    -0.44111    0.003289
    -0.83036     0.61549    -0.44111    0.003289
    -0.83036     0.61549    -0.44111    0.003289
    -0.83036     0.61549    -0.44111    0.003289
    -0.83036     0.61549    -0.44111    0.003289
    -0.83036     0.61549    -0.44111    0.003289
    -0.83036     0.61549    -0.44111    0.003289
    -0.83036     0.61549    -0.44111    0.003289
    -0.83036     0.61549    -0.44111    0.003289
    -0.83036     0.61549    -0.44111    0.003289
    -0.83036     0.61549    -0.44111    0.003289
    -0.83036     0.61549    -0.44111    0.003289
    -0.83036     0.61549    -0.44111    0.003289
    -0.83036     0.61549    -0.44111    0.003289
    -0.83036     0.61549    -0.44111    0.003289
    -0.83036     0.61549    -0.44111    0.003289
    -0.83036     0.61549    -0.44111    0.003289
    -0.83036     0.61549    -0.44111    0.003289
    -0.83036     0.61549    -0.44111    0.003289
    -0.83036     0.61549    -0.44111    0.003289
    -0.83036     0.61549    -0.44111    0.003289
    -0.83036     0.61549    -0.44111    0.003289
    -0.83036     0.61549    -0.44111    0.003289
    -0.83036     0.61549    -0.44111    0.003289
    -0.83036     0.61549    -0.44111    0.003289
    -0.83036     0.61549    -0.44111    0.003289
    -0.83036     0.61549    -0.44111    0.003289
    -0.83036     0.61549    -0.44111    0.003289
    -0.83036     0.61549    -0.44111    0.003289
    -0.83036     0.61549    -0.44111    0.003289
    -0.83036     0.61549    -0.44111    0.003289
    -0.83036     0.61549    -0.44111    0.003289
    -0.83036     0.61549    -0.44111    0.003289
    -0.83036     0.61549    -0.44111    0.003289
    -0.83036     0.61549    -0.44111    0.003289
    -0.83036     0.61549    -0.44111    0.003289
    -0.83036     0.61549    -0.44111    0.003289
    -0.83036     0.61549    -0.44111    0.003289
    -0.83036     0.61549    -0.44111    0.003289
    -0.83036     0.61549    -0.44111    0.003289
    -0.83036     0.61549    -0.44111    0.003289
    -0.77725     0.60514    -0.44448   0.0024543
    -0.77725     0.60514    -0.44448   0.0024543
    -0.77725     0.60514    -0.44448   0.0024543
    -0.77725     0.60514    -0.44448   0.0024543
    -0.77725     0.60514    -0.44448   0.0024543
    -0.77725     0.60514    -0.44448   0.0024543
    -0.77725     0.60514    -0.44448   0.0024543
    -0.77725     0.60514    -0.44448   0.0024543
    -0.77725     0.60514    -0.44448   0.0024543
    -0.77725     0.60514    -0.44448   0.0024543
    -0.77725     0.60514    -0.44448   0.0024543
    -0.77725     0.60514    -0.44448   0.0024543
    -0.77725     0.60514    -0.44448   0.0024543
    -0.77725     0.60514    -0.44448   0.0024543
    -0.77725     0.60514    -0.44448   0.0024543
    -0.77725     0.60514    -0.44448   0.0024543
    -0.77725     0.60514    -0.44448   0.0024543
    -0.77725     0.60514    -0.44448   0.0024543
    -0.77725     0.60514    -0.44448   0.0024543
    -0.77725     0.60514    -0.44448   0.0024543
    -0.77725     0.60514    -0.44448   0.0024543
    -0.77725     0.60514    -0.44448   0.0024543
    -0.77725     0.60514    -0.44448   0.0024543
    -0.77725     0.60514    -0.44448   0.0024543
    -0.77725     0.60514    -0.44448   0.0024543
    -0.77725     0.60514    -0.44448   0.0024543
    -0.77725     0.60514    -0.44448   0.0024543
    -0.77725     0.60514    -0.44448   0.0024543
    -0.77725     0.60514    -0.44448   0.0024543
    -0.77725     0.60514    -0.44448   0.0024543
    -0.77725     0.60514    -0.44448   0.0024543
    -0.77725     0.60514    -0.44448   0.0024543
    -0.77725     0.60514    -0.44448   0.0024543
    -0.77725     0.60514    -0.44448   0.0024543
    -0.77725     0.60514    -0.44448   0.0024543
    -0.77725     0.60514    -0.44448   0.0024543
    -0.77725     0.60514    -0.44448   0.0024543
    -0.77725     0.60514    -0.44448   0.0024543
    -0.77725     0.60514    -0.44448   0.0024543
    -0.77725     0.60514    -0.44448   0.0024543
    -0.77725     0.60514    -0.44448   0.0024543
    -0.77725     0.60514    -0.44448   0.0024543
    -0.77725     0.60514    -0.44448   0.0024543
    -0.77725     0.60514    -0.44448   0.0024543
    -0.77725     0.60514    -0.44448   0.0024543
    -0.77725     0.60514    -0.44448   0.0024543
    -0.77725     0.60514    -0.44448   0.0024543
    -0.77725     0.60514    -0.44448   0.0024543
    -0.77725     0.60514    -0.44448   0.0024543
    -0.77725     0.60514    -0.44448   0.0024543
    -0.77725     0.60514    -0.44448   0.0024543
    -0.77725     0.60514    -0.44448   0.0024543
    -0.77725     0.60514    -0.44448   0.0024543
    -0.77725     0.60514    -0.44448   0.0024543
    -0.77725     0.60514    -0.44448   0.0024543
    -0.77725     0.60514    -0.44448   0.0024543
    -0.77725     0.60514    -0.44448   0.0024543
    -0.77725     0.60514    -0.44448   0.0024543
    -0.77725     0.60514    -0.44448   0.0024543
    -0.77725     0.60514    -0.44448   0.0024543
    -0.77725     0.60514    -0.44448   0.0024543
    -0.77725     0.60514    -0.44448   0.0024543
    -0.77725     0.60514    -0.44448   0.0024543
    -0.77725     0.60514    -0.44448   0.0024543
    -0.77725     0.60514    -0.44448   0.0024543
    -0.77725     0.60514    -0.44448   0.0024543
    -0.77725     0.60514    -0.44448   0.0024543
    -0.77725     0.60514    -0.44448   0.0024543
    -0.71217      0.6534    -0.41475   0.0028246
    -0.71217      0.6534    -0.41475   0.0028246
    -0.71217      0.6534    -0.41475   0.0028246
    -0.71217      0.6534    -0.41475   0.0028246
    -0.71217      0.6534    -0.41475   0.0028246
    -0.71217      0.6534    -0.41475   0.0028246
    -0.71217      0.6534    -0.41475   0.0028246
    -0.71217      0.6534    -0.41475   0.0028246
    -0.71217      0.6534    -0.41475   0.0028246
     -0.8844     0.62358    -0.41433   0.0038566
     -0.8844     0.62358    -0.41433   0.0038566
     -0.8844     0.62358    -0.41433   0.0038566
     -0.8844     0.62358    -0.41433   0.0038566
     -0.8844     0.62358    -0.41433   0.0038566
     -0.8844     0.62358    -0.41433   0.0038566
     -0.8844     0.62358    -0.41433   0.0038566
    -0.74642     0.61033    -0.43259    0.002024
    -0.74642     0.61033    -0.43259    0.002024
    -0.74642     0.61033    -0.43259    0.002024
    -0.74642     0.61033    -0.43259    0.002024
    -0.74642     0.61033    -0.43259    0.002024
    -0.74642     0.61033    -0.43259    0.002024
    -0.74642     0.61033    -0.43259    0.002024
    -0.74642     0.61033    -0.43259    0.002024
    -0.82629     0.57496    -0.43092   0.0025903
    -0.82629     0.57496    -0.43092   0.0025903
    -0.82629     0.57496    -0.43092   0.0025903
    -0.82629     0.57496    -0.43092   0.0025903
    -0.82629     0.57496    -0.43092   0.0025903
    -0.82629     0.57496    -0.43092   0.0025903
    -0.82629     0.57496    -0.43092   0.0025903
    -0.82629     0.57496    -0.43092   0.0025903
    -0.82629     0.57496    -0.43092   0.0025903
    -0.82629     0.57496    -0.43092   0.0025903
    -0.82629     0.57496    -0.43092   0.0025903
    -0.82629     0.57496    -0.43092   0.0025903
    -0.82629     0.57496    -0.43092   0.0025903
    -0.82629     0.57496    -0.43092   0.0025903
    -0.82629     0.57496    -0.43092   0.0025903
    -0.82629     0.57496    -0.43092   0.0025903
    -0.82629     0.57496    -0.43092   0.0025903
    -0.82629     0.57496    -0.43092   0.0025903
    -0.82629     0.57496    -0.43092   0.0025903
    -0.76363     0.64727    -0.43467   0.0025434
    -0.76363     0.64727    -0.43467   0.0025434
    -0.76363     0.64727    -0.43467   0.0025434
    -0.76363     0.64727    -0.43467   0.0025434
    -0.76363     0.64727    -0.43467   0.0025434
    -0.76363     0.64727    -0.43467   0.0025434
    -0.76363     0.64727    -0.43467   0.0025434
    -0.76363     0.64727    -0.43467   0.0025434
    -0.81571     0.64574    -0.43785   0.0040103
    -0.81571     0.64574    -0.43785   0.0040103
    -0.81571     0.64574    -0.43785   0.0040103
    -0.81571     0.64574    -0.43785   0.0040103
    -0.81571     0.64574    -0.43785   0.0040103
    -0.81571     0.64574    -0.43785   0.0040103
    -0.81571     0.64574    -0.43785   0.0040103
    -0.81571     0.64574    -0.43785   0.0040103
    -0.81571     0.64574    -0.43785   0.0040103
    -0.81571     0.64574    -0.43785   0.0040103
    -0.81571     0.64574    -0.43785   0.0040103
    -0.81571     0.64574    -0.43785   0.0040103
    -0.81571     0.64574    -0.43785   0.0040103
    -0.81571     0.64574    -0.43785   0.0040103
    -0.81571     0.64574    -0.43785   0.0040103
    -0.81571     0.64574    -0.43785   0.0040103
    -0.81571     0.64574    -0.43785   0.0040103
    -0.81571     0.64574    -0.43785   0.0040103
    -0.81571     0.64574    -0.43785   0.0040103
    -0.81571     0.64574    -0.43785   0.0040103
    -0.81571     0.64574    -0.43785   0.0040103
    -0.81571     0.64574    -0.43785   0.0040103
    -0.81571     0.64574    -0.43785   0.0040103
    -0.81571     0.64574    -0.43785   0.0040103
    -0.81571     0.64574    -0.43785   0.0040103
    -0.81571     0.64574    -0.43785   0.0040103
    -0.81571     0.64574    -0.43785   0.0040103
    -0.81571     0.64574    -0.43785   0.0040103
    -0.81571     0.64574    -0.43785   0.0040103
    -0.81571     0.64574    -0.43785   0.0040103
    -0.81571     0.64574    -0.43785   0.0040103
    -0.81571     0.64574    -0.43785   0.0040103
    -0.81571     0.64574    -0.43785   0.0040103
    -0.81571     0.64574    -0.43785   0.0040103
    -0.81571     0.64574    -0.43785   0.0040103
    -0.81571     0.64574    -0.43785   0.0040103
    -0.81571     0.64574    -0.43785   0.0040103
    -0.81571     0.64574    -0.43785   0.0040103
     -0.7987     0.66086    -0.43222   0.0031697
     -0.7987     0.66086    -0.43222   0.0031697
     -0.7987     0.66086    -0.43222   0.0031697
     -0.7987     0.66086    -0.43222   0.0031697
     -0.7987     0.66086    -0.43222   0.0031697
     -0.7987     0.66086    -0.43222   0.0031697
     -0.7987     0.66086    -0.43222   0.0031697
     -0.7987     0.66086    -0.43222   0.0031697
     -0.7987     0.66086    -0.43222   0.0031697
     -0.7987     0.66086    -0.43222   0.0031697
     -0.7987     0.66086    -0.43222   0.0031697
     -0.7987     0.66086    -0.43222   0.0031697
     -0.7987     0.66086    -0.43222   0.0031697
     -0.7987     0.66086    -0.43222   0.0031697
    -0.79099     0.58466    -0.43249   0.0022414
    -0.79099     0.58466    -0.43249   0.0022414
    -0.79099     0.58466    -0.43249   0.0022414
    -0.79099     0.58466    -0.43249   0.0022414
    -0.79099     0.58466    -0.43249   0.0022414
    -0.79099     0.58466    -0.43249   0.0022414
    -0.79099     0.58466    -0.43249   0.0022414
    -0.79099     0.58466    -0.43249   0.0022414
    -0.79099     0.58466    -0.43249   0.0022414
    -0.79099     0.58466    -0.43249   0.0022414
    -0.79099     0.58466    -0.43249   0.0022414
    -0.79099     0.58466    -0.43249   0.0022414
    -0.79099     0.58466    -0.43249   0.0022414
    -0.79099     0.58466    -0.43249   0.0022414
    -0.79099     0.58466    -0.43249   0.0022414
    -0.81129     0.61643    -0.44596   0.0023929
    -0.81129     0.61643    -0.44596   0.0023929
    -0.81129     0.61643    -0.44596   0.0023929
    -0.81129     0.61643    -0.44596   0.0023929
    -0.81129     0.61643    -0.44596   0.0023929
    -0.81129     0.61643    -0.44596   0.0023929
    -0.81129     0.61643    -0.44596   0.0023929
    -0.81129     0.61643    -0.44596   0.0023929
    -0.81129     0.61643    -0.44596   0.0023929
    -0.81129     0.61643    -0.44596   0.0023929
    -0.81129     0.61643    -0.44596   0.0023929
    -0.81129     0.61643    -0.44596   0.0023929
    -0.81129     0.61643    -0.44596   0.0023929
    -0.81129     0.61643    -0.44596   0.0023929
    -0.81129     0.61643    -0.44596   0.0023929
    -0.81129     0.61643    -0.44596   0.0023929
    -0.81129     0.61643    -0.44596   0.0023929
    -0.81129     0.61643    -0.44596   0.0023929
    -0.80121     0.60434    -0.44437   0.0027679
    -0.80121     0.60434    -0.44437   0.0027679
    -0.80121     0.60434    -0.44437   0.0027679
    -0.80121     0.60434    -0.44437   0.0027679
    -0.80121     0.60434    -0.44437   0.0027679
    -0.80121     0.60434    -0.44437   0.0027679
    -0.80121     0.60434    -0.44437   0.0027679
    -0.80121     0.60434    -0.44437   0.0027679
    -0.80121     0.60434    -0.44437   0.0027679
    -0.80121     0.60434    -0.44437   0.0027679
    -0.80121     0.60434    -0.44437   0.0027679
    -0.80121     0.60434    -0.44437   0.0027679
    -0.80121     0.60434    -0.44437   0.0027679
    -0.80121     0.60434    -0.44437   0.0027679
    -0.80121     0.60434    -0.44437   0.0027679
    -0.80121     0.60434    -0.44437   0.0027679
    -0.80121     0.60434    -0.44437   0.0027679
    -0.80121     0.60434    -0.44437   0.0027679
    -0.80121     0.60434    -0.44437   0.0027679
    -0.80121     0.60434    -0.44437   0.0027679
    -0.80121     0.60434    -0.44437   0.0027679
    -0.80121     0.60434    -0.44437   0.0027679
    -0.80121     0.60434    -0.44437   0.0027679
    -0.80121     0.60434    -0.44437   0.0027679
    -0.80121     0.60434    -0.44437   0.0027679
    -0.80121     0.60434    -0.44437   0.0027679
    -0.80121     0.60434    -0.44437   0.0027679
    -0.80121     0.60434    -0.44437   0.0027679
    -0.80121     0.60434    -0.44437   0.0027679
    -0.80121     0.60434    -0.44437   0.0027679
    -0.80121     0.60434    -0.44437   0.0027679
    -0.80121     0.60434    -0.44437   0.0027679
    -0.80121     0.60434    -0.44437   0.0027679
    -0.80121     0.60434    -0.44437   0.0027679
    -0.80121     0.60434    -0.44437   0.0027679
    -0.80121     0.60434    -0.44437   0.0027679
    -0.80121     0.60434    -0.44437   0.0027679
    -0.80121     0.60434    -0.44437   0.0027679
    -0.80121     0.60434    -0.44437   0.0027679
    -0.81604     0.59048    -0.43959   0.0022909
    -0.81604     0.59048    -0.43959   0.0022909
    -0.81604     0.59048    -0.43959   0.0022909
    -0.81604     0.59048    -0.43959   0.0022909
    -0.81604     0.59048    -0.43959   0.0022909
    -0.81604     0.59048    -0.43959   0.0022909
    -0.81604     0.59048    -0.43959   0.0022909
    -0.81604     0.59048    -0.43959   0.0022909
    -0.81604     0.59048    -0.43959   0.0022909
    -0.81604     0.59048    -0.43959   0.0022909
    -0.81604     0.59048    -0.43959   0.0022909
    -0.81604     0.59048    -0.43959   0.0022909
    -0.81604     0.59048    -0.43959   0.0022909
    -0.81604     0.59048    -0.43959   0.0022909
    -0.81604     0.59048    -0.43959   0.0022909
    -0.81604     0.59048    -0.43959   0.0022909
    -0.81604     0.59048    -0.43959   0.0022909
    -0.81604     0.59048    -0.43959   0.0022909
    -0.81604     0.59048    -0.43959   0.0022909
    -0.81604     0.59048    -0.43959   0.0022909
    -0.81604     0.59048    -0.43959   0.0022909
    -0.81604     0.59048    -0.43959   0.0022909
    -0.81604     0.59048    -0.43959   0.0022909
    -0.81604     0.59048    -0.43959   0.0022909
    -0.81604     0.59048    -0.43959   0.0022909
    -0.81604     0.59048    -0.43959   0.0022909
    -0.81604     0.59048    -0.43959   0.0022909
    -0.81604     0.59048    -0.43959   0.0022909
    -0.81604     0.59048    -0.43959   0.0022909
    -0.81604     0.59048    -0.43959   0.0022909
    -0.81604     0.59048    -0.43959   0.0022909
    -0.81604     0.59048    -0.43959   0.0022909
     -0.8065     0.58596    -0.43999    0.002507
     -0.8065     0.58596    -0.43999    0.002507
     -0.8065     0.58596    -0.43999    0.002507
     -0.8065     0.58596    -0.43999    0.002507
     -0.8065     0.58596    -0.43999    0.002507
     -0.8065     0.58596    -0.43999    0.002507
     -0.8065     0.58596    -0.43999    0.002507
     -0.8065     0.58596    -0.43999    0.002507
     -0.8065     0.58596    -0.43999    0.002507
     -0.8065     0.58596    -0.43999    0.002507
     -0.8065     0.58596    -0.43999    0.002507
     -0.8065     0.58596    -0.43999    0.002507
     -0.8065     0.58596    -0.43999    0.002507
     -0.8065     0.58596    -0.43999    0.002507
     -0.8065     0.58596    -0.43999    0.002507
     -0.8065     0.58596    -0.43999    0.002507
     -0.8065     0.58596    -0.43999    0.002507
     -0.8065     0.58596    -0.43999    0.002507
     -0.8065     0.58596    -0.43999    0.002507
     -0.8065     0.58596    -0.43999    0.002507
     -0.8065     0.58596    -0.43999    0.002507
     -0.8065     0.58596    -0.43999    0.002507
     -0.8065     0.58596    -0.43999    0.002507
     -0.8065     0.58596    -0.43999    0.002507
     -0.8065     0.58596    -0.43999    0.002507
     -0.8065     0.58596    -0.43999    0.002507
     -0.8065     0.58596    -0.43999    0.002507
    -0.79643      0.6093    -0.45067   0.0018527
    -0.79643      0.6093    -0.45067   0.0018527
    -0.79643      0.6093    -0.45067   0.0018527
    -0.79643      0.6093    -0.45067   0.0018527
    -0.79643      0.6093    -0.45067   0.0018527
    -0.79643      0.6093    -0.45067   0.0018527
    -0.79643      0.6093    -0.45067   0.0018527
    -0.79643      0.6093    -0.45067   0.0018527
    -0.79643      0.6093    -0.45067   0.0018527
    -0.79643      0.6093    -0.45067   0.0018527
    -0.79643      0.6093    -0.45067   0.0018527
    -0.79643      0.6093    -0.45067   0.0018527
    -0.79643      0.6093    -0.45067   0.0018527
    -0.79643      0.6093    -0.45067   0.0018527
    -0.79643      0.6093    -0.45067   0.0018527
    -0.79643      0.6093    -0.45067   0.0018527
    -0.79643      0.6093    -0.45067   0.0018527
    -0.79643      0.6093    -0.45067   0.0018527
    -0.79643      0.6093    -0.45067   0.0018527
    -0.79643      0.6093    -0.45067   0.0018527
    -0.79643      0.6093    -0.45067   0.0018527
    -0.79643      0.6093    -0.45067   0.0018527
    -0.79643      0.6093    -0.45067   0.0018527
    -0.79643      0.6093    -0.45067   0.0018527
    -0.79643      0.6093    -0.45067   0.0018527
    -0.79643      0.6093    -0.45067   0.0018527
    -0.79643      0.6093    -0.45067   0.0018527
    -0.79643      0.6093    -0.45067   0.0018527
    -0.79643      0.6093    -0.45067   0.0018527
    -0.79643      0.6093    -0.45067   0.0018527
    -0.79643      0.6093    -0.45067   0.0018527
    -0.79643      0.6093    -0.45067   0.0018527
    -0.79643      0.6093    -0.45067   0.0018527
    -0.79643      0.6093    -0.45067   0.0018527
    -0.79643      0.6093    -0.45067   0.0018527
    -0.79643      0.6093    -0.45067   0.0018527
    -0.79643      0.6093    -0.45067   0.0018527
    -0.79643      0.6093    -0.45067   0.0018527
    -0.79643      0.6093    -0.45067   0.0018527
    -0.79643      0.6093    -0.45067   0.0018527
    -0.79643      0.6093    -0.45067   0.0018527
    -0.79643      0.6093    -0.45067   0.0018527
    -0.79643      0.6093    -0.45067   0.0018527
    -0.79643      0.6093    -0.45067   0.0018527
    -0.79643      0.6093    -0.45067   0.0018527
    -0.79643      0.6093    -0.45067   0.0018527
    -0.79643      0.6093    -0.45067   0.0018527
    -0.79643      0.6093    -0.45067   0.0018527
    -0.79643      0.6093    -0.45067   0.0018527
    -0.79643      0.6093    -0.45067   0.0018527
    -0.79643      0.6093    -0.45067   0.0018527
    -0.79643      0.6093    -0.45067   0.0018527
    -0.79643      0.6093    -0.45067   0.0018527
    -0.79643      0.6093    -0.45067   0.0018527
    -0.79643      0.6093    -0.45067   0.0018527
    -0.79643      0.6093    -0.45067   0.0018527
    -0.79643      0.6093    -0.45067   0.0018527
    -0.79643      0.6093    -0.45067   0.0018527
    -0.79643      0.6093    -0.45067   0.0018527
    -0.79643      0.6093    -0.45067   0.0018527
    -0.79643      0.6093    -0.45067   0.0018527
    -0.79643      0.6093    -0.45067   0.0018527
    -0.79643      0.6093    -0.45067   0.0018527
    -0.79643      0.6093    -0.45067   0.0018527
    -0.79643      0.6093    -0.45067   0.0018527
    -0.79643      0.6093    -0.45067   0.0018527
    -0.79643      0.6093    -0.45067   0.0018527
    -0.79643      0.6093    -0.45067   0.0018527
    -0.79643      0.6093    -0.45067   0.0018527
    -0.79643      0.6093    -0.45067   0.0018527
    -0.79643      0.6093    -0.45067   0.0018527
    -0.79643      0.6093    -0.45067   0.0018527
    -0.79643      0.6093    -0.45067   0.0018527
    -0.79643      0.6093    -0.45067   0.0018527
    -0.79643      0.6093    -0.45067   0.0018527
    -0.79643      0.6093    -0.45067   0.0018527
    -0.79643      0.6093    -0.45067   0.0018527
    -0.79643      0.6093    -0.45067   0.0018527
    -0.79643      0.6093    -0.45067   0.0018527
    -0.79643      0.6093    -0.45067   0.0018527
    -0.79643      0.6093    -0.45067   0.0018527
    -0.79643      0.6093    -0.45067   0.0018527
    -0.79643      0.6093    -0.45067   0.0018527
    -0.79643      0.6093    -0.45067   0.0018527
    -0.79643      0.6093    -0.45067   0.0018527
    -0.79643      0.6093    -0.45067   0.0018527
    -0.79643      0.6093    -0.45067   0.0018527
    -0.79643      0.6093    -0.45067   0.0018527
    -0.79643      0.6093    -0.45067   0.0018527
    -0.79643      0.6093    -0.45067   0.0018527
    -0.79643      0.6093    -0.45067   0.0018527
    -0.79643      0.6093    -0.45067   0.0018527
    -0.79643      0.6093    -0.45067   0.0018527
    -0.79643      0.6093    -0.45067   0.0018527
    -0.79643      0.6093    -0.45067   0.0018527
    -0.79643      0.6093    -0.45067   0.0018527
    -0.79643      0.6093    -0.45067   0.0018527
    -0.79643      0.6093    -0.45067   0.0018527
    -0.79643      0.6093    -0.45067   0.0018527
    -0.79643      0.6093    -0.45067   0.0018527
    -0.79643      0.6093    -0.45067   0.0018527
    -0.79643      0.6093    -0.45067   0.0018527
    -0.79643      0.6093    -0.45067   0.0018527
    -0.79643      0.6093    -0.45067   0.0018527
    -0.79643      0.6093    -0.45067   0.0018527
    -0.79643      0.6093    -0.45067   0.0018527
    -0.79643      0.6093    -0.45067   0.0018527
    -0.79643      0.6093    -0.45067   0.0018527
    -0.79643      0.6093    -0.45067   0.0018527
    -0.79643      0.6093    -0.45067   0.0018527
    -0.79643      0.6093    -0.45067   0.0018527
    -0.79643      0.6093    -0.45067   0.0018527
    -0.79643      0.6093    -0.45067   0.0018527
    -0.79643      0.6093    -0.45067   0.0018527
    -0.80759     0.62422    -0.44445   0.0024709
    -0.80759     0.62422    -0.44445   0.0024709
    -0.80759     0.62422    -0.44445   0.0024709
    -0.80759     0.62422    -0.44445   0.0024709
    -0.80759     0.62422    -0.44445   0.0024709
    -0.80759     0.62422    -0.44445   0.0024709
    -0.80759     0.62422    -0.44445   0.0024709
    -0.80759     0.62422    -0.44445   0.0024709
    -0.80759     0.62422    -0.44445   0.0024709
    -0.80759     0.62422    -0.44445   0.0024709
    -0.80759     0.62422    -0.44445   0.0024709
    -0.80759     0.62422    -0.44445   0.0024709
    -0.80759     0.62422    -0.44445   0.0024709
    -0.80759     0.62422    -0.44445   0.0024709
    -0.80759     0.62422    -0.44445   0.0024709
    -0.80759     0.62422    -0.44445   0.0024709
    -0.80759     0.62422    -0.44445   0.0024709
    -0.80759     0.62422    -0.44445   0.0024709
    -0.80759     0.62422    -0.44445   0.0024709
    -0.80759     0.62422    -0.44445   0.0024709
    -0.80759     0.62422    -0.44445   0.0024709
    -0.80759     0.62422    -0.44445   0.0024709
    -0.80759     0.62422    -0.44445   0.0024709
    -0.80759     0.62422    -0.44445   0.0024709
    -0.80759     0.62422    -0.44445   0.0024709
    -0.80759     0.62422    -0.44445   0.0024709
    -0.80759     0.62422    -0.44445   0.0024709
    -0.80759     0.62422    -0.44445   0.0024709
    -0.80759     0.62422    -0.44445   0.0024709
    -0.80759     0.62422    -0.44445   0.0024709
    -0.80759     0.62422    -0.44445   0.0024709
    -0.80759     0.62422    -0.44445   0.0024709
    -0.80759     0.62422    -0.44445   0.0024709
    -0.80759     0.62422    -0.44445   0.0024709
    -0.80759     0.62422    -0.44445   0.0024709
    -0.80759     0.62422    -0.44445   0.0024709
    -0.80759     0.62422    -0.44445   0.0024709
    -0.80759     0.62422    -0.44445   0.0024709
    -0.80759     0.62422    -0.44445   0.0024709
    -0.80759     0.62422    -0.44445   0.0024709
    -0.80759     0.62422    -0.44445   0.0024709
    -0.80759     0.62422    -0.44445   0.0024709
    -0.80759     0.62422    -0.44445   0.0024709
    -0.80759     0.62422    -0.44445   0.0024709
    -0.80759     0.62422    -0.44445   0.0024709
    -0.80759     0.62422    -0.44445   0.0024709
    -0.80759     0.62422    -0.44445   0.0024709
    -0.80759     0.62422    -0.44445   0.0024709
    -0.80759     0.62422    -0.44445   0.0024709
    -0.80759     0.62422    -0.44445   0.0024709
    -0.80759     0.62422    -0.44445   0.0024709
    -0.80759     0.62422    -0.44445   0.0024709
    -0.80759     0.62422    -0.44445   0.0024709
    -0.80759     0.62422    -0.44445   0.0024709
    -0.80759     0.62422    -0.44445   0.0024709
    -0.80759     0.62422    -0.44445   0.0024709
    -0.80759     0.62422    -0.44445   0.0024709
    -0.80759     0.62422    -0.44445   0.0024709
    -0.80759     0.62422    -0.44445   0.0024709
    -0.80759     0.62422    -0.44445   0.0024709
    -0.80759     0.62422    -0.44445   0.0024709
    -0.80759     0.62422    -0.44445   0.0024709
    -0.80759     0.62422    -0.44445   0.0024709
    -0.80759     0.62422    -0.44445   0.0024709
    -0.80759     0.62422    -0.44445   0.0024709
    -0.80759     0.62422    -0.44445   0.0024709
    -0.80759     0.62422    -0.44445   0.0024709
    -0.80759     0.62422    -0.44445   0.0024709
    -0.80759     0.62422    -0.44445   0.0024709
    -0.80759     0.62422    -0.44445   0.0024709
    -0.80759     0.62422    -0.44445   0.0024709
    -0.80759     0.62422    -0.44445   0.0024709
    -0.80759     0.62422    -0.44445   0.0024709
    -0.80759     0.62422    -0.44445   0.0024709
    -0.80759     0.62422    -0.44445   0.0024709
    -0.80759     0.62422    -0.44445   0.0024709
    -0.80759     0.62422    -0.44445   0.0024709
    -0.80759     0.62422    -0.44445   0.0024709
    -0.80759     0.62422    -0.44445   0.0024709
    -0.80759     0.62422    -0.44445   0.0024709
    -0.80759     0.62422    -0.44445   0.0024709
    -0.80759     0.62422    -0.44445   0.0024709
    -0.80759     0.62422    -0.44445   0.0024709
    -0.80759     0.62422    -0.44445   0.0024709
    -0.80759     0.62422    -0.44445   0.0024709
    -0.80759     0.62422    -0.44445   0.0024709
    -0.80759     0.62422    -0.44445   0.0024709
    -0.80759     0.62422    -0.44445   0.0024709
    -0.80759     0.62422    -0.44445   0.0024709
    -0.80759     0.62422    -0.44445   0.0024709
    -0.80759     0.62422    -0.44445   0.0024709
    -0.80759     0.62422    -0.44445   0.0024709
    -0.80759     0.62422    -0.44445   0.0024709
    -0.80759     0.62422    -0.44445   0.0024709
    -0.80759     0.62422    -0.44445   0.0024709
    -0.80759     0.62422    -0.44445   0.0024709
    -0.80759     0.62422    -0.44445   0.0024709
    -0.80759     0.62422    -0.44445   0.0024709
    -0.80759     0.62422    -0.44445   0.0024709
    -0.80759     0.62422    -0.44445   0.0024709
    -0.80759     0.62422    -0.44445   0.0024709
    -0.80759     0.62422    -0.44445   0.0024709
    -0.80759     0.62422    -0.44445   0.0024709
    -0.80759     0.62422    -0.44445   0.0024709
    -0.80759     0.62422    -0.44445   0.0024709
    -0.80759     0.62422    -0.44445   0.0024709
    -0.80759     0.62422    -0.44445   0.0024709
    -0.80759     0.62422    -0.44445   0.0024709
    -0.80759     0.62422    -0.44445   0.0024709
    -0.80759     0.62422    -0.44445   0.0024709
    -0.80759     0.62422    -0.44445   0.0024709
    -0.80759     0.62422    -0.44445   0.0024709
    -0.80759     0.62422    -0.44445   0.0024709
    -0.80759     0.62422    -0.44445   0.0024709
    -0.80759     0.62422    -0.44445   0.0024709
    -0.80759     0.62422    -0.44445   0.0024709
    -0.80759     0.62422    -0.44445   0.0024709
    -0.80759     0.62422    -0.44445   0.0024709
    -0.80759     0.62422    -0.44445   0.0024709
    -0.80759     0.62422    -0.44445   0.0024709
    -0.80759     0.62422    -0.44445   0.0024709
    -0.80759     0.62422    -0.44445   0.0024709
    -0.80759     0.62422    -0.44445   0.0024709
    -0.80759     0.62422    -0.44445   0.0024709
    -0.80759     0.62422    -0.44445   0.0024709
    -0.80759     0.62422    -0.44445   0.0024709
    -0.80759     0.62422    -0.44445   0.0024709
    -0.80759     0.62422    -0.44445   0.0024709
    -0.80759     0.62422    -0.44445   0.0024709
    -0.80759     0.62422    -0.44445   0.0024709
    -0.80759     0.62422    -0.44445   0.0024709
    -0.80759     0.62422    -0.44445   0.0024709
    -0.80759     0.62422    -0.44445   0.0024709
    -0.80759     0.62422    -0.44445   0.0024709
    -0.80759     0.62422    -0.44445   0.0024709
    -0.80759     0.62422    -0.44445   0.0024709
    -0.78189     0.63834    -0.44285   0.0025783
    -0.78189     0.63834    -0.44285   0.0025783
    -0.78189     0.63834    -0.44285   0.0025783
    -0.78189     0.63834    -0.44285   0.0025783
    -0.78189     0.63834    -0.44285   0.0025783
    -0.78189     0.63834    -0.44285   0.0025783
    -0.78189     0.63834    -0.44285   0.0025783
    -0.78189     0.63834    -0.44285   0.0025783
    -0.78189     0.63834    -0.44285   0.0025783
    -0.78189     0.63834    -0.44285   0.0025783
    -0.78189     0.63834    -0.44285   0.0025783
    -0.85035     0.63058    -0.43694   0.0033661
    -0.85035     0.63058    -0.43694   0.0033661
    -0.85035     0.63058    -0.43694   0.0033661
    -0.85035     0.63058    -0.43694   0.0033661
    -0.85035     0.63058    -0.43694   0.0033661
    -0.85035     0.63058    -0.43694   0.0033661
    -0.85035     0.63058    -0.43694   0.0033661
    -0.85035     0.63058    -0.43694   0.0033661
    -0.85035     0.63058    -0.43694   0.0033661
    -0.85035     0.63058    -0.43694   0.0033661
    -0.85035     0.63058    -0.43694   0.0033661
    -0.85035     0.63058    -0.43694   0.0033661
    -0.85035     0.63058    -0.43694   0.0033661
    -0.85035     0.63058    -0.43694   0.0033661
    -0.85035     0.63058    -0.43694   0.0033661
    -0.85035     0.63058    -0.43694   0.0033661
    -0.85035     0.63058    -0.43694   0.0033661
    -0.85035     0.63058    -0.43694   0.0033661
    -0.85035     0.63058    -0.43694   0.0033661
    -0.85035     0.63058    -0.43694   0.0033661
    -0.85035     0.63058    -0.43694   0.0033661
    -0.85035     0.63058    -0.43694   0.0033661
    -0.85035     0.63058    -0.43694   0.0033661
    -0.85035     0.63058    -0.43694   0.0033661
    -0.85035     0.63058    -0.43694   0.0033661
    -0.85035     0.63058    -0.43694   0.0033661
    -0.85035     0.63058    -0.43694   0.0033661
    -0.85035     0.63058    -0.43694   0.0033661
    -0.85035     0.63058    -0.43694   0.0033661
    -0.85035     0.63058    -0.43694   0.0033661
    -0.85035     0.63058    -0.43694   0.0033661
    -0.85035     0.63058    -0.43694   0.0033661
    -0.85035     0.63058    -0.43694   0.0033661
    -0.85035     0.63058    -0.43694   0.0033661
    -0.85035     0.63058    -0.43694   0.0033661
    -0.85035     0.63058    -0.43694   0.0033661
    -0.85035     0.63058    -0.43694   0.0033661
    -0.85035     0.63058    -0.43694   0.0033661
    -0.85035     0.63058    -0.43694   0.0033661
    -0.85035     0.63058    -0.43694   0.0033661
    -0.74159     0.59358     -0.4302   0.0020265
    -0.74159     0.59358     -0.4302   0.0020265
    -0.74159     0.59358     -0.4302   0.0020265
    -0.74159     0.59358     -0.4302   0.0020265
    -0.74159     0.59358     -0.4302   0.0020265
    -0.74159     0.59358     -0.4302   0.0020265
    -0.74159     0.59358     -0.4302   0.0020265
    -0.83983     0.59764    -0.43729   0.0025499
    -0.83983     0.59764    -0.43729   0.0025499
    -0.83983     0.59764    -0.43729   0.0025499
    -0.83983     0.59764    -0.43729   0.0025499
    -0.83983     0.59764    -0.43729   0.0025499
    -0.83983     0.59764    -0.43729   0.0025499
    -0.83983     0.59764    -0.43729   0.0025499
    -0.83983     0.59764    -0.43729   0.0025499
    -0.83983     0.59764    -0.43729   0.0025499
    -0.83983     0.59764    -0.43729   0.0025499
    -0.83983     0.59764    -0.43729   0.0025499
    -0.83983     0.59764    -0.43729   0.0025499
    -0.83983     0.59764    -0.43729   0.0025499
    -0.83983     0.59764    -0.43729   0.0025499
    -0.83983     0.59764    -0.43729   0.0025499
    -0.83983     0.59764    -0.43729   0.0025499
    -0.83983     0.59764    -0.43729   0.0025499
    -0.83983     0.59764    -0.43729   0.0025499
    -0.83983     0.59764    -0.43729   0.0025499
    -0.83983     0.59764    -0.43729   0.0025499
    -0.83983     0.59764    -0.43729   0.0025499
    -0.83983     0.59764    -0.43729   0.0025499
    -0.83983     0.59764    -0.43729   0.0025499
    -0.83983     0.59764    -0.43729   0.0025499
    -0.83983     0.59764    -0.43729   0.0025499
    -0.83983     0.59764    -0.43729   0.0025499
    -0.83983     0.59764    -0.43729   0.0025499
    -0.83983     0.59764    -0.43729   0.0025499
    -0.83983     0.59764    -0.43729   0.0025499
    -0.83983     0.59764    -0.43729   0.0025499
    -0.83983     0.59764    -0.43729   0.0025499
    -0.83983     0.59764    -0.43729   0.0025499
    -0.80619     0.64329    -0.44093   0.0029704
    -0.80619     0.64329    -0.44093   0.0029704
    -0.80619     0.64329    -0.44093   0.0029704
    -0.80619     0.64329    -0.44093   0.0029704
    -0.80619     0.64329    -0.44093   0.0029704
    -0.80619     0.64329    -0.44093   0.0029704
    -0.80619     0.64329    -0.44093   0.0029704
    -0.80619     0.64329    -0.44093   0.0029704
    -0.80619     0.64329    -0.44093   0.0029704
    -0.80619     0.64329    -0.44093   0.0029704
    -0.80619     0.64329    -0.44093   0.0029704
    -0.80619     0.64329    -0.44093   0.0029704
    -0.80619     0.64329    -0.44093   0.0029704
    -0.80619     0.64329    -0.44093   0.0029704
    -0.80619     0.64329    -0.44093   0.0029704
    -0.80619     0.64329    -0.44093   0.0029704
    -0.80619     0.64329    -0.44093   0.0029704
    -0.80619     0.64329    -0.44093   0.0029704
    -0.80619     0.64329    -0.44093   0.0029704
    -0.80619     0.64329    -0.44093   0.0029704
    -0.80619     0.64329    -0.44093   0.0029704
    -0.80619     0.64329    -0.44093   0.0029704
    -0.80619     0.64329    -0.44093   0.0029704
    -0.80619     0.64329    -0.44093   0.0029704
    -0.80619     0.64329    -0.44093   0.0029704
    -0.80619     0.64329    -0.44093   0.0029704
    -0.80619     0.64329    -0.44093   0.0029704
    -0.80619     0.64329    -0.44093   0.0029704
    -0.80619     0.64329    -0.44093   0.0029704
    -0.80619     0.64329    -0.44093   0.0029704
    -0.80619     0.64329    -0.44093   0.0029704
    -0.80619     0.64329    -0.44093   0.0029704
    -0.80619     0.64329    -0.44093   0.0029704
    -0.80619     0.64329    -0.44093   0.0029704
    -0.80619     0.64329    -0.44093   0.0029704
    -0.80619     0.64329    -0.44093   0.0029704
    -0.80619     0.64329    -0.44093   0.0029704
    -0.80619     0.64329    -0.44093   0.0029704
    -0.80619     0.64329    -0.44093   0.0029704
    -0.80619     0.64329    -0.44093   0.0029704
    -0.80619     0.64329    -0.44093   0.0029704
    -0.80619     0.64329    -0.44093   0.0029704
    -0.80619     0.64329    -0.44093   0.0029704
    -0.80619     0.64329    -0.44093   0.0029704
    -0.80619     0.64329    -0.44093   0.0029704
    -0.80619     0.64329    -0.44093   0.0029704
    -0.80619     0.64329    -0.44093   0.0029704
    -0.80619     0.64329    -0.44093   0.0029704
    -0.80619     0.64329    -0.44093   0.0029704
    -0.80619     0.64329    -0.44093   0.0029704
    -0.80619     0.64329    -0.44093   0.0029704
    -0.80619     0.64329    -0.44093   0.0029704
    -0.80619     0.64329    -0.44093   0.0029704
    -0.80619     0.64329    -0.44093   0.0029704
    -0.80619     0.64329    -0.44093   0.0029704
    -0.80619     0.64329    -0.44093   0.0029704
    -0.80619     0.64329    -0.44093   0.0029704
    -0.80619     0.64329    -0.44093   0.0029704
    -0.80619     0.64329    -0.44093   0.0029704
    -0.80619     0.64329    -0.44093   0.0029704
    -0.80619     0.64329    -0.44093   0.0029704
    -0.80619     0.64329    -0.44093   0.0029704
    -0.80619     0.64329    -0.44093   0.0029704
    -0.80619     0.64329    -0.44093   0.0029704
    -0.80619     0.64329    -0.44093   0.0029704
    -0.80619     0.64329    -0.44093   0.0029704
    -0.80619     0.64329    -0.44093   0.0029704
    -0.80619     0.64329    -0.44093   0.0029704
    -0.80619     0.64329    -0.44093   0.0029704
    -0.80619     0.64329    -0.44093   0.0029704
    -0.83285     0.64707     -0.4307   0.0035006
    -0.83285     0.64707     -0.4307   0.0035006
    -0.83285     0.64707     -0.4307   0.0035006
    -0.83285     0.64707     -0.4307   0.0035006
    -0.83285     0.64707     -0.4307   0.0035006
    -0.83285     0.64707     -0.4307   0.0035006
    -0.83285     0.64707     -0.4307   0.0035006
    -0.83285     0.64707     -0.4307   0.0035006
    -0.83285     0.64707     -0.4307   0.0035006
    -0.83285     0.64707     -0.4307   0.0035006
    -0.83285     0.64707     -0.4307   0.0035006
    -0.83285     0.64707     -0.4307   0.0035006
    -0.83285     0.64707     -0.4307   0.0035006
    -0.83285     0.64707     -0.4307   0.0035006
    -0.83285     0.64707     -0.4307   0.0035006
    -0.83285     0.64707     -0.4307   0.0035006
    -0.83285     0.64707     -0.4307   0.0035006
    -0.83285     0.64707     -0.4307   0.0035006
    -0.83285     0.64707     -0.4307   0.0035006
    -0.83285     0.64707     -0.4307   0.0035006
    -0.83285     0.64707     -0.4307   0.0035006
    -0.83285     0.64707     -0.4307   0.0035006
    -0.83285     0.64707     -0.4307   0.0035006
    -0.83285     0.64707     -0.4307   0.0035006
    -0.83285     0.64707     -0.4307   0.0035006
    -0.83285     0.64707     -0.4307   0.0035006
    -0.83285     0.64707     -0.4307   0.0035006
    -0.83285     0.64707     -0.4307   0.0035006
    -0.83285     0.64707     -0.4307   0.0035006
    -0.83285     0.64707     -0.4307   0.0035006
    -0.83285     0.64707     -0.4307   0.0035006
    -0.83285     0.64707     -0.4307   0.0035006
    -0.83285     0.64707     -0.4307   0.0035006
    -0.83285     0.64707     -0.4307   0.0035006
    -0.83285     0.64707     -0.4307   0.0035006
    -0.83285     0.64707     -0.4307   0.0035006
    -0.83285     0.64707     -0.4307   0.0035006
