     ACCEPTANCE:
     0.009901
    0.0098039
    0.0097087
    0.0096154
    0.0095238
     0.009434
    0.0093458
    0.0092593
    0.0091743
    0.0090909
     0.009009
    0.0089286
    0.0088496
    0.0087719
    0.0086957
    0.0086207
     0.008547
    0.0084746
    0.0084034
    0.0083333
    0.0082645
    0.0081967
    0.0081301
    0.0080645
        0.008
    0.0079365
     0.007874
    0.0078125
    0.0077519
    0.0076923
    0.0076336
    0.0075758
    0.0075188
    0.0074627
    0.0074074
    0.0073529
    0.0072993
    0.0072464
    0.0071942
    0.0071429
    0.0070922
    0.0070423
     0.006993
    0.0069444
    0.0068966
    0.0068493
    0.0068027
    0.0067568
    0.0067114
    0.0066667
    0.0066225
    0.0065789
    0.0065359
    0.0064935
    0.0064516
    0.0064103
    0.0063694
    0.0063291
    0.0062893
      0.00625
    0.0062112
    0.0061728
     0.006135
    0.0060976
    0.0060606
    0.0060241
     0.005988
    0.0059524
    0.0059172
    0.0058824
     0.005848
     0.005814
    0.0057803
    0.0057471
    0.0057143
    0.0056818
    0.0056497
     0.005618
    0.0055866
    0.0055556
    0.0055249
    0.0054945
    0.0054645
    0.0054348
    0.0054054
    0.0053763
    0.0053476
    0.0053191
     0.005291
    0.0052632
    0.0052356
    0.0052083
    0.0051813
    0.0051546
    0.0051282
     0.005102
    0.0050761
    0.0050505
    0.0050251
        0.005
    0.0049751
    0.0049505
    0.0049261
     0.004902
     0.004878
    0.0048544
    0.0048309
    0.0048077
    0.0047847
    0.0047619
    0.0047393
     0.004717
    0.0046948
    0.0046729
    0.0046512
    0.0046296
    0.0046083
    0.0045872
    0.0045662
    0.0045455
    0.0045249
    0.0045045
    0.0044843
    0.0044643
    0.0044444
    0.0044248
    0.0044053
     0.004386
    0.0043668
    0.0043478
     0.004329
    0.0043103
    0.0042918
    0.0042735
    0.0042553
    0.0042373
    0.0042194
    0.0042017
    0.0041841
    0.0041667
    0.0041494
    0.0041322
    0.0041152
    0.0040984
    0.0040816
     0.004065
    0.0040486
    0.0040323
    0.0040161
        0.004
    0.0039841
    0.0039683
    0.0039526
     0.003937
    0.0039216
    0.0039062
    0.0038911
     0.003876
     0.003861
    0.0038462
    0.0038314
    0.0038168
    0.0038023
    0.0037879
    0.0037736
    0.0037594
    0.0037453
    0.0037313
    0.0037175
    0.0037037
      0.00369
    0.0036765
     0.003663
    0.0036496
    0.0036364
    0.0036232
    0.0036101
    0.0035971
    0.0035842
    0.0035714
    0.0035587
    0.0035461
    0.0035336
    0.0035211
    0.0035088
    0.0034965
    0.0034843
    0.0034722
    0.0034602
    0.0034483
    0.0034364
    0.0034247
     0.003413
    0.0034014
    0.0033898
    0.0033784
     0.003367
    0.0033557
    0.0033445
    0.0033333
    0.0033223
    0.0033113
    0.0033003
    0.0032895
    0.0032787
     0.003268
    0.0032573
    0.0032468
    0.0032362
    0.0032258
    0.0032154
    0.0032051
    0.0031949
    0.0031847
    0.0031746
    0.0031646
    0.0031546
    0.0031447
    0.0031348
     0.003125
    0.0031153
    0.0031056
     0.003096
    0.0030864
    0.0030769
    0.0030675
    0.0030581
    0.0030488
    0.0030395
    0.0030303
    0.0030211
     0.003012
     0.003003
     0.002994
    0.0029851
    0.0029762
    0.0029674
    0.0029586
    0.0029499
    0.0029412
    0.0029326
     0.002924
    0.0029155
     0.002907
    0.0028986
    0.0028902
    0.0028818
    0.0028736
    0.0028653
    0.0028571
     0.002849
    0.0028409
    0.0028329
    0.0028249
    0.0028169
     0.002809
    0.0028011
    0.0027933
    0.0027855
    0.0027778
    0.0027701
    0.0027624
    0.0027548
    0.0027473
    0.0027397
    0.0027322
    0.0027248
    0.0027174
      0.00271
    0.0027027
    0.0026954
    0.0026882
     0.002681
    0.0026738
    0.0026667
    0.0026596
    0.0026525
    0.0026455
    0.0026385
    0.0026316
    0.0026247
    0.0026178
     0.002611
    0.0026042
    0.0025974
    0.0025907
     0.002584
    0.0025773
    0.0025707
    0.0025641
    0.0025575
     0.002551
    0.0025445
    0.0025381
    0.0025316
    0.0025253
    0.0025189
    0.0025126
    0.0025063
       0.0025
    0.0024938
    0.0024876
    0.0024814
    0.0024752
    0.0024691
    0.0024631
     0.002457
     0.002451
     0.002445
     0.002439
    0.0024331
    0.0024272
    0.0024213
    0.0024155
    0.0024096
    0.0024038
    0.0023981
    0.0023923
    0.0023866
     0.002381
    0.0023753
    0.0023697
    0.0023641
    0.0023585
    0.0023529
    0.0023474
    0.0023419
    0.0023364
     0.002331
    0.0023256
    0.0023202
    0.0023148
    0.0023095
    0.0023041
    0.0022989
    0.0022936
    0.0022883
    0.0022831
    0.0022779
    0.0022727
    0.0022676
    0.0022624
    0.0022573
    0.0022523
    0.0022472
    0.0022422
    0.0022371
    0.0022321
    0.0022272
    0.0022222
    0.0022173
    0.0022124
    0.0022075
    0.0022026
    0.0021978
     0.002193
    0.0021882
    0.0021834
    0.0021786
    0.0021739
    0.0021692
    0.0021645
    0.0021598
    0.0021552
    0.0021505
    0.0021459
    0.0021413
    0.0021368
    0.0021322
    0.0021277
    0.0021231
    0.0021186
    0.0021142
    0.0021097
    0.0021053
    0.0021008
    0.0020964
    0.0020921
    0.0020877
    0.0020833
     0.002079
    0.0020747
    0.0020704
    0.0020661
    0.0020619
    0.0020576
    0.0020534
    0.0020492
     0.002045
    0.0020408
    0.0020367
    0.0020325
    0.0020284
    0.0020243
    0.0020202
    0.0020161
    0.0020121
     0.002008
     0.002004
        0.002
     0.001996
     0.001992
    0.0019881
    0.0019841
    0.0019802
    0.0019763
    0.0019724
    0.0019685
    0.0019646
    0.0019608
    0.0019569
    0.0019531
    0.0019493
    0.0019455
    0.0019417
     0.001938
    0.0019342
    0.0019305
    0.0019268
    0.0019231
    0.0019194
    0.0019157
     0.001912
    0.0019084
    0.0019048
    0.0019011
    0.0018975
    0.0018939
    0.0018904
    0.0018868
    0.0018832
    0.0018797
    0.0018762
    0.0018727
    0.0018692
    0.0018657
    0.0018622
    0.0018587
    0.0018553
    0.0018519
    0.0018484
     0.001845
    0.0018416
    0.0018382
    0.0018349
    0.0018315
    0.0018282
    0.0018248
    0.0018215
    0.0018182
    0.0018149
    0.0018116
    0.0018083
    0.0018051
    0.0018018
    0.0017986
    0.0017953
    0.0017921
    0.0017889
    0.0017857
    0.0017825
    0.0017794
    0.0017762
     0.001773
    0.0017699
    0.0017668
    0.0017637
    0.0017606
    0.0017575
    0.0017544
    0.0017513
    0.0017483
    0.0017452
    0.0017422
    0.0017391
    0.0017361
    0.0017331
    0.0017301
    0.0017271
    0.0017241
    0.0017212
    0.0017182
    0.0017153
    0.0017123
    0.0017094
    0.0017065
    0.0017036
    0.0017007
    0.0016978
    0.0016949
     0.001692
    0.0016892
    0.0016863
    0.0016835
    0.0033613
    0.0033557
    0.0033501
    0.0033445
    0.0033389
    0.0033333
    0.0033278
    0.0033223
    0.0033167
    0.0033113
    0.0033058
    0.0033003
    0.0032949
    0.0032895
    0.0032841
    0.0032787
    0.0032733
     0.003268
    0.0032626
    0.0032573
     0.003252
    0.0032468
    0.0032415
    0.0032362
     0.003231
    0.0032258
    0.0032206
    0.0032154
    0.0032103
    0.0032051
       0.0032
    0.0031949
    0.0047847
    0.0047771
    0.0047695
    0.0047619
    0.0047544
    0.0047468
    0.0047393
    0.0047319
    0.0047244
     0.004717
    0.0047096
    0.0047022
    0.0046948
    0.0046875
    0.0046802
    0.0046729
    0.0046656
    0.0046584
    0.0046512
     0.004644
    0.0046368
    0.0046296
    0.0046225
    0.0046154
    0.0046083
    0.0046012
    0.0045942
    0.0045872
    0.0045802
    0.0045732
    0.0045662
    0.0045593
    0.0045524
    0.0045455
    0.0045386
    0.0045317
    0.0045249
    0.0045181
    0.0045113
    0.0045045
    0.0044978
     0.004491
    0.0044843
    0.0044776
    0.0044709
    0.0044643
    0.0044577
     0.004451
    0.0044444
    0.0044379
    0.0044313
    0.0044248
    0.0044183
    0.0044118
    0.0044053
    0.0043988
    0.0043924
     0.004386
    0.0043796
    0.0043732
    0.0043668
    0.0043605
    0.0043541
    0.0043478
    0.0043415
    0.0043353
     0.004329
    0.0043228
    0.0043165
    0.0043103
    0.0043042
     0.004298
    0.0042918
    0.0042857
    0.0042796
    0.0042735
    0.0042674
    0.0042614
    0.0042553
    0.0042493
    0.0042433
    0.0042373
    0.0042313
    0.0042254
    0.0042194
    0.0042135
    0.0042076
    0.0042017
    0.0041958
    0.0041899
    0.0041841
    0.0041783
    0.0041725
    0.0041667
    0.0041609
    0.0041551
    0.0041494
    0.0041436
    0.0041379
    0.0041322
    0.0041265
    0.0041209
    0.0041152
    0.0041096
     0.004104
    0.0040984
    0.0040928
    0.0040872
    0.0040816
    0.0040761
    0.0040706
     0.004065
    0.0040595
    0.0040541
    0.0040486
    0.0040431
    0.0040377
    0.0040323
    0.0040268
    0.0040214
    0.0040161
    0.0040107
    0.0040053
        0.004
    0.0039947
    0.0039894
    0.0039841
    0.0039788
    0.0039735
    0.0039683
     0.003963
    0.0039578
    0.0039526
    0.0039474
    0.0039422
     0.003937
    0.0039318
    0.0039267
    0.0039216
    0.0039164
    0.0039113
    0.0052083
    0.0052016
    0.0051948
    0.0051881
    0.0051813
    0.0051746
     0.005168
    0.0051613
    0.0051546
     0.005148
    0.0051414
    0.0051348
    0.0051282
    0.0051216
    0.0051151
    0.0051086
     0.005102
    0.0050955
    0.0050891
    0.0050826
    0.0050761
    0.0050697
    0.0050633
    0.0050569
    0.0050505
    0.0050441
    0.0050378
    0.0050314
    0.0050251
    0.0050188
    0.0050125
    0.0050063
        0.005
    0.0049938
    0.0049875
    0.0049813
    0.0049751
    0.0049689
    0.0049628
    0.0049566
    0.0049505
    0.0049444
    0.0049383
    0.0049322
    0.0049261
      0.00492
     0.004914
     0.004908
     0.004902
     0.004896
      0.00489
     0.004884
     0.004878
    0.0048721
    0.0048662
    0.0048603
    0.0048544
    0.0048485
    0.0048426
    0.0048368
    0.0048309
    0.0048251
    0.0048193
    0.0048135
    0.0048077
    0.0048019
    0.0047962
    0.0047904
    0.0047847
     0.004779
    0.0047733
    0.0047676
    0.0047619
    0.0047562
    0.0047506
     0.004745
    0.0047393
    0.0047337
    0.0047281
    0.0047226
     0.004717
    0.0047114
    0.0047059
    0.0047004
    0.0046948
    0.0046893
    0.0046838
    0.0046784
    0.0046729
    0.0046674
     0.004662
    0.0046566
    0.0046512
    0.0046458
    0.0046404
     0.004635
    0.0046296
    0.0046243
    0.0046189
    0.0046136
    0.0046083
     0.004603
    0.0045977
    0.0045924
    0.0045872
    0.0045819
    0.0045767
    0.0045714
    0.0045662
     0.004561
    0.0045558
    0.0045506
    0.0045455
    0.0045403
    0.0045351
      0.00453
    0.0045249
    0.0045198
    0.0045147
    0.0045096
    0.0045045
    0.0044994
    0.0044944
    0.0044893
    0.0044843
    0.0044793
    0.0044743
    0.0044693
    0.0044643
    0.0044593
    0.0044543
    0.0044494
    0.0044444
    0.0044395
    0.0044346
    0.0044297
     0.005531
    0.0055249
    0.0055188
    0.0055127
    0.0055066
    0.0055006
    0.0054945
    0.0054885
    0.0054825
    0.0054765
    0.0054705
    0.0054645
    0.0054585
    0.0054526
    0.0054466
    0.0054407
    0.0054348
    0.0054289
     0.005423
    0.0054171
    0.0054113
    0.0054054
    0.0053996
    0.0053937
    0.0053879
    0.0053821
    0.0053763
    0.0053706
    0.0053648
    0.0053591
    0.0053533
    0.0053476
    0.0053419
    0.0053362
    0.0053305
    0.0053248
    0.0053191
    0.0053135
    0.0053079
    0.0053022
    0.0052966
     0.005291
    0.0052854
    0.0052798
    0.0052743
    0.0052687
    0.0052632
    0.0052576
    0.0052521
    0.0052466
    0.0052411
    0.0052356
    0.0052301
    0.0052247
    0.0052192
    0.0052138
    0.0052083
    0.0052029
    0.0051975
    0.0051921
    0.0051867
    0.0051813
     0.005176
    0.0051706
    0.0051653
      0.00516
    0.0051546
    0.0051493
     0.005144
    0.0051387
    0.0051335
    0.0051282
     0.005123
    0.0051177
    0.0051125
    0.0051073
     0.005102
    0.0050968
    0.0050916
    0.0050865
    0.0050813
    0.0050761
     0.005071
    0.0050659
    0.0050607
    0.0050556
    0.0050505
    0.0050454
    0.0050403
    0.0050352
    0.0050302
    0.0050251
    0.0050201
     0.005015
      0.00501
     0.005005
        0.005
     0.004995
      0.00499
     0.004985
    0.0049801
    0.0049751
    0.0049702
    0.0049652
    0.0049603
    0.0049554
    0.0049505
    0.0049456
    0.0049407
    0.0049358
     0.004931
    0.0049261
    0.0049213
    0.0049164
    0.0049116
    0.0049068
     0.004902
    0.0048972
    0.0048924
    0.0048876
    0.0048828
     0.004878
    0.0048733
    0.0048685
    0.0048638
    0.0048591
    0.0048544
    0.0048497
     0.004845
    0.0048403
    0.0048356
    0.0048309
    0.0048263
    0.0048216
     0.004817
    0.0048123
    0.0048077
    0.0048031
    0.0047985
    0.0047939
    0.0047893
    0.0047847
    0.0047801
    0.0047755
     0.004771
    0.0047664
    0.0047619
    0.0047574
    0.0047529
    0.0047483
    0.0047438
    0.0047393
    0.0047348
    0.0047304
    0.0047259
    0.0047214
     0.004717
    0.0047125
    0.0047081
    0.0047037
    0.0056391
    0.0056338
    0.0056285
    0.0056232
     0.005618
    0.0056127
    0.0056075
    0.0056022
     0.005597
    0.0055918
    0.0055866
    0.0055814
    0.0055762
     0.005571
    0.0055659
    0.0055607
    0.0055556
    0.0055504
    0.0055453
    0.0055402
    0.0055351
      0.00553
    0.0055249
    0.0055198
    0.0055147
    0.0055096
     0.006422
    0.0064161
    0.0064103
    0.0064044
    0.0063985
    0.0063927
    0.0063869
     0.006381
    0.0063752
    0.0063694
    0.0063636
