     ACCEPTANCE:
      0.65347
      0.65686
      0.66019
      0.66346
      0.66667
      0.66038
      0.66355
      0.66667
      0.66972
      0.67273
      0.67568
      0.67857
      0.68142
      0.68421
      0.67826
      0.67241
      0.67521
      0.67797
      0.67227
      0.66667
      0.66116
      0.66393
      0.66667
      0.66129
        0.656
      0.65873
      0.65354
      0.65625
      0.65891
      0.66154
      0.66412
      0.66667
      0.66917
      0.67164
      0.67407
      0.67647
      0.67883
      0.68116
      0.68345
      0.68571
      0.68085
      0.67606
      0.67832
      0.68056
      0.68276
      0.67808
      0.68027
      0.68243
      0.68456
      0.68667
      0.68874
      0.68421
      0.68627
      0.68831
      0.69032
       0.6859
       0.6879
      0.68987
      0.69182
      0.69375
      0.69565
      0.69753
      0.69939
      0.70122
      0.70303
       0.6988
       0.7006
      0.70238
      0.69822
          0.7
      0.69591
      0.69767
      0.69942
      0.70115
      0.70286
      0.70455
      0.70621
      0.70787
      0.70391
      0.70556
      0.70718
       0.7033
      0.69945
      0.70109
       0.7027
       0.7043
      0.70588
      0.70745
       0.7037
      0.70526
      0.70157
      0.69792
       0.6943
      0.69588
      0.69231
      0.69388
      0.69543
      0.69697
      0.69849
          0.7
      0.70149
      0.70297
      0.70443
      0.70588
      0.70732
      0.70874
      0.71014
      0.71154
      0.71292
      0.70952
       0.7109
      0.70755
      0.70892
      0.70561
      0.70233
       0.7037
      0.70046
      0.70183
       0.7032
          0.7
      0.69683
       0.6982
      0.69507
      0.69196
      0.68889
      0.69027
      0.68722
       0.6886
      0.68996
       0.6913
      0.68831
      0.68966
       0.6867
      0.68803
      0.68936
      0.69068
      0.69198
      0.69328
      0.69038
       0.6875
       0.6888
      0.69008
      0.69136
      0.69262
      0.69388
      0.69512
      0.69231
      0.69355
      0.69076
        0.692
      0.68924
      0.69048
      0.68775
      0.68504
      0.68627
      0.68359
      0.68482
      0.68605
       0.6834
      0.68077
      0.68199
      0.67939
      0.68061
      0.67803
      0.67547
      0.67669
      0.67416
      0.67164
      0.67286
      0.67037
      0.67159
      0.66912
      0.66667
      0.66788
      0.66909
      0.66667
      0.66787
      0.66906
      0.66667
      0.66786
      0.66904
      0.67021
      0.66784
      0.66901
      0.67018
      0.67133
      0.67247
      0.67014
      0.67128
      0.67241
      0.67354
      0.67123
      0.66894
      0.66667
       0.6678
      0.66892
      0.67003
      0.67114
      0.67224
         0.67
       0.6711
      0.67219
      0.67327
      0.67105
      0.67213
       0.6732
      0.67101
      0.66883
      0.66667
      0.66452
      0.66238
      0.66026
      0.66134
      0.65924
      0.66032
      0.66139
      0.66246
      0.66038
      0.66144
       0.6625
      0.66355
       0.6646
      0.66254
      0.66049
      0.66154
      0.65951
      0.65749
      0.65854
      0.65957
      0.65758
      0.65861
      0.65964
      0.65766
      0.65569
      0.65672
      0.65476
      0.65579
      0.65385
      0.65487
      0.65588
      0.65689
      0.65497
      0.65306
      0.65116
      0.64928
       0.6474
      0.64841
      0.64943
      0.65043
      0.64857
      0.64672
      0.64773
      0.64589
      0.64407
      0.64225
      0.64326
      0.64426
      0.64525
      0.64624
      0.64722
       0.6482
      0.64917
      0.65014
       0.6511
      0.64932
      0.64754
       0.6485
      0.64674
       0.6477
      0.64865
       0.6469
      0.64516
      0.64343
      0.64171
      0.64267
      0.64362
      0.64456
      0.64286
      0.64116
      0.63947
       0.6378
      0.63874
      0.63708
      0.63542
      0.63377
      0.63472
      0.63566
       0.6366
      0.63753
       0.6359
      0.63683
       0.6352
      0.63613
      0.63452
      0.63291
      0.63131
      0.62972
      0.62814
      0.62657
        0.625
      0.62594
      0.62438
      0.62531
      0.62624
      0.62469
      0.62562
      0.62408
        0.625
      0.62347
      0.62195
      0.62044
      0.62136
      0.61985
      0.62077
      0.61928
      0.62019
       0.6211
      0.62201
      0.62053
      0.62143
      0.62233
      0.62085
      0.62175
      0.62028
      0.62118
      0.61972
      0.62061
       0.6215
      0.62238
      0.62326
      0.62181
      0.62269
      0.62356
      0.62442
      0.62529
      0.62615
      0.62471
      0.62557
      0.62415
        0.625
      0.62358
      0.62217
      0.62077
      0.62162
      0.62022
      0.61883
      0.61969
      0.62054
      0.62138
         0.62
      0.62084
      0.62168
      0.62252
      0.62115
      0.61978
      0.62061
      0.62144
      0.62009
      0.61874
      0.61739
      0.61822
      0.61688
      0.61771
      0.61853
      0.61935
      0.61803
       0.6167
      0.61752
      0.61834
      0.61915
      0.61996
      0.62076
      0.62156
      0.62236
      0.62316
      0.62185
      0.62055
      0.62134
      0.62004
      0.62083
      0.62162
      0.62241
      0.62319
      0.62397
      0.62474
      0.62551
      0.62628
      0.62705
      0.62577
      0.62653
      0.62729
      0.62805
       0.6288
      0.62955
       0.6303
      0.63105
      0.62978
      0.63052
      0.63126
        0.632
      0.63074
      0.63147
      0.63022
      0.62897
      0.62772
      0.62648
      0.62525
      0.62598
      0.62672
      0.62745
      0.62818
      0.62695
      0.62768
       0.6284
      0.62718
      0.62791
      0.62863
      0.62934
      0.62813
      0.62692
      0.62572
      0.62452
      0.62333
      0.62214
      0.62095
      0.62167
      0.62239
      0.62121
      0.62004
      0.62075
      0.62147
       0.6203
      0.61914
      0.61985
      0.62056
      0.62127
      0.62011
      0.62082
      0.62152
      0.62222
      0.62107
      0.62177
      0.62247
      0.62316
      0.62385
      0.62271
       0.6234
      0.62409
      0.62477
      0.62545
      0.62613
      0.62681
      0.62749
      0.62635
      0.62523
       0.6259
      0.62478
      0.62545
      0.62612
        0.625
      0.62389
      0.62278
      0.62345
      0.62411
      0.62478
      0.62544
      0.62434
        0.625
      0.62566
      0.62632
      0.62522
      0.62413
      0.62478
      0.62544
      0.62609
      0.62674
      0.62738
      0.62803
      0.62694
      0.62759
      0.62651
      0.62543
      0.62607
      0.62671
      0.62735
      0.62799
      0.62862
      0.62755
      0.62818
      0.62712
      0.62606
        0.625
      0.62395
      0.62458
      0.62521
      0.62584
      0.62479
      0.62375
       0.6227
      0.62167
       0.6223
      0.62292
      0.62189
      0.62252
      0.62314
      0.62211
      0.62109
      0.62171
      0.62069
      0.61967
      0.61866
      0.61765
      0.61827
      0.61726
      0.61626
      0.61526
      0.61588
      0.61489
      0.61389
      0.61452
      0.61514
      0.61576
      0.61477
      0.61538
       0.6144
      0.61342
      0.61404
      0.61465
      0.61367
      0.61429
       0.6149
      0.61392
      0.61295
      0.61199
       0.6126
      0.61164
      0.61068
      0.60972
      0.60876
      0.60938
      0.60842
      0.60748
      0.60809
      0.60714
      0.60775
      0.60836
      0.60896
      0.60802
      0.60863
      0.60769
      0.60829
       0.6089
      0.60949
      0.61009
      0.61069
      0.61128
      0.61035
      0.60942
      0.61002
      0.61061
      0.60968
      0.60876
      0.60935
      0.60843
      0.60752
      0.60811
       0.6072
      0.60778
      0.60688
      0.60746
      0.60656
      0.60714
      0.60773
      0.60682
      0.60741
      0.60651
      0.60561
      0.60619
       0.6053
      0.60588
      0.60499
      0.60411
      0.60322
      0.60234
      0.60146
      0.60058
      0.60116
      0.60029
      0.60087
      0.60145
      0.60058
      0.59971
      0.60029
      0.60086
      0.60144
      0.60201
      0.60258
      0.60172
      0.60086
      0.60143
        0.602
      0.60114
      0.60171
      0.60227
      0.60142
      0.60198
      0.60255
      0.60311
      0.60367
      0.60423
      0.60478
      0.60393
      0.60449
      0.60504
      0.60559
      0.60615
      0.60669
      0.60724
       0.6064
      0.60694
       0.6061
      0.60665
      0.60581
      0.60497
      0.60552
      0.60606
       0.6066
      0.60714
      0.60631
      0.60685
      0.60739
      0.60656
      0.60709
      0.60763
      0.60816
       0.6087
      0.60923
      0.60976
      0.61028
      0.61081
      0.61134
      0.61051
      0.61104
      0.61022
       0.6094
      0.60858
      0.60776
      0.60695
      0.60748
        0.608
      0.60719
      0.60638
      0.60558
       0.6061
      0.60662
      0.60582
      0.60502
      0.60554
      0.60606
      0.60526
      0.60578
       0.6063
       0.6055
      0.60471
      0.60392
      0.60444
      0.60495
      0.60547
      0.60598
      0.60649
        0.607
      0.60751
      0.60802
      0.60853
      0.60903
      0.60825
      0.60875
      0.60797
      0.60847
      0.60769
      0.60819
      0.60742
      0.60792
      0.60842
      0.60892
      0.60941
      0.60991
      0.61041
       0.6109
      0.61139
      0.61188
      0.61237
      0.61286
      0.61335
      0.61258
      0.61181
       0.6123
      0.61278
      0.61327
      0.61375
      0.61423
      0.61471
      0.61395
      0.61318
      0.61366
      0.61414
      0.61338
      0.61386
      0.61434
      0.61481
      0.61529
      0.61576
      0.61624
      0.61548
      0.61595
       0.6152
      0.61567
      0.61614
      0.61538
      0.61585
      0.61632
      0.61679
      0.61725
       0.6165
      0.61576
      0.61622
      0.61669
      0.61594
      0.61641
      0.61566
      0.61492
      0.61418
      0.61465
      0.61511
      0.61437
      0.61483
      0.61529
      0.61575
      0.61621
      0.61667
      0.61712
      0.61639
      0.61566
      0.61611
      0.61657
      0.61702
      0.61747
      0.61792
      0.61837
      0.61882
      0.61927
      0.61972
      0.61899
      0.61944
      0.61988
      0.61916
      0.61844
      0.61772
      0.61816
      0.61744
      0.61789
      0.61833
      0.61761
       0.6169
      0.61734
      0.61778
      0.61707
      0.61751
      0.61795
      0.61724
      0.61768
      0.61697
      0.61741
       0.6167
        0.616
      0.61644
      0.61574
      0.61503
      0.61433
      0.61364
      0.61294
      0.61338
      0.61382
      0.61425
      0.61469
        0.614
      0.61443
      0.61374
      0.61417
      0.61348
      0.61279
      0.61211
      0.61254
      0.61298
      0.61341
      0.61272
      0.61315
      0.61359
       0.6129
      0.61222
      0.61154
      0.61197
       0.6113
      0.61173
      0.61215
      0.61148
      0.61191
      0.61123
      0.61056
      0.61099
      0.61142
      0.61184
      0.61117
       0.6116
      0.61202
      0.61245
      0.61178
      0.61111
      0.61153
      0.61196
      0.61238
      0.61171
      0.61213
      0.61147
      0.61081
      0.61015
      0.61057
      0.61099
      0.61033
      0.61075
      0.61117
      0.61159
        0.612
      0.61242
      0.61283
      0.61218
      0.61153
      0.61087
      0.61129
       0.6117
      0.61211
      0.61253
      0.61188
      0.61229
      0.61164
      0.61205
      0.61246
      0.61181
      0.61222
      0.61263
      0.61199
      0.61239
      0.61175
      0.61216
      0.61257
      0.61192
      0.61233
      0.61273
      0.61314
       0.6125
       0.6129
      0.61331
      0.61371
      0.61411
      0.61451
      0.61491
      0.61531
      0.61467
      0.61404
      0.61443
       0.6138
       0.6142
      0.61459
      0.61499
      0.61538
      0.61578
      0.61617
      0.61656
      0.61593
      0.61633
      0.61672
      0.61609
      0.61648
      0.61687
      0.61726
      0.61765
      0.61803
      0.61741
       0.6178
      0.61818
      0.61756
      0.61694
      0.61631
       0.6167
      0.61608
      0.61647
      0.61685
      0.61623
      0.61562
        0.616
      0.61538
      0.61577
      0.61515
      0.61554
      0.61493
      0.61431
       0.6137
       0.6131
      0.61348
      0.61287
      0.61325
      0.61364
      0.61402
      0.61341
      0.61281
      0.61319
      0.61357
      0.61395
      0.61433
      0.61471
       0.6141
       0.6135
       0.6129
       0.6123
      0.61268
      0.61306
      0.61344
      0.61381
      0.61322
      0.61359
      0.61397
      0.61434
      0.61471
      0.61509
      0.61449
       0.6139
      0.61331
      0.61368
      0.61405
      0.61442
      0.61383
      0.61324
      0.61361
      0.61398
       0.6134
      0.61377
      0.61414
       0.6145
      0.61392
      0.61429
       0.6137
      0.61312
      0.61349
      0.61385
      0.61327
      0.61269
      0.61306
      0.61248
      0.61284
      0.61321
      0.61357
      0.61394
      0.61336
      0.61372
      0.61408
      0.61445
      0.61387
      0.61423
      0.61459
      0.61402
      0.61345
      0.61287
      0.61323
      0.61359
      0.61395
      0.61431
      0.61467
      0.61503
      0.61538
      0.61481
      0.61425
      0.61368
      0.61311
      0.61255
       0.6129
      0.61234
       0.6127
      0.61305
      0.61249
      0.61284
       0.6132
      0.61355
      0.61299
      0.61335
       0.6137
      0.61314
      0.61258
      0.61293
      0.61328
      0.61364
